1675408464617711930
1675408464663120471
1675408464729150107
1675408464768996617
1675408464810207451
1675408464851779221
1675408464889585003
1675408464938254013
1675408464989446930
1675408465029107711
1675408465069347919
1675408465118715836
1675408465152994482
1675408465198734690
1675408465228887815
1675408465289588388
1675408465332993388
1675408465369213700
1675408465408806461
1675408465469499273
1675408465508800836
1675408465529433700
1675408465589948284
1675408465629460315
1675408465669882294
1675408465729239429
1675408465769590836
1675408465796330992
1675408465869490471
1675408465909593336
1675408465930115002
1675408465970184898
1675408466029345471
1675408466069601877
1675408466116579950
1675408466169679846
1675408466209841877
1675408466251011408
1675408466291634794
1675408466332440471
1675408466389501460
1675408466429843335
1675408466469212814
1675408466492633856
1675408466549307346
1675408466594149064
1675408466630029221
1675408466689643127
1675408466728867189
1675408466769835991
1675408466814357658
1675408466850111773
1675408466901302971
1675408466949302137
1675408466975236043
1675408467029394533
1675408467069220991
1675408467109175470
1675408467169201408
1675408467208886512
1675408467236567085
1675408467276522397
1675408467329084325
1675408467369044116
1675408467416159220
1675408467469924481
1675408467509511356
1675408467556963179
1675408467598313022
1675408467632703908
1675408467671817241
1675408467732294220
1675408467772378126
1675408467809517554
1675408467869199897
1675408467899337345
1675408467932617814
1675408467989125158
1675408468029742970
1675408468071350262
1675408468129063595
1675408468149790887
1675408468209622137
1675408468249924220
1675408468286925418
1675408468330446980
1675408468374942605
1675408468409949741
1675408468469224324
1675408468508863022
1675408468549205314
1675408468609811616
1675408468650525574
1675408468669146251
1675408468716521407
1675408468771111616
1675408468810139064
1675408468857116095
1675408468909246511
1675408468949100834
1675408468989359428
1675408469038866303
1675408469078372032
1675408469129404480
1675408469169589741
1675408469209393959
1675408469249103803
1675408469272901303
1675408469328782136
1675408469372897605
1675408469428681459
1675408469469074063
1675408469508988647
1675408469569310730
1675408469589573855
1675408469649574532
1675408469689156042
1675408469727119219
1675408469770386980
1675408469809938855
1675408469849687813
1675408469909408126
1675408469949168855
1675408469969642032
1675408470036107188
1675408470069784219
1675408470109346771
1675408470169043178
1675408470209128021
1675408470249159011
1675408470290513178
1675408470348916563
1675408470389140521
1675408470429153230
1675408470469439636
1675408470513891250
1675408470551891823
1675408470608808490
1675408470648916980
1675408470679814688
1675408470733333282
1675408470769015313
1675408470808835313
1675408470868986823
1675408470889260521
1675408470948876407
1675408470993970781
1675408471029270834
1675408471070485573
1675408471110189948
1675408471155930052
1675408471209011771
1675408471249136927
1675408471288999583
1675408471349027813
1675408471388841823
1675408471409155208
1675408471449625677
1675408471509578490
1675408471549105625
1675408471609411667
1675408471649366667
1675408471689115521
1675408471730206302
1675408471772119531
1675408471828812969
1675408471869273333
1675408471909508177
1675408471949886302
1675408471992348073
1675408472049482500
1675408472073289062
1675408472108773750
1675408472173619062
1675408472209003177
1675408472248936302
1675408472309130625
1675408472329425052
1675408472369440416
1675408472429087239
1675408472461739479
1675408472509606979
1675408472549650208
1675408472589387083
1675408472649509479
1675408472689229948
1675408472729402239
1675408472769306614
1675408472816816197
1675408472849953177
1675408472909269218
1675408472949346874
1675408472989234531
1675408473048941041
1675408473089655104
1675408473129065208
1675408473170939218
1675408473212432499
1675408473252271406
1675408473293020208
1675408473349622499
1675408473389233645
1675408473429439218
1675408473480141406
1675408473513437395
1675408473549412239
1675408473609167655
1675408473633555572
1675408473689048124
1675408473729323801
1675408473768692239
1675408473808878593
1675408473854666041
1675408473889606457
1675408473949531041
1675408473989163489
1675408474029311197
1675408474088820728
1675408474129273228
1675408474156922551
1675408474208937916
1675408474249068645
1675408474290336874
1675408474348982447
1675408474388845780
1675408474428615884
1675408474468805103
1675408474529090832
1675408474569340051
1675408474610916770
1675408474652897291
1675408474692433228
1675408474749069634
1675408474789175728
1675408474829014843
1675408474856653436
1675408474888988540
1675408474939944530
1675408474999630988
1675408475028786509
1675408475069365415
1675408475114725572
1675408475168941353
1675408475208990259
1675408475249076509
1675408475289324738
1675408475329148592
1675408475389120884
1675408475429653228
1675408475469398905
1675408475529374061
1675408475549667551
1675408475596968071
1675408475650362238
1675408475689187446
1675408475728864946
1675408475789579061
1675408475829003123
1675408475869223123
1675408475908935155
1675408475959029998
1675408476008808696
1675408476049196925
1675408476092970155
1675408476131381821
1675408476169258592
1675408476229420571
1675408476260201352
1675408476293533592
1675408476348997550
1675408476368645727
1675408476429156248
1675408476473689738
1675408476509144477
1675408476549679634
1675408476608697342
1675408476635853540
1675408476689323800
1675408476729645571
1675408476769530363
1675408476829752133
1675408476868854738
1675408476908592967
1675408476957402863
1675408476989765571
1675408477036171300
1675408477077138852
1675408477128932185
1675408477168936456
1675408477228970206
1675408477269028227
1675408477309356352
1675408477349343279
1675408477398900154
1675408477438972342
1675408477469221769
1675408477529339529
1675408477572536144
1675408477609763696
1675408477633244477
1675408477709195414
1675408477733461612
1675408477788854008
1675408477809173227
1675408477849474893
1675408477909108956
1675408477949237914
1675408477989424633
1675408478029209685
1675408478075602498
1675408478128945727
1675408478169452289
1675408478209457341
1675408478269151404
1675408478309071768
1675408478329829372
1675408478396653070
1675408478430544893
1675408478469806977
1675408478529043383
1675408478569195154
1675408478609100310
1675408478650775466
1675408478709321299
1675408478749402289
1675408478788910414
1675408478829568226
1675408478879422028
1675408478928869372
1675408478969126508
1675408479009112862
1675408479040239372
1675408479088889476
1675408479113197445
1675408479168983018
1675408479228417705
1675408479248784268
1675408479289241143
1675408479349056299
1675408479389073643
1675408479428974789
1675408479469436039
1675408479515820205
1675408479569133851
1675408479609045049
1675408479648941976
1675408479708956924
1675408479736869736
1675408479770442549
1675408479828364684
1675408479870580726
1675408479908844632
1675408479969258955
1675408480008949476
1675408480048583486
1675408480090983695
1675408480132525622
1675408480189146611
1675408480229368695
1675408480269574788
1675408480309430882
1675408480359404736
1675408480389044424
1675408480448881299
1675408480468864945
1675408480528896507
1675408480553970986
1675408480628309632
1675408480648612601
1675408480688709580
1675408480729647132
1675408480769044528
1675408480809385517
1675408480868900205
1675408480909564736
1675408480948828069
1675408481009922965
1675408481049992288
1675408481088968903
1675408481128868903
1675408481177058278
1675408481210607809
1675408481268436403
1675408481308927392
1675408481357455361
1675408481388972600
1675408481448385309
1675408481488712757
1675408481528446194
1675408481572499007
1675408481612695205
1675408481668301663
1675408481708949267
1675408481748906767
1675408481789055621
1675408481828873121
1675408481889033486
1675408481908537131
1675408481968967861
1675408481994311871
1675408482034751923
1675408482089007444
1675408482128966506
1675408482169335777
1675408482208735152
1675408482249215933
1675408482309053277
1675408482348862965
1675408482389077496
1675408482448876402
1675408482489804944
1675408482517012704
1675408482570154579
1675408482608752912
1675408482650843642
1675408482708558173
1675408482748410048
1675408482788751454
1675408482828611037
1675408482888702339
1675408482929257079
1675408482968860412
1675408483012963694
1675408483052922912
1675408483108708850
1675408483128836610
1675408483188576819
1675408483218009162
1675408483248996610
1675408483301354839
1675408483368834527
1675408483388871558
1675408483429156402
1675408483475212339
1675408483515156506
1675408483568910881
1675408483609608329
1675408483649192756
1675408483689502912
1675408483749467443
1675408483796062027
1675408483836425933
1675408483888405516
1675408483910148693
1675408483957399006
1675408484011226818
1675408484049198120
1675408484089077131
1675408484148939526
1675408484189034422
1675408484228792756
1675408484269092756
1675408484319372860
1675408484368783641
1675408484408991610
1675408484449523068
1675408484493084787
1675408484528785151
1675408484569004943
1675408484628769683
1675408484654475933
1675408484708768953
1675408484728660412
1675408484808453485
1675408484829038485
1675408484869067755
1675408484908914474
1675408484955189162
1675408484996142130
1675408485049289995
1675408485089075255
1675408485129805359
1675408485189267859
1675408485228756297
1675408485276694891
1675408485317343641
1675408485351238172
1675408485389110411
1675408485451344213
1675408485488786453
1675408485530789786
1675408485569291557
1675408485629002338
1675408485669016922
1675408485708788797
1675408485749484734
1675408485799500047
1675408485849216245
1675408485869239526
1675408485928458692
1675408485969069734
1675408486008775099
1675408486069026036
1675408486109068744
1675408486128687651
1675408486169012651
1675408486209140307
1675408486269029526
1675408486308588536
1675408486349348849
1675408486389495671
1675408486436331349
1675408486490340307
1675408486530340046
1675408486588563223
1675408486628587234
1675408486668977651
1675408486690763536
1675408486757815463
1675408486791292911
1675408486828645984
1675408486888717442
1675408486928970202
1675408486969215515
1675408487011465515
1675408487069034265
1675408487108989057
1675408487149915307
1675408487189282546
1675408487229211348
1675408487288992807
1675408487308954057
1675408487369332181
1675408487401105411
1675408487448775359
1675408487474647181
1675408487548914421
1675408487569455671
1675408487608630306
1675408487649119265
1675408487689330306
1675408487748920723
1675408487796323900
1675408487849077546
1675408487888841088
1675408487930064994
1675408487970517442
1675408488009001556
1675408488068313327
1675408488097595619
1675408488130948796
1675408488188778952
1675408488231149317
1675408488268953223
1675408488328667806
1675408488368774837
1675408488408788900
1675408488451827910
1675408488493334316
1675408488548853900
1675408488588458587
1675408488609084629
1675408488668990514
1675408488708773014
1675408488748947546
1675408488808718275
1675408488849003535
1675408488874576556
1675408488915023952
1675408488988240410
1675408489008549993
1675408489048824733
1675408489088653431
1675408489129545045
1675408489169584108
1675408489236415879
1675408489276397181
1675408489328912129
1675408489369049889
1675408489410339577
1675408489448914889
1675408489491090045
1675408489538130254
1675408489571252806
1675408489628702129
1675408489668626868
1675408489708918170
1675408489768605253
1675408489808978014
1675408489848656764
1675408489892100722
1675408489933380722
1675408489973152337
1675408490028345722
1675408490049304055
1675408490108697545
1675408490148919420
1675408490188661503
1675408490248261868
1675408490288894316
1675408490308955201
1675408490354978587
1675408490395079680
1675408490449019212
1675408490489032701
1675408490548684628
1675408490588917128
1675408490628910878
1675408490669236920
1675408490717187284
1675408490749239316
1675408490809028951
1675408490848623951
1675408490877576972
1675408490931581763
1675408490968611503
1675408491014680670
1675408491048438274
1675408491108918274
1675408491149023534
1675408491198724368
1675408491248629211
1675408491288227857
1675408491328671242
1675408491353929732
1675408491408751399
1675408491449084992
1675408491493900201
1675408491548723013
1675408491589309211
1675408491608831347
1675408491661514680
1675408491728923117
1675408491748752961
1675408491788844628
1675408491835936711
1675408491875948742
1675408491928661815
1675408491969631294
1675408492028862336
1675408492068861711
1675408492108915565
1675408492149300878
1675408492196842961
1675408492249095565
1675408492271654315
1675408492318045044
1675408492371907492
1675408492408714940
1675408492448934784
1675408492508409107
1675408492549049002
1675408492588694471
1675408492628990773
1675408492679946086
1675408492728722232
1675408492768787179
1675408492789056711
1675408492849234992
1675408492888961763
1675408492928498481
1675408492988726190
1675408493029011867
1675408493049026658
1675408493088748013
1675408493168534888
1675408493188971711
1675408493228704158
1675408493288844471
1675408493328830669
1675408493369401450
1675408493410012700
1675408493450771190
1675408493490997908
1675408493549199210
1675408493588888221
1675408493628843117
1675408493678012908
1675408493711428273
1675408493755271502
1675408493798680148
1675408493848930044
1675408493892036606
1675408493928487127
1675408493988902075
1675408494028693377
1675408494068450148
1675408494088966398
1675408494154103064
1675408494194161918
1675408494229002596
1675408494288878585
1675408494328204314
1675408494354564262
1675408494428612543
1675408494468512231
1675408494488920460
1675408494528645720
1675408494569570095
1675408494628615356
1675408494668426970
1675408494728836606
1675408494768231710
1675408494808842387
1675408494850423637
1675408494890748272
1675408494948823012
1675408494988871658
1675408495028560981
1675408495053771137
1675408495088911449
1675408495151892387
1675408495188868585
1675408495248423533
1675408495288546970
1675408495328718064
1675408495372715512
1675408495408556762
1675408495460054262
1675408495508383272
1675408495529249158
1675408495589160668
1675408495629176762
1675408495668325095
1675408495728356710
1675408495768722647
1675408495794937595
1675408495835291553
1675408495908936189
1675408495929454730
1675408495969246866
1675408496028514262
1675408496068786918
1675408496117914678
1675408496158336293
1675408496208406970
1675408496248457282
1675408496290734053
1675408496330618897
1675408496368283897
1675408496428471397
1675408496458110511
1675408496492051345
1675408496548310772
1675408496592023480
1675408496628387647
1675408496688767803
1675408496728590824
1675408496768822386
1675408496812675824
1675408496844705095
1675408496888426084
1675408496937412855
1675408496968901970
1675408497028665459
1675408497068434417
1675408497108799574
1675408497168472907
1675408497208416188
1675408497228418271
1675408497275306813
1675408497348101709
1675408497368478219
1675408497409065719
1675408497468565771
1675408497508780823
1675408497548597021
1675408497597335198
1675408497637051188
1675408497688821448
1675408497729393532
1675408497770766865
1675408497808736292
1675408497851201292
1675408497888585980
1675408497934919886
1675408497975046865
1675408498028448219
1675408498069007854
1675408498128685927
1675408498148379313
1675408498208552750
1675408498248210459
1675408498285305615
1675408498328945719
1675408498369207334
1675408498408782073
1675408498468387386
1675408498508622542
1675408498528662229
1675408498608462021
1675408498648342386
1675408498668189781
1675408498715532229
1675408498768434833
1675408498808594052
1675408498848591344
1675408498908578323
1675408498948946083
1675408498988900146
1675408499028580719
1675408499077183062
1675408499128794156
1675408499168621083
1675408499208783010
1675408499238238531
1675408499291897125
1675408499328838427
1675408499368790510
1675408499428404000
1675408499468462021
1675408499508749469
1675408499559377541
1675408499588399989
1675408499633630198
1675408499688332646
1675408499726331135
1675408499769109833
1675408499808846864
1675408499848701604
1675408499908548843
1675408499948843323
1675408499968695458
1675408500008782802
1675408500088139260
1675408500108473375
1675408500148263531
1675408500208236083
1675408500248475145
1675408500289682854
1675408500330410354
1675408500388641760
1675408500428517593
1675408500468752020
1675408500509011447
1675408500557228322
1675408500608380354
1675408500631957072
1675408500668630249
1675408500732395197
1675408500768174572
1675408500808535145
1675408500868124624
1675408500888585926
1675408500948507385
1675408500988591239
1675408501020547124
1675408501068758895
1675408501109082853
1675408501149107228
1675408501208436968
1675408501248329572
1675408501288741135
1675408501348707697
1675408501388663843
1675408501409025562
1675408501448796134
1675408501508724207
1675408501548741759
1675408501608520457
1675408501648557384
1675408501689012176
1675408501729798426
1675408501771179207
1675408501810659311
1675408501868083947
1675408501909229155
1675408501948785770
1675408501988378113
1675408502038261968
1675408502071813530
1675408502108502072
1675408502168857905
1675408502208361134
1675408502248214155
1675408502308394467
1675408502328853790
1675408502388587176
1675408502428546811
1675408502449002176
1675408502508809988
1675408502549050092
1675408502588883478
1675408502648498009
1675408502688417280
1675408502715273582
1675408502788426499
1675408502828548894
1675408502849316342
1675408502889746342
1675408502948983738
1675408502988511186
1675408503036847905
1675408503088158634
1675408503128691134
1675408503168525821
1675408503211313425
1675408503250951446
1675408503308693582
1675408503348902384
1675408503388826082
1675408503411977905
1675408503468730405
1675408503512424519
1675408503548519727
1675408503608314102
1675408503628859779
1675408503688748373
1675408503728696863
1675408503768870248
1675408503809100456
1675408503854457279
1675408503889188894
1675408503948969675
1675408503989050404
1675408504028693373
1675408504088863477
1675408504129021133
1675408504156077488
1675408504196872852
1675408504248880769
1675408504288553842
1675408504348490717
1675408504388553633
1675408504428643633
1675408504476824310
1675408504517853425
1675408504568394362
1675408504608864675
1675408504652393112
1675408504691487696
1675408504728741602
1675408504788203060
1675408504818656289
1675408504852511914
1675408504908764779
1675408504948820873
1675408504988497331
1675408505048816550
1675408505068656862
1675408505128241393
1675408505168458581
1675408505194574466
1675408505249314310
1675408505295078633
1675408505328581914
1675408505388697904
1675408505428449102
1675408505468351185
1675408505528693893
1675408505568265977
1675408505588548008
1675408505636395456
1675408505688490300
1675408505728440977
1675408505788312331
1675408505828146549
1675408505868050977
1675408505908695977
1675408505958208529
1675408505991835768
1675408506031806914
1675408506088731706
1675408506132014101
1675408506168459778
1675408506212715612
1675408506248536914
1675408506293368893
1675408506348662122
1675408506368258372
1675408506429068424
1675408506474860039
1675408506508326133
1675408506548633841
1675408506601456497
1675408506634415143
1675408506689373841
1675408506728978112
1675408506769274362
1675408506828352851
1675408506868426914
1675408506888741445
1675408506956205507
1675408506990839414
1675408507028434778
1675408507088070039
1675408507128647903
1675408507168460716
1675408507209805924
1675408507267985507
1675408507308603007
1675408507348656809
1675408507388948788
1675408507438034882
1675408507488267226
1675408507528308320
1675408507568416288
1675408507599434882
1675408507652619622
1675408507688243163
1675408507728312434
1675408507788461757
1675408507808983892
1675408507868665820
1675408507908467434
1675408507948510194
1675408507989115038
1675408508029046549
1675408508075149986
1675408508128314517
1675408508168975611
1675408508208497538
1675408508268656496
1675408508295993111
1675408508329488892
1675408508388400976
1675408508429931809
1675408508468476236
1675408508528636913
1675408508568209048
1675408508610052069
1675408508648486809
1675408508691379361
1675408508748765923
1675408508788479621
1675408508829007277
1675408508868780350
1675408508918388736
1675408508968228371
1675408508999343996
1675408509032237434
1675408509079789413
1675408509113009569
1675408509173059725
1675408509209013006
1675408509248803579
1675408509289603215
1675408509348100090
1675408509380931236
1675408509429342173
1675408509468882433
1675408509510242642
1675408509569671861
1675408509608292850
1675408509648398840
1675408509688870350
1675408509736561183
1675408509776339673
1675408509809617329
1675408509868621496
1675408509908415090
1675408509968348944
1675408510008730350
1675408510048685558
1675408510090726756
1675408510131713423
1675408510171897121
1675408510228002798
1675408510268658735
1675408510308646652
1675408510348691339
1675408510398958891
1675408510433104673
1675408510468734881
1675408510528663475
1675408510553552485
1675408510613913318
1675408510648533579
1675408510688918371
1675408510729005350
1675408510768946235
1675408510808628839
1675408510868905506
1675408510908496548
1675408510949232329
1675408511008495662
1675408511048949620
1675408511083167016
1675408511128772172
1675408511168610350
1675408511210402537
1675408511268537954
1675408511308597693
1675408511348775974
1675408511396593579
1675408511448860141
1675408511488483474
1675408511530743058
1675408511572232276
1675408511612086912
1675408511668104776
1675408511708422016
1675408511748499933
1675408511772499203
1675408511828455505
1675408511859744933
1675408511908460245
1675408511968027849
1675408511988722068
1675408512034361287
1675408512088312641
1675408512128408266
1675408512168905870
1675408512208741391
1675408512248280245
1675408512308690766
1675408512348429880
1675408512388656495
1675408512448290037
1675408512469353266
1675408512516293786
1675408512569740505
1675408512608189672
1675408512648394464
1675408512708568786
1675408512748368161
1675408512788349411
1675408512828180193
1675408512878137068
1675408512928495661
1675408512968286495
1675408513012321703
1675408513052028630
1675408513088148213
1675408513148156547
1675408513179885088
1675408513213104463
1675408513268763057
1675408513288951338
1675408513368280922
1675408513388407744
1675408513428524203
1675408513468672328
1675408513514163526
1675408513554915817
1675408513608718526
1675408513648419463
1675408513688787224
1675408513748975505
1675408513788202796
1675408513835804098
1675408513876122953
1675408513909743786
1675408513948740505
1675408514010084203
1675408514048193057
1675408514088442223
1675408514148297015
1675408514188374671
1675408514228429411
1675408514268396234
1675408514308283577
1675408514358745869
1675408514408245661
1675408514448575400
1675408514492748786
1675408514528349671
1675408514568034775
1675408514628390557
1675408514653363890
1675408514708542952
1675408514728274984
1675408514768424098
1675408514840087900
1675408514868449879
1675408514908512119
1675408514948503369
1675408514995144879
1675408515048541650
1675408515088832796
1675408515129110608
1675408515188514515
1675408515228108525
1675408515249470035
1675408515316483525
1675408515350166129
1675408515388094306
1675408515448569358
1675408515490205140
1675408515528306598
1675408515568304202
1675408515628146337
1675408515668315087
1675408515707986233
1675408515748539410
1675408515798488941
1675408515848517796
1675408515868148212
1675408515928528577
1675408515960258473
1675408516008538733
1675408516033177848
1675408516108375087
1675408516128259775
1675408516168635296
1675408516208840816
1675408516248890400
1675408516308405504
1675408516348848837
1675408516388675608
1675408516428751858
1675408516488872275
1675408516528871597
1675408516568438160
1675408516628592170
1675408516656678733
1675408516689706754
1675408516748476389
1675408516790306597
1675408516828780504
1675408516888053993
1675408516927870451
1675408516968218368
1675408517010961545
1675408517051679879
1675408517108482639
1675408517148448785
1675408517188715660
1675408517228726597
1675408517272585503
1675408517307977378
1675408517368448212
1675408517388323576
1675408517448036701
1675408517473338837
1675408517547765607
1675408517568510295
1675408517608409982
1675408517648849878
1675408517689051337
1675408517728432534
1675408517788410868
1675408517828991284
1675408517868684514
1675408517928880451
1675408517969172534
1675408518007900816
1675408518050095920
1675408518096921076
1675408518130804253
1675408518188276545
1675408518228078888
1675408518270288107
1675408518308657170
1675408518368272430
1675408518408407899
1675408518451591857
1675408518492549461
1675408518532116805
1675408518588252170
1675408518608692690
1675408518668350711
1675408518708448732
1675408518748287534
1675408518808188472
1675408518848492847
1675408518868238992
1675408518914934097
1675408518954572378
1675408519008424357
1675408519048553211
1675408519088432690
1675408519129158680
1675408519169025034
1675408519228679096
1675408519275904513
1675408519328076753
1675408519368362586
1675408519409786076
1675408519436768784
1675408519490653940
1675408519528494878
1675408519570880607
1675408519608537690
1675408519668313003
1675408519708088211
1675408519757311023
1675408519808309565
1675408519848553680
1675408519888287065
1675408519932545815
1675408519973237065
1675408520027956752
1675408520047721336
1675408520108674721
1675408520133834825
1675408520188509721
1675408520220490659
1675408520288531388
1675408520308243159
1675408520348091336
1675408520394964565
1675408520434533627
1675408520488646231
1675408520528773836
1675408520568825554
1675408520609269773
1675408520668740450
1675408520708486908
1675408520756083992
1675408520808677377
1675408520830119981
1675408520877309669
1675408520930749408
1675408520968332950
1675408521008443731
1675408521068422169
1675408521108202429
1675408521148228575
1675408521188359304
1675408521239393262
1675408521288240137
1675408521328429252
1675408521348495294
1675408521408497533
1675408521448033106
1675408521488062689
1675408521548255710
1675408521588395971
1675408521608471752
1675408521648082846
1675408521727882064
1675408521748173210
1675408521788710033
1675408521828768262
1675408521874576387
1675408521915830189
1675408521968982481
1675408522009240814
1675408522068186231
1675408522108747168
1675408522148114668
1675408522189280866
1675408522236932949
1675408522270217324
1675408522316484929
1675408522357281595
1675408522408450554
1675408522448160970
1675408522508008574
1675408522547973626
1675408522588415345
1675408522628448001
1675408522668530501
1675408522719460293
1675408522768222116
1675408522788852064
1675408522848247637
1675408522888508887
1675408522928406439
1675408522988384928
1675408523028284251
1675408523048241699
1675408523088259355
1675408523128725866
1675408523188383626
1675408523228519668
1675408523268347845
1675408523308709564
1675408523356227741
1675408523409437897
1675408523449986803
1675408523508467428
1675408523548217168
1675408523588175293
1675408523610276959
1675408523677120813
1675408523710460918
1675408523747991959
1675408523807947376
1675408523847967532
1675408523888118574
1675408523931743365
1675408523988376543
1675408524028188938
1675408524068456178
1675408524088668574
1675408524148465709
1675408524193590345
1675408524228249928
1675408524288670240
1675408524327532011
1675408524354051438
1675408524394472324
1675408524468354667
1675408524488339563
1675408524528230813
1675408524568497949
1675408524608246699
1675408524668479042
1675408524715783209
1675408524768107948
1675408524808375032
1675408524850312271
1675408524889788834
1675408524927952167
1675408524988035500
1675408525017454823
1675408525052387323
1675408525095004980
1675408525151293157
1675408525188166750
1675408525248423261
1675408525288031959
1675408525328381334
1675408525371504042
1675408525412554979
1675408525448958000
1675408525500195552
1675408525528478782
1675408525588718938
1675408525628047271
1675408525668517271
1675408525728381334
1675408525767994094
1675408525794462688
1675408525834309927
1675408525907851958
1675408525928214667
1675408525968033990
1675408526008661177
1675408526048818313
1675408526088928729
1675408526156378313
1675408526189979042
1675408526229765865
1675408526288768937
1675408526330015396
1675408526368329771
1675408526410669979
1675408526457329302
1675408526490909250
1675408526548292635
1675408526588169302
1675408526628131750
1675408526688134614
1675408526728260396
1675408526768124458
1675408526812094094
1675408526832812531
1675408526888044354
1675408526928609979
1675408526968357323
1675408527028156385
1675408527067894510
1675408527087998156
1675408527168108208
1675408527207903000
1675408527227793468
1675408527274716906
1675408527314983468
1675408527367758416
1675408527408191802
1675408527467914354
1675408527507914562
1675408527547891750
1675408527588587739
1675408527636406958
1675408527688296020
1675408527728322583
1675408527768338729
1675408527805634249
1675408527848312062
1675408527888363051
1675408527931550499
1675408527988384770
1675408528028110447
1675408528068367895
1675408528118409406
1675408528168333989
1675408528208450968
1675408528248174770
1675408528273893624
1675408528328418833
1675408528368258364
1675408528408511697
1675408528468555291
1675408528508227791
1675408528528104249
1675408528581114197
1675408528648083572
1675408528668459874
1675408528708187634
1675408528768376541
1675408528807902843
1675408528848214718
1675408528889622686
1675408528948092270
1675408528987967426
1675408529028596905
1675408529068411436
1675408529108272999
1675408529167935655
1675408529190814874
1675408529228557009
1675408529291762895
1675408529328336697
1675408529368372634
1675408529427719145
1675408529468097218
1675408529508063259
1675408529547813832
1675408529579512686
1675408529633552009
1675408529673798467
1675408529719905499
1675408529768570082
1675408529808327217
1675408529848121644
1675408529908035811
1675408529948011905
1675408529968361332
1675408530007902478
1675408530087880446
1675408530108649040
1675408530148179301
1675408530208274301
1675408530248230498
1675408530289505863
1675408530330540603
1675408530369775811
1675408530428257946
1675408530468641905
1675408530507989769
1675408530548033675
1675408530597749300
1675408530631040342
1675408530668144144
1675408530731170863
1675408530767782946
1675408530808264457
1675408530867651644
1675408530908091748
1675408530948203779
1675408530988066384
1675408531008607425
1675408531073681956
1675408531113381488
1675408531148789613
1675408531208268988
1675408531248240967
1675408531274576436
1675408531348255654
1675408531388064352
1675408531408787686
1675408531448269508
1675408531507879300
1675408531548263988
1675408531595462581
1675408531647971956
1675408531688155863
1675408531729269977
1675408531770550029
1675408531810335133
1675408531867978987
1675408531907872581
1675408531948007321
1675408531970934456
1675408532028281279
1675408532071443831
1675408532107726279
1675408532168048258
1675408532208034039
1675408532247960237
1675408532291860810
1675408532328349039
1675408532379502112
1675408532428064039
1675408532453051279
1675408532508140341
1675408532547968206
1675408532587619612
1675408532647823935
1675408532687644664
1675408532715019091
1675408532755115185
1675408532827820810
1675408532848614925
1675408532888666539
1675408532948244612
1675408532988045706
1675408533035905654
1675408533077233622
1675408533127996852
1675408533168326383
1675408533210723258
1675408533250499404
1675408533287895654
1675408533347999404
1675408533377920393
1675408533411856435
1675408533468128674
1675408533508173622
1675408533548130914
1675408533608100601
1675408533648407320
1675408533688108205
1675408533732378049
1675408533753634820
1675408533808552424
1675408533853649872
1675408533888437372
1675408533948325810
1675408533988632632
1675408534028360549
1675408534088054560
1675408534128073362
1675408534148327112
1675408534195027841
1675408534248137893
1675408534288096695
1675408534348287164
1675408534388637268
1675408534428081382
1675408534468126799
1675408534516497268
1675408534550223413
1675408534591061226
1675408534648397007
1675408534690689091
1675408534727788674
1675408534768453726
1675408534808001643
1675408534851850028
1675408534908060184
1675408534947631070
1675408534987742267
1675408535027998049
1675408535068082215
1675408535128281590
1675408535168259872
1675408535193973934
1675408535248348622
1675408535288728986
1675408535328413361
1675408535388021799
1675408535428059194
1675408535447985965
1675408535527955757
1675408535567905705
1675408535587833309
1675408535628018361
1675408535688051903
1675408535727690340
1675408535768794611
1675408535827875444
1675408535868002632
1675408535908491590
1675408535948100184
1675408535990694298
1675408536031101903
1675408536088028830
1675408536127928205
1675408536158009923
1675408536211737632
1675408536247978257
1675408536288001850
1675408536347995861
1675408536367891850
1675408536428076017
1675408536472445132
1675408536507834975
1675408536548299715
1675408536588359194
1675408536633969038
1675408536688319350
1675408536728319767
1675408536768020496
1675408536827967631
1675408536868076538
1675408536888259038
1675408536928057006
1675408536988642163
1675408537027817371
1675408537087991017
1675408537127353933
1675408537168162527
1675408537209740392
1675408537250389975
1675408537307681850
1675408537348072475
1675408537388393673
1675408537428134923
1675408537477031225
1675408537527979662
1675408537551437787
1675408537598023985
1675408537632083256
1675408537688311277
1675408537727995339
1675408537787957944
1675408537807837631
1675408537867724923
1675408537907549298
1675408537940664246
1675408537988436798
1675408538028249766
1675408538068599141
1675408538128632006
1675408538168093360
1675408538208285079
1675408538268173100
1675408538308064870
1675408538328682787
1675408538368851120
1675408538427995756
1675408538468386693
1675408538528090599
1675408538568039037
1675408538607909870
1675408538649388204
1675408538690566849
1675408538730594558
1675408538788010026
1675408538828285183
1675408538868253412
1675408538908379193
1675408538958278828
1675408538992298360
1675408539027763776
1675408539088004401
1675408539112396433
1675408539168147578
1675408539207985026
1675408539247596380
1675408539288827266
1675408539334224662
1675408539368590339
1675408539427848464
1675408539468126485
1675408539508208516
1675408539567723932
1675408539608109453
1675408539635132682
1675408539688493047
1675408539727751589
1675408539769237318
1675408539827668411
1675408539867887214
1675408539908408828
1675408539955796172
1675408540008142109
1675408540047674661
1675408540090404922
1675408540130995495
1675408540168399870
1675408540208420859
1675408540267949922
1675408540307973307
1675408540331866432
1675408540387926432
1675408540432555130
1675408540467779192
1675408540527747474
1675408540547754192
1675408540612749088
1675408540647895390
1675408540688132317
1675408540728441849
1675408540774918880
1675408540808417213
1675408540868473880
1675408540908568463
1675408540947924974
1675408541007948880
1675408541047956432
1675408541075671692
1675408541115732317
1675408541168403776
1675408541208410130
1675408541254703411
1675408541307948776
1675408541347978463
1675408541395953046
1675408541437016953
1675408541487640703
1675408541527710546
1675408541571451171
1675408541611324869
1675408541647929713
1675408541707715494
1675408541738312317
1675408541772140390
1675408541828093567
1675408541848107057
1675408541907726484
1675408541952298671
1675408541987970754
1675408542027817109
1675408542087701952
1675408542113704504
1675408542168164088
1675408542208265546
1675408542248525702
1675408542308015390
1675408542347916952
1675408542388298202
1675408542435253410
1675408542468976275
1675408542507990754
1675408542569190285
1675408542607946223
1675408542648140233
1675408542708261223
1675408542747615077
1675408542787660233
1675408542828058358
1675408542877706796
1675408542917584921
1675408542948162681
1675408543008643827
1675408543051216744
1675408543087965129
1675408543112300077
1675408543167876327
1675408543212822316
1675408543267631431
1675408543288135910
1675408543347774816
1675408543393188098
1675408543427559452
1675408543468379400
1675408543520887993
1675408543554904400
1675408543608396118
1675408543648409660
1675408543688478045
1675408543747833150
1675408543787879295
1675408543808678722
1675408543875463827
1675408543909403202
1675408543947801066
1675408544007457785
1675408544047675754
1675408544088081743
1675408544129917733
1675408544187845285
1675408544227453931
1675408544268071274
1675408544308070545
1675408544357397368
1675408544407890545
1675408544447818983
1675408544487832628
1675408544519291326
1675408544567629035
1675408544592057889
1675408544647902680
1675408544707528826
1675408544727994868
1675408544768179868
1675408544827627368
1675408544867819555
1675408544908108982
1675408544948007628
1675408544994833097
1675408545048146587
1675408545088134399
1675408545127814555
1675408545187599868
1675408545215156847
1675408545248864972
1675408545307629399
1675408545349389555
1675408545387746586
1675408545447749868
1675408545488072576
1675408545527851951
1675408545570269868
1675408545610621951
1675408545667508826
1675408545707954920
1675408545748334190
1675408545788506118
1675408545838260024
1675408545887778618
1675408545912181430
1675408545948228565
1675408545992937524
1675408546032551742
1675408546087844555
1675408546128140909
1675408546167946482
1675408546208351482
1675408546267458878
1675408546288012315
1675408546348035753
1675408546387692107
1675408546428140076
1675408546487658044
1675408546527883721
1675408546567674971
1675408546607842628
1675408546655891690
1675408546689814919
1675408546747807784
1675408546788047055
1675408546827582419
1675408546887579450
1675408546927572836
1675408546967659867
1675408547010363096
1675408547051169034
1675408547091007888
1675408547147786221
1675408547188269607
1675408547228090127
1675408547267656429
1675408547307740648
1675408547368092523
1675408547387828357
1675408547447584815
1675408547473139919
1675408547513125388
1675408547567568409
1675408547607608200
1675408547648267992
1675408547688154763
1675408547728423148
1675408547788083773
1675408547827681950
1675408547867878252
1675408547928125856
1675408547968408356
1675408547996960388
1675408548049476377
1675408548088019971
1675408548129859815
1675408548187869971
1675408548227820335
1675408548267401377
1675408548307903148
1675408548367900492
1675408548407744085
1675408548447513304
1675408548491053877
1675408548532045491
1675408548587824866
1675408548627351012
1675408548667889137
1675408548692751481
1675408548748023148
1675408548779819189
1675408548827746273
1675408548887555491
1675408548907677418
1675408548953291950
1675408549008012679
1675408549048040752
1675408549088324189
1675408549128286481
1675408549168156325
1675408549228022314
1675408549274971012
1675408549315085283
1675408549367365595
1675408549389504345
1675408549436145283
1675408549489989033
1675408549528425595
1675408549567855283
1675408549627870491
1675408549667833043
1675408549707856533
1675408549747583304
1675408549798267522
1675408549847975751
1675408549888540335
1675408549932557314
1675408549971974606
1675408550007882522
1675408550047835126
1675408550107661793
1675408550132368928
1675408550187636116
1675408550207854189
1675408550287003876
1675408550307805074
1675408550348021428
1675408550388028407
1675408550434596272
1675408550474770543
1675408550528295699
1675408550568342678
1675408550608452887
1675408550668259605
1675408550707570491
1675408550748028303
1675408550796274397
1675408550829596272
1675408550868090595
1675408550930008147
1675408550967882730
1675408551007837574
1675408551067978407
1675408551107912261
1675408551148224188
1675408551187342730
1675408551228037470
1675408551278614553
1675408551327990022
1675408551367889917
1675408551408014553
1675408551447985855
1675408551472590282
1675408551547560542
1675408551572722470
1675408551628111063
1675408551648002417
1675408551687907105
1675408551747835959
1675408551788006428
1675408551827707730
1675408551867665230
1675408551914454813
1675408551968702157
1675408552008182782
1675408552048795803
1675408552107467521
1675408552147787678
1675408552169394032
1675408552236819709
1675408552269972625
1675408552315918407
1675408552347808667
1675408552407527053
1675408552447457990
1675408552490480021
1675408552547772052
1675408552587587886
1675408552627377990
1675408552668275282
1675408552707813875
1675408552767724917
1675408552787659657
1675408552847488042
1675408552890362469
1675408552912852104
1675408552953832834
1675408553028221792
1675408553047939500
1675408553088123927
1675408553128378615
1675408553167863927
1675408553228050333
1675408553267949604
1675408553308194188
1675408553348041635
1675408553408766115
1675408553448544292
1675408553487737990
1675408553548503302
1675408553576500854
1675408553609651010
1675408553667531115
1675408553710087833
1675408553756630802
1675408553787817208
1675408553847508302
1675408553887520229
1675408553931036062
1675408553971781219
1675408554027492312
1675408554067827833
1675408554108057312
1675408554147861583
1675408554187489396
1675408554227590073
1675408554287760177
1675408554327571479
1675408554353441218
1675408554393161948
1675408554467205541
1675408554487592625
1675408554527386218
