1675408464423876930,1.121994,-0.0011901855,9.992905
1675408464535398440,1.5431213,-0.49627686,10.767456
1675408464728429326,2.210968,-0.9473114,11.202957
1675408464922490107,1.791748,-1.589798,10.094116
1675408465117997971,0.4060669,-1.9537354,8.667038
1675408465311887607,2.1336823,-2.0571136,8.598129
1675408465505919273,1.0619354,-2.251175,10.372406
1675408465700421773,2.330841,-3.0111237,9.567703
1675408465894828804,1.5211182,-1.8204651,9.91777
1675408466089365992,1.4787598,-1.5718384,10.1974945
1675408466283830627,2.547165,-2.1975708,9.176956
1675408466478256044,-3.0518036,4.698303,8.852249
1675408466678660314,-3.7552948,3.620819,6.580261
1675408466869937710,-5.6327057,5.9636383,3.7485962
1675408467066879845,-3.4927979,6.011963,1.3751526
1675408467257748595,-4.7901917,7.898224,-0.21942139
1675408467452693127,-2.5495605,9.541855,-0.23928833
1675408467649332189,-2.6421509,9.923752,0.8365326
1675408467842202970,-2.112381,10.271194,0.4091797
1675408468034886928,-2.428238,10.811249,0.42974854
1675408468230436720,-2.359085,10.399689,0.7578125
1675408468423149272,-1.8245239,9.675613,0.35604858
1675408468619115053,-1.4785309,9.302338,0.044021606
1675408468813901355,-3.2898865,12.745605,0.88941956
1675408469004754636,-1.4234924,8.058548,-0.71258545
1675408469199722501,-2.0228882,9.343735,-0.12658691
1675408469394254220,-1.6522369,7.804901,1.6869354
1675408469588470574,-2.264801,9.696915,-0.6659241
1675408469782467501,-0.057662964,10.128342,-2.3358765
1675408469976609636,0.27565002,9.846939,-3.0128021
1675408470170988230,-0.16845703,9.334396,-2.9618378
1675408470365686511,0.4835968,8.715378,-3.4860992
1675408470559983542,0.97076416,8.621338,-4.8930817
1675408470754489271,1.4187012,9.346848,-4.807419
1675408470948761667,2.0078125,10.857681,-3.4468536
1675408471143861406,0.36442566,9.622253,-1.812088
1675408471337563802,-0.45391846,9.651459,-1.7309723
1675408471533646823,-0.6845856,9.521286,-2.5459595
1675408471726061719,-1.1420898,9.447342,-2.5871277
1675408471920532292,-1.0748596,9.5394745,-2.1102295
1675408472115091771,-0.7054138,9.5811,-2.1138153
1675408472309946927,-0.58265686,9.610291,-2.1152496
1675408472503637396,-0.4158783,9.651459,-1.8802795
1675408472698420833,0.04762268,9.651932,-1.6539154
1675408472892676197,0.36610413,9.660309,-1.7161407
1675408473088710312,0.57237244,9.622971,-1.8991852
1675408473281495312,0.33691406,9.658386,-1.8128052
1675408473475879270,0.07298279,9.676331,-1.7699738
1675408473670329322,-0.05934143,9.671555,-1.8049011
1675408473864824895,-0.09739685,9.6801605,-1.7434082
1675408474058967707,-0.041397095,9.681839,-1.663971
1675408474253312291,-0.034698486,9.702179,-1.5730438
1675408474447966926,-0.07752991,9.7170105,-1.5022125
1675408474642164426,-0.05647278,9.721802,-1.483078
1675408474836556561,-0.03541565,9.726822,-1.4433441
1675408475031090259,-0.026809692,9.736389,-1.3749237
1675408475225938488,0.005264282,9.744766,-1.3232269
1675408475419673488,0.038772583,9.749802,-1.2729797
1675408475614828176,0.06867981,9.759369,-1.2177124
1675408475808474321,0.12132263,9.759842,-1.1760712
1675408476003057759,0.15911865,9.76416,-1.138504
1675408476197260571,0.18017578,9.768707,-1.0959167
1675408476391990727,0.18951416,9.764862,-1.0624084
1675408476586221665,0.18521118,9.780899,-1.0363312
1675408476780410311,0.1856842,9.781143,-1.0097656
1675408476975278800,0.19430542,9.78067,-0.9915924
1675408477169183175,0.19525146,9.77803,-0.98583984
1675408477363554477,0.18664551,9.786407,-0.9631195
1675408477558015623,0.1758728,9.785217,-0.93200684
1675408477752386143,0.15553284,9.791428,-0.89157104
1675408477947398956,0.14883423,9.797897,-0.86021423
1675408478141100102,0.14692688,9.795258,-0.82958984
1675408478335507706,0.14356995,9.806503,-0.8070984
1675408478531529112,0.14787292,9.801727,-0.780777
1675408478725111664,0.15696716,9.811523,-0.7532654
1675408478918759268,0.16773987,9.794785,-0.7221527
1675408479112679685,0.17515564,9.824692,-0.6924896
1675408479307295518,0.17706299,9.788559,-0.67477417
1675408479501785205,0.19094849,9.82756,-0.6642456
1675408479696229945,0.18998718,9.801956,-0.6704712
1675408479890371247,0.19502258,9.801483,-0.6757355
1675408480086477809,0.20555115,9.816559,-0.6790924
1675408480279446820,0.21032715,9.8022,-0.68315125
1675408480473925986,0.20721436,9.811539,-0.69296265
1675408480668061247,0.20889282,9.808655,-0.7077942
1675408480862832236,0.20219421,9.8022,-0.70588684
1675408481056913382,0.19813538,9.808426,-0.7082825
1675408481250975465,0.19213867,9.806503,-0.7077942
1675408481445592653,0.18711853,9.808411,-0.71258545
1675408481639914684,0.17921448,9.80484,-0.7209625
1675408481835504059,0.17755127,9.800995,-0.7355499
1675408482029321767,0.17156982,9.803879,-0.7515869
1675408482223416611,0.16725159,9.804596,-0.76379395
1675408482417704579,0.16270447,9.800522,-0.77407837
1675408482612034579,0.16007996,9.800522,-0.77838135
1675408482806240933,0.15600586,9.7986145,-0.79177856
1675408483000802287,0.15338135,9.799805,-0.8059082
1675408483195264214,0.15434265,9.795502,-0.82121277
1675408483389572964,0.15409851,9.795258,-0.8312683
1675408483584030204,0.15792847,9.795746,-0.8444214
1675408483780510412,0.15840149,9.795502,-0.85998535
1675408483973225152,0.16270447,9.792145,-0.879364
1675408484167631610,0.1670227,9.791672,-0.8930054
1675408484361630933,0.17324829,9.790482,-0.90185547
1675408484555927495,0.17562866,9.790237,-0.90353394
1675408484750187912,0.17922974,9.79071,-0.90519714
1675408484945450151,0.18138123,9.7873535,-0.91645813
1675408485139129943,0.18304443,9.788086,-0.92004395
1675408485333461297,0.1789856,9.786407,-0.92219543
1675408485528094838,0.18185425,9.785934,-0.9264984
1675408485722735411,0.18424988,9.784973,-0.93032837
1675408485916570307,0.18209839,9.786652,-0.9317627
1675408486111106817,0.18807983,9.785217,-0.932251
1675408486306084369,0.18807983,9.784012,-0.9351196
1675408486499807755,0.18927002,9.787598,-0.93559265
1675408486694855776,0.18736267,9.787842,-0.9351196
1675408486888524734,0.18592834,9.7821045,-0.9336853
1675408487082753432,0.18615723,9.78952,-0.93463135
1675408487277432025,0.18185425,9.779221,-0.9415741
1675408487471807025,0.1799469,9.79071,-0.94181824
1675408487666230202,0.17945862,9.78833,-0.94085693
1675408487861257181,0.17468262,9.786652,-0.9403839
1675408488055314942,0.17419434,9.786163,-0.94062805
1675408488249462129,0.17085266,9.784973,-0.9394226
1675408488444514942,0.16773987,9.783051,-0.94062805
1675408488638185671,0.16821289,9.786163,-0.93966675
1675408488833145775,0.16749573,9.788803,-0.9382324
1675408489026669056,0.16677856,9.785934,-0.9389496
1675408489221377806,0.16941833,9.784973,-0.93870544
1675408489415717493,0.16821289,9.787369,-0.9379883
1675408489610116295,0.16581726,9.785919,-0.9351196
1675408489804656399,0.16870117,9.78833,-0.93440247
1675408489998882858,0.17108154,9.787369,-0.93751526
1675408490193346243,0.17228699,9.786652,-0.933197
1675408490388094368,0.17347717,9.788315,-0.9351196
1675408490582020930,0.1768341,9.789032,-0.932251
1675408490776170930,0.17468262,9.787369,-0.9312897
1675408490970834993,0.17826843,9.787598,-0.9281769
1675408491165246138,0.17945862,9.787598,-0.92985535
1675408491360495357,0.18017578,9.787369,-0.92770386
1675408491557229888,0.18017578,9.786407,-0.9269867
1675408491749020565,0.18281555,9.785919,-0.92459106
1675408491942659419,0.18138123,9.787369,-0.9260254
1675408492136816242,0.18305969,9.788559,-0.9229126
1675408492331515721,0.18185425,9.78833,-0.92362976
1675408492525938325,0.17970276,9.784973,-0.92315674
1675408492719903117,0.17826843,9.789047,-0.92362976
1675408492914329627,0.17730713,9.788803,-0.9255371
1675408493108933117,0.17658997,9.790466,-0.9264984
1675408493304295877,0.17826843,9.789032,-0.92411804
1675408493497988794,0.17419434,9.78569,-0.92555237
1675408493692096919,0.1758728,9.787369,-0.92459106
1675408493886641814,0.1758728,9.788559,-0.92770386
1675408494081098169,0.17372131,9.786163,-0.9274597
1675408494275639627,0.17347717,9.788086,-0.9269867
1675408494469974783,0.17181396,9.786163,-0.9286499
1675408494664318897,0.17085266,9.7868805,-0.9286499
1675408494859306137,0.17372131,9.786163,-0.9286499
1675408495053459054,0.17132568,9.788086,-0.93200684
1675408495247258376,0.17204285,9.788803,-0.93151855
1675408495441537387,0.17396545,9.786163,-0.93200684
1675408495635796710,0.17324829,9.78569,-0.937027
1675408495830375095,0.17468262,9.787842,-0.93344116
1675408496024675668,0.17468262,9.788315,-0.9351196
1675408496218777751,0.17468262,9.788559,-0.9363098
1675408496413396918,0.17564392,9.785919,-0.9351196
1675408496608287282,0.17755127,9.786652,-0.9363098
1675408496802736761,0.17443848,9.78833,-0.93247986
1675408496998355511,0.17730713,9.787125,-0.93463135
1675408497191084417,0.1758728,9.787369,-0.93608093
1675408497385559313,0.17730713,9.786652,-0.9339142
1675408497579965198,0.17634583,9.787369,-0.93440247
1675408497777149521,0.17634583,9.785934,-0.9348755
1675408497977997282,0.1758728,9.787842,-0.9348755
1675408498163839677,0.17539978,9.786652,-0.9351196
1675408498360346552,0.17658997,9.786652,-0.9336853
1675408498552383583,0.17419434,9.784973,-0.9339142
1675408498746203896,0.17826843,9.786652,-0.9343872
1675408498940894937,0.17634583,9.78569,-0.933197
1675408499135051969,0.17253113,9.786652,-0.9341583
1675408499329222542,0.17443848,9.785934,-0.9312897
1675408499523697750,0.17372131,9.790955,-0.93247986
1675408499718028010,0.17658997,9.786407,-0.9351196
1675408499912411708,0.17419434,9.7845,-0.93104553
1675408500106829885,0.1749115,9.789764,-0.93344116
1675408500301510145,0.17396545,9.787842,-0.93296814
1675408500495806656,0.17324829,9.785446,-0.9341583
1675408500689849676,0.17706299,9.786407,-0.932724
1675408500884406760,0.17468262,9.788559,-0.93296814
1675408501078968687,0.1768341,9.786652,-0.9315338
1675408501274865874,0.17874146,9.78833,-0.932724
1675408501467678374,0.17778015,9.787369,-0.93440247
1675408501662612176,0.17515564,9.788086,-0.9308014
1675408501856481186,0.18041992,9.785217,-0.92889404
1675408502050769520,0.17970276,9.7868805,-0.92866516
1675408502245337697,0.18017578,9.789764,-0.9296112
1675408502439563582,0.1789856,9.787842,-0.93032837
1675408502633908322,0.17851257,9.789993,-0.93104553
1675408502828558374,0.17851257,9.786652,-0.9296112
1675408503023082853,0.18017578,9.788086,-0.9305725
1675408503217388842,0.18089294,9.788086,-0.9305725
1675408503412449675,0.17778015,9.786163,-0.93151855
1675408503606091811,0.17826843,9.787613,-0.93032837
1675408503800546811,0.17874146,9.787842,-0.9305725
1675408503995187227,0.15696716,9.786407,-0.9317627
1675408504190328946,0.15338135,9.782822,-0.928421
1675408504386939102,0.17562866,9.786652,-0.93200684
1675408504578314727,0.17539978,9.787369,-0.9336853
1675408504773153685,0.17778015,9.788803,-0.93344116
1675408504966938373,0.17755127,9.785446,-0.93774414
1675408505161136810,0.17276001,9.7868805,-0.93559265
1675408505358433060,0.17396545,9.787598,-0.9358368
1675408505550473945,0.17228699,9.785934,-0.93463135
1675408505744180768,0.17396545,9.784973,-0.9358368
1675408505938771081,0.17324829,9.787369,-0.93655396
1675408506133145247,0.17419434,9.788086,-0.9339142
1675408506327454310,0.17419434,9.787125,-0.93463135
1675408506521545664,0.17253113,9.788086,-0.93463135
1675408506716258580,0.17372131,9.785446,-0.93344116
1675408506910554153,0.17515564,9.7868805,-0.9312897
1675408507104770091,0.17515564,9.786407,-0.93151855
1675408507300206288,0.1758728,9.785934,-0.93151855
1675408507493544257,0.17396545,9.785446,-0.932251
1675408507687995924,0.17443848,9.78569,-0.932251
1675408507883747903,0.17276001,9.786407,-0.9305725
1675408508077120663,0.17276001,9.787598,-0.92889404
1675408508272222486,0.17468262,9.787125,-0.93151855
1675408508465881288,0.17372131,9.789047,-0.9348755
1675408508660318267,0.17611694,9.787598,-0.93032837
1675408508854912798,0.17468262,9.7868805,-0.93104553
1675408509049873163,0.151474,9.783539,-0.9217224
1675408509245150923,0.1531372,9.788559,-0.93081665
1675408509438611704,0.17372131,9.786407,-0.9296112
1675408509632033996,0.17468262,9.785934,-0.9312897
1675408509826407121,0.17634583,9.78569,-0.9308014
1675408510020946912,0.17396545,9.787598,-0.9317627
1675408510215392902,0.17539978,9.7868805,-0.92985535
1675408510410111860,0.17396545,9.786407,-0.9312897
1675408510606057121,0.17539978,9.787369,-0.93032837
1675408510814765193,0.1758728,9.787842,-0.92889404
1675408510992963266,0.17276001,9.788803,-0.9286499
1675408511187597745,0.17492676,9.787598,-0.92866516
1675408511381600922,0.1717987,9.788315,-0.92770386
1675408511576871443,0.17419434,9.787125,-0.92674255
1675408511770831391,0.17253113,9.787598,-0.92481995
1675408511970756183,0.17300415,9.787125,-0.92770386
1675408512159314516,0.1701355,9.785934,-0.92770386
1675408512353692380,0.1749115,9.788559,-0.9308014
1675408512547801391,0.17396545,9.78569,-0.93032837
1675408512742528943,0.17419434,9.786407,-0.92936707
1675408512937908213,0.17611694,9.786163,-0.92674255
1675408513131489203,0.17539978,9.791183,-0.9281769
1675408513325546078,0.1758728,9.787842,-0.928421
1675408513519858369,0.17562866,9.788086,-0.9253082
1675408513714268682,0.17468262,9.787842,-0.92674255
1675408513909163109,0.17085266,9.783768,-0.9250641
1675408514103280453,0.15219116,9.780182,-0.91812134
1675408514297638525,0.17323303,9.78952,-0.9207611
1675408514491941650,0.17324829,9.79071,-0.92459106
1675408514686049619,0.17228699,9.789276,-0.9272156
1675408514880663317,0.17347717,9.788086,-0.9264984
1675408515074972015,0.17372131,9.788803,-0.9253082
1675408515269196963,0.17396545,9.788559,-0.9243469
1675408515463840192,0.17181396,9.790955,-0.9274597
1675408515658189046,0.17419434,9.789032,-0.92266846
1675408515854031181,0.17468262,9.789032,-0.92362976
1675408516046967535,0.17372131,9.787369,-0.92219543
1675408516241540504,0.17276001,9.788086,-0.9269867
1675408516435682743,0.17419434,9.788803,-0.92578125
1675408516630331650,0.17204285,9.788086,-0.9233856
1675408516825130504,0.17276001,9.788086,-0.92481995
1675408517020555243,0.17372131,9.787842,-0.92770386
1675408517213657743,0.17347717,9.788559,-0.92674255
1675408517408103524,0.17419434,9.791183,-0.9241028
1675408517602232014,0.17228699,9.786407,-0.92100525
1675408517796404149,0.17443848,9.785934,-0.92459106
1675408517991009461,0.17228699,9.789749,-0.9262543
1675408518185221441,0.1749115,9.789276,-0.92459106
1675408518379723263,0.17347717,9.785446,-0.9219513
1675408518574867482,0.17300415,9.788315,-0.9241028
1675408518770141336,0.17347717,9.787598,-0.9241028
1675408518962993367,0.15505981,9.785934,-0.92100525
1675408519157693211,0.14524841,9.784256,-0.91645813
1675408519351660607,0.17324829,9.786652,-0.9233856
1675408519545864669,0.17443848,9.788559,-0.92481995
1675408519740614877,0.17156982,9.78833,-0.9255371
1675408519935026336,0.17228699,9.789276,-0.9305725
1675408520129228367,0.17253113,9.787842,-0.92936707
1675408520324431492,0.1717987,9.785934,-0.9272156
1675408520517707013,0.17253113,9.7868805,-0.92555237
1675408520713363575,0.17132568,9.787369,-0.92555237
1675408520906549096,0.17347717,9.788086,-0.9269867
1675408521101218158,0.17347717,9.789276,-0.9264984
1675408521295493939,0.17324829,9.789276,-0.9274597
1675408521489807377,0.16989136,9.788803,-0.9233856
1675408521684303679,0.17347717,9.787842,-0.92555237
1675408521878630293,0.17419434,9.7868805,-0.9233856
1675408522073509564,0.17228699,9.7868805,-0.9243469
1675408522267463783,0.17324829,9.787598,-0.9250641
1675408522461624616,0.17419434,9.789993,-0.92315674
1675408522656314303,0.17372131,9.787842,-0.92051697
1675408522851427585,0.17228699,9.788086,-0.92100525
1675408523045227428,0.1710968,9.787369,-0.92123413
1675408523240161595,0.17276001,9.789032,-0.9224396
1675408523436955241,0.17515564,9.788803,-0.92123413
1675408523628162324,0.17204285,9.790237,-0.9202881
1675408523823137272,0.17156982,9.787842,-0.9214783
1675408524016963313,0.15026855,9.788803,-0.9174042
1675408524211403053,0.15625,9.787598,-0.9255371
1675408524406087740,0.1701355,9.789032,-0.92315674
1675408524600276021,0.17204285,9.787125,-0.9243469
1675408524794713469,0.1710968,9.789764,-0.9262543
1675408524988793000,0.17276001,9.786652,-0.9224396
1675408525183403521,0.17276001,9.786652,-0.92481995
1675408525377820969,0.17228699,9.789749,-0.92362976
1675408525572834563,0.1701355,9.787369,-0.92266846
1675408525766618104,0.17276001,9.789032,-0.92362976
1675408525960708990,0.17253113,9.788315,-0.92411804
1675408526155255708,0.17204285,9.788315,-0.92459106
1675408526349775865,0.17132568,9.7868805,-0.9238739
1675408526544022792,0.17419434,9.788315,-0.9233856
1675408526738482948,0.17181396,9.787842,-0.9260254
1675408526933553000,0.17228699,9.791199,-0.9243469
1675408527127137114,0.17156982,9.786652,-0.92411804
1675408527321274354,0.17300415,9.788803,-0.9243469
1675408527515694406,0.17396545,9.785934,-0.9253082
1675408527710241072,0.17060852,9.788803,-0.9238739
1675408527904793937,0.17108154,9.789032,-0.9219513
1675408528099009614,0.17156982,9.789032,-0.92555237
1675408528293687166,0.17396545,9.788559,-0.9253082
1675408528488016124,0.17060852,9.789276,-0.92459106
1675408528682564718,0.17419434,9.788559,-0.9253082
1675408528876604926,0.17347717,9.784485,-0.9260254
1675408529071471280,0.13973999,9.787842,-0.9131012
1675408529265601228,0.15840149,9.7868805,-0.92578125
1675408529460123572,0.17036438,9.788086,-0.9255371
1675408529654121228,0.17181396,9.787598,-0.92793274
1675408529849646644,0.17108154,9.787598,-0.9250641
1675408530043552738,0.17323303,9.787842,-0.928421
1675408530237690342,0.1717987,9.78952,-0.9286499
1675408530432186071,0.17228699,9.789032,-0.93151855
1675408530626159977,0.17085266,9.7868805,-0.93247986
1675408530820773102,0.17204285,9.787369,-0.933197
1675408531015071227,0.17156982,9.789993,-0.93247986
1675408531209425029,0.17181396,9.787842,-0.9300842
1675408531403912738,0.17347717,9.789764,-0.92889404
1675408531598321435,0.17085266,9.786652,-0.9305725
1675408531792714717,0.1701355,9.788803,-0.9264984
1675408531986997633,0.16989136,9.786896,-0.9238739
1675408532181454300,0.16870117,9.788086,-0.9214783
1675408532375816643,0.17132568,9.787842,-0.92051697
1675408532570499300,0.17300415,9.788315,-0.92266846
1675408532764475810,0.17108154,9.787842,-0.92219543
1675408532958924091,0.17156982,9.789032,-0.9188385
1675408533153784768,0.17132568,9.786163,-0.9217224
1675408533347657372,0.17156982,9.78952,-0.9217224
1675408533542447216,0.1710968,9.787842,-0.9193268
1675408533737236591,0.1710968,9.786163,-0.92051697
1675408533930876330,0.16534424,9.789749,-0.9176483
1675408534125226226,0.14955139,9.787598,-0.9059143
1675408534319680132,0.16630554,9.789764,-0.92051697
1675408534514048153,0.17276001,9.789993,-0.9241028
1675408534708163518,0.17156982,9.79071,-0.9217224
1675408534902662007,0.17060852,9.786407,-0.92219543
1675408535097354663,0.17108154,9.789993,-0.9233856
1675408535292201434,0.17323303,9.789276,-0.92362976
1675408535485894038,0.17253113,9.788315,-0.9219513
1675408535682555548,0.17132568,9.787125,-0.92362976
1675408535876805028,0.17181396,9.789032,-0.9241028
1675408536069690028,0.1701355,9.785934,-0.92051697
1675408536264364715,0.17204285,9.792389,-0.92123413
1675408536458013152,0.1651001,9.650497,-0.9011383
1675408536652504767,0.1878357,9.796692,-0.9585571
1675408536846792215,0.26081848,9.949112,-0.883667
1675408537041756329,0.2074585,9.721329,-0.92051697
1675408537235649506,0.188797,9.816086,-0.9509125
1675408537429990287,0.17347717,9.786407,-0.9250641
1675408537624406850,0.17922974,9.792389,-0.89826965
1675408537818786225,0.1593628,9.784256,-0.91908264
1675408538013235339,0.15625,9.8022,-0.93440247
1675408538207832058,0.15577698,9.783768,-0.9109497
1675408538401749766,0.16534424,9.789032,-0.9176483
1675408538596027474,0.15649414,9.786163,-0.9425354
1675408538790855287,0.15457153,9.791199,-0.9394226
1675408538985041120,0.13591003,9.783295,-0.9188385
1675408539179518099,0.12251282,9.779709,-0.91238403
1675408539374649245,0.14907837,9.788559,-0.93917847
1675408539568873255,0.1552887,9.788086,-0.93559265
1675408539762695443,0.16294861,9.786163,-0.9363098
1675408539956795026,0.1593628,9.788559,-0.9480438
1675408540151200651,0.1593628,9.78569,-0.9477997
1675408540345818932,0.16104126,9.787598,-0.9372711
1675408540539894036,0.16127014,9.786652,-0.93655396
1675408540734486067,0.16487122,9.787369,-0.94540405
1675408540928574140,0.1749115,9.785446,-0.9434967
1675408541122982161,0.18089294,9.7868805,-0.9434967
1675408541318631640,0.1789856,9.784973,-0.94444275
1675408541511717005,0.17945862,9.787125,-0.94493103
1675408541707128880,0.17706299,9.784256,-0.9394226
1675408541900527213,0.1768341,9.78569,-0.93774414
1675408542095115234,0.1789856,9.787369,-0.94181824
1675408542290846848,0.18066406,9.787842,-0.9379883
1675408542484793046,0.17802429,9.788086,-0.93559265
1675408542678472681,0.17730713,9.787598,-0.933197
1675408542872862994,0.17515564,9.78569,-0.9339142
1675408543067720233,0.17204285,9.788803,-0.9305725
1675408543261487212,0.1701355,9.786652,-0.9274597
1675408543456102525,0.17060852,9.788086,-0.9281769
1675408543650529764,0.16581726,9.7868805,-0.9312897
1675408543844778462,0.16821289,9.785446,-0.9300842
1675408544039222524,0.1385498,9.786636,-0.92362976
1675408544233657472,0.14811707,9.785446,-0.92266846
1675408544428439556,0.1651001,9.7868805,-0.9300995
1675408544622416691,0.16557312,9.791428,-0.92936707
1675408544816834868,0.16677856,9.788803,-0.92936707
1675408545010901170,0.16653442,9.788315,-0.93104553
1675408545205739243,0.16749573,9.788315,-0.92889404
1675408545401087836,0.16653442,9.787125,-0.9296112
1675408545594691691,0.16677856,9.787613,-0.9291382
1675408545788665024,0.16534424,9.786163,-0.9286499
1675408545983760388,0.16773987,9.78952,-0.9296112
1675408546178098461,0.16989136,9.786652,-0.9300842
1675408546371758930,0.17060852,9.788559,-0.92936707
1675408546566200753,0.17372131,9.7845,-0.92793274
1675408546760684294,0.17060852,9.787842,-0.9281769
1675408546954813669,0.1717987,9.786163,-0.93104553
1675408547149264763,0.17443848,9.78569,-0.9291382
1675408547343758409,0.17276001,9.787369,-0.9269867
1675408547538018981,0.17156982,9.788315,-0.92770386
1675408547732597263,0.17276001,9.787369,-0.9274597
1675408547927017367,0.17132568,9.787125,-0.9241028
1675408548121405492,0.17276001,9.786407,-0.9255371
1675408548315681377,0.17108154,9.787842,-0.92315674
1675408548509909606,0.16964722,9.789276,-0.92481995
1675408548704702887,0.16964722,9.78186,-0.9260254
1675408548901989971,0.16415405,9.801712,-0.9264984
1675408549093324866,0.1473999,9.781616,-0.9219513
1675408549287899033,0.16558838,9.787842,-0.9305725
1675408549482143616,0.1749115,9.787842,-0.928421
1675408549676461793,0.17323303,9.787598,-0.92626953
1675408549871304606,0.17204285,9.787598,-0.92793274
1675408550065205960,0.16893005,9.787842,-0.9281769
1675408550259679918,0.16893005,9.789276,-0.93296814
1675408550455533043,0.16989136,9.78186,-0.9286499
1675408550650150074,0.1691742,9.792145,-0.93200684
1675408550842799241,0.16845703,9.785446,-0.9317627
1675408551037155022,0.16749573,9.786163,-0.93104553
1675408551231381272,0.16725159,9.786407,-0.9305725
1675408551425989553,0.16630554,9.791199,-0.9291382
1675408551620205647,0.16487122,9.787125,-0.93200684
1675408551815341532,0.16821289,9.785202,-0.9281769
1675408552009000438,0.16677856,9.788559,-0.92985535
1675408552204486636,0.16630554,9.78952,-0.92936707
1675408552397739188,0.16773987,9.785934,-0.93104553
1675408552592083980,0.1670227,9.787125,-0.92793274
1675408552786636584,0.17036438,9.785934,-0.92936707
1675408552981111948,0.16964722,9.788315,-0.9281769
1675408553175600594,0.17085266,9.788559,-0.9281769
1675408553369904604,0.17156982,9.7845,-0.9253082
1675408553564437521,0.1691742,9.788315,-0.9269867
1675408553760056375,0.17132568,9.784012,-0.9250641
1675408553953283250,0.15385437,9.787369,-0.9183655
1675408554147486271,0.14141846,9.788559,-0.92051697
1675408554341550125,0.17419434,9.787369,-0.92362976
1675408554536039083,0.17060852,9.7868805,-0.92481995
1675408554730164604,0.17443848,9.78569,-0.9260254
1675408554925093666,0.17443848,9.789993,-0.92793274
