1675408464745909846
1675408464946181982
1675408465148849638
1675408465345857919
1675408465546127086
1675408465757401617
1675408465956380367
1675408466156496929
1675408466356995940
1675408466555601564
1675408466751677502
1675408466964851564
1675408467164259533
1675408467360868856
1675408467564613387
1675408467765072814
1675408467973292866
1675408468174840158
1675408468351467658
1675408468551892032
1675408468750810314
1675408468945396355
1675408469156006407
1675408469356792188
1675408469556313022
1675408469756392344
1675408469955921303
1675408470166186823
1675408470366139688
1675408470567020938
1675408470766434323
1675408470966438125
1675408471161816875
1675408471370561823
1675408471571768229
1675408471771715677
1675408471951233802
1675408472151174739
1675408472361752448
1675408472561017708
1675408472761441979
1675408472961254583
1675408473160571510
1675408473356568697
1675408473567183593
1675408473766073958
1675408473966565207
1675408474166653593
1675408474366007291
1675408474576752447
1675408474776273280
1675408474975674061
1675408475176313019
1675408475376005051
1675408475570653019
1675408475761583123
1675408475961089425
1675408476160664269
1675408476361548436
1675408476561431196
1675408476770856144
1675408476970765623
1675408477170171092
1675408477371416977
1675408477570913748
1675408477765952810
1675408477975652029
1675408478175950414
1675408478376352497
1675408478576251977
1675408478775836351
1675408478986444424
1675408479186197601
1675408479366118747
1675408479566075518
1675408479766177184
1675408479961167601
1675408480170824997
1675408480371379528
1675408480570605882
1675408480770772705
1675408480970487757
1675408481180870465
1675408481380705257
1675408481580882392
1675408481780744319
1675408481980712496
1675408482176036246
1675408482386087808
1675408482586229527
1675408482785627756
1675408482985747548
1675408483166005204
1675408483365729787
1675408483575795152
1675408483775594370
1675408483975730672
1675408484175769526
1675408484370850985
1675408484580593016
1675408484780611401
1675408484980311349
1675408485180626766
1675408485381215464
1675408485580521453
1675408485790334161
1675408485990763328
1675408486190772078
1675408486390252182
1675408486586121348
1675408486775697390
1675408486975871609
1675408487175354421
1675408487375500827
1675408487576127598
1675408487775699056
1675408487985553327
1675408488185642754
1675408488385711192
1675408488585497910
1675408488780987858
1675408488990836920
1675408489190607285
1675408489390533170
1675408489590544524
1675408489790464733
1675408489990566087
1675408490200764264
1675408490400804003
1675408490580819159
1675408490780752909
1675408490976188378
1675408491185685878
1675408491385698795
1675408491586281451
1675408491785794576
1675408491985663534
1675408492185300253
1675408492395484992
1675408492595441919
1675408492795679523
1675408492995722127
1675408493190493013
1675408493400638325
1675408493601065200
1675408493800848169
1675408494000828533
1675408494181184575
1675408494380436241
1675408494590732908
1675408494790557543
1675408494990083585
1675408495190430356
1675408495385953897
1675408495595356918
1675408495795326501
1675408495996250251
1675408496195693324
1675408496395272907
1675408496595625095
1675408496805578063
1675408497005326969
1675408497205641292
1675408497405648115
1675408497600662907
1675408497810300615
1675408497990060511
1675408498190997698
1675408498390691917
1675408498589888688
1675408498790442385
1675408499000895510
1675408499200666969
1675408499400549260
1675408499600822125
1675408499795796396
1675408500005315666
1675408500205164729
1675408500405641760
1675408500605264520
1675408500805993270
1675408501005150770
1675408501215774312
1675408501415769207
1675408501595737905
1675408501795685613
1675408501990779520
1675408502190625457
1675408502400496342
1675408502600858738
1675408502800427332
1675408503001042228
1675408503200367071
1675408503410789311
1675408503610568009
1675408503811157279
1675408504010903113
1675408504206635040
1675408504406046498
1675408504616147383
1675408504815608060
1675408505016211966
1675408505216236550
1675408505397749675
1675408505605681341
1675408505805765247
1675408506006108060
1675408506206069101
1675408506400574622
1675408506601104987
1675408506810753684
1675408507010559778
1675408507210963268
1675408507410897174
1675408507610753893
1675408507820367851
1675408508020674622
1675408508220601444
1675408508420177903
1675408508616199725
1675408508815826757
1675408509011054829
1675408509208353006
1675408509408939361
1675408509608787433
1675408509805602850
1675408510015518579
1675408510215547589
1675408510415853631
1675408510616206079
1675408510811568631
1675408511010710141
1675408511220828266
1675408511420786495
1675408511620359516
1675408511820963058
1675408512021371599
1675408512231314516
1675408512430340557
1675408512630551339
1675408512810581338
1675408513005617797
1675408513205601495
1675408513416420088
1675408513615531442
1675408513815390973
1675408514015410557
1675408514215696494
1675408514425577484
1675408514625220296
1675408514825636129
1675408515025686598
1675408515220298994
1675408515421103629
1675408515631429827
1675408515830893889
1675408516030751025
1675408516230989202
1675408516410346858
1675408516620714045
1675408516820907118
1675408517019952795
1675408517220722847
1675408517415380764
1675408517615982639
1675408517825775243
1675408518026357014
1675408518234866961
1675408518425572899
1675408518625493420
1675408518835317847
1675408519035310555
1675408519235666961
1675408519435738784
1675408519630597638
1675408519831064252
1675408520040767950
1675408520221123211
1675408520420879356
1675408520620876388
1675408520821085190
1675408521020472846
1675408521230278627
1675408521430561596
1675408521630641127
1675408521825761960
1675408522026136856
1675408522236435085
1675408522435780658
1675408522635752220
1675408522835775710
1675408523035508835
1675408523236074199
1675408523445732741
1675408523645509928
1675408523825775813
1675408524020923001
1675408524220786438
1675408524430944824
1675408524630515396
1675408524831136386
1675408525031350917
1675408525230844407
1675408525430664407
1675408525640921906
1675408525840331073
1675408526040146125
1675408526236178833
1675408526435757167
1675408526645752010
1675408526846027271
1675408527046035448
1675408527245571489
1675408527446149458
1675408527625524197
1675408527835728364
1675408528035198572
1675408528235429718
1675408528430967947
1675408528631147426
1675408528840976749
1675408529041230655
1675408529241383155
1675408529440332374
1675408529640212426
1675408529840435811
1675408530050765134
1675408530250307634
1675408530450523571
1675408530645559196
1675408530845919509
1675408531056021592
1675408531235857269
1675408531435511175
1675408531635525081
1675408531835199508
1675408532035561175
1675408532245569977
1675408532445730341
1675408532645790706
1675408532841468102
1675408533040281956
1675408533250954924
1675408533451414820
1675408533650561174
1675408533851027476
1675408534050852945
1675408534251036278
1675408534460654507
1675408534660551382
1675408534860506018
1675408535036040757
1675408535235870861
1675408535445901538
1675408535645871330
1675408535845986590
1675408536045469403
1675408536246091121
1675408536445708673
1675408536655684038
1675408536856452058
1675408537055698048
1675408537251009142
1675408537450927839
1675408537660812527
1675408537860606537
1675408538060708725
1675408538261211537
1675408538460525339
1675408538641158933
1675408538850762787
1675408539052177318
1675408539251130443
1675408539445987214
1675408539646329505
1675408539845523464
1675408540056052734
1675408540255246328
1675408540455902109
1675408540655546432
1675408540855312942
1675408541065181588
1675408541265647630
1675408541465606900
1675408541661258515
1675408541860303202
1675408542060949661
1675408542271067525
1675408542450328515
1675408542650275390
1675408542850187733
1675408543050532108
1675408543260976327
1675408543460840546
1675408543660568358
1675408543856070597
1675408544055844295
1675408544255691587
1675408544465742889
1675408544665886691
1675408544865944764
1675408545065380232
1675408545265480180
1675408545475499451
1675408545675376638
1675408545875881482
1675408546050693409
1675408546250791586
1675408546450459763
1675408546660681846
1675408546861116534
1675408547060894086
1675408547260861169
1675408547460779294
1675408547671086377
1675408547870504919
1675408548070767263
1675408548265649762
1675408548465699814
1675408548665862939
1675408548875743564
1675408549075204658
1675408549275421950
1675408549475465335
1675408549675673304
1675408549866074553
1675408550065122939
1675408550265489397
1675408550460855335
1675408550660573512
1675408550861080855
1675408551070906584
1675408551270411063
1675408551470408459
1675408551671032678
1675408551870929709
1675408552080463771
1675408552281070178
1675408552481126427
1675408552675670542
1675408552876185177
1675408553075548198
1675408553285394500
1675408553465797885
1675408553665437677
1675408553865837052
1675408554066041062
1675408554276011218
