1675401841447772422
1675401841486444349
1675401841526745183
1675401841567729766
1675401841607853412
1675401841668018776
1675401841707413151
1675401841746575547
1675401841786691016
1675401841827649818
1675401841867702318
1675401841928772058
1675401841967465860
1675401842007226693
1675401842047960755
1675401842087187058
1675401842147184870
1675401842187383724
1675401842227100287
1675401842267266328
1675401842307276224
1675401842347402266
1675401842406923151
1675401842447697109
1675401842487433776
1675401842527231224
1675401842567666536
1675401842607647474
1675401842667477839
1675401842707638932
1675401842748847057
1675401842786779609
1675401842827078672
1675401842886869661
1675401842927435078
1675401842967050599
1675401843007994088
1675401843047574818
1675401843087645234
1675401843147042370
1675401843187365547
1675401843227127578
1675401843269595390
1675401843307016745
1675401843347413463
1675401843406967057
1675401843446965651
1675401843487547005
1675401843527024869
1675401843567432422
1675401843627017474
1675401843667282526
1675401843707117213
1675401843747803046
1675401843787891484
1675401843828283255
1675401843887738203
1675401843927961692
1675401843967390286
1675401844007815234
1675401844047715390
1675401844087229348
1675401844147425911
1675401844187865546
1675401844227694036
1675401844270073619
1675401844306910182
1675401844367139505
1675401844407821588
1675401844447707213
1675401844487171067
1675401844527806796
1675401844567409296
1675401844627706900
1675401844669063879
1675401844706944244
1675401844747796640
1675401844787793931
1675401844828660963
1675401844887078827
1675401844926979817
1675401844967328098
1675401845006976744
1675401845047293202
1675401845106821015
1675401845146667213
1675401845186555077
1675401845226826223
1675401845266739765
1675401845306713983
1675401845366493827
1675401845406662942
1675401845446427681
1675401845486478619
1675401845526424244
1675401845566408775
1675401845626418775
1675401845666403775
1675401845706753306
1675401845746426744
1675401845786953879
1675401845846334869
1675401845886949764
1675401845926897889
1675401845966288514
1675401846006677837
1675401846046635025
1675401846106425598
1675401846146313202
1675401846186818462
1675401846226642160
1675401846268063670
1675401846308044764
1675401846366395285
1675401846406387681
1675401846446631900
1675401846486736275
1675401846526566743
1675401846586766431
1675401846626897629
1675401846667244452
1675401846706963045
1675401846746704399
1675401846786536483
1675401846846241014
1675401846886629972
1675401846926324451
1675401846967057368
1675401847007477472
1675401847047516743
1675401847107421951
1675401847146269868
1675401847187525389
1675401847226893983
1675401847266451378
1675401847326657733
1675401847366770805
1675401847406693358
1675401847446334347
1675401847486837628
1675401847526644243
1675401847587363045
1675401847626274503
1675401847667325857
1675401847707601691
1675401847746613982
1675401847807224816
1675401847847505493
1675401847886694295
1675401847927435857
1675401847966919503
1675401848007777993
1675401848067306899
1675401848107432472
1675401848148255076
1675401848187119868
1675401848227277264
1675401848266819034
1675401848326948826
1675401848366297888
1675401848407217368
1675401848447458930
1675401848486341118
1675401848546254815
1675401848587283878
1675401848626785232
1675401848666835961
1675401848706978565
1675401848746300492
1675401848807435076
1675401848846547784
1675401848886579347
1675401848926276586
1675401848966298722
1675401849006700336
1675401849066239919
1675401849106388357
1675401849148130284
1675401849187070232
1675401849226685649
1675401849286400961
1675401849326881221
1675401849366987523
1675401849406856117
1675401849446935596
1675401849486338409
1675401849546240753
1675401849586264659
1675401849626352680
1675401849666705336
1675401849706395388
1675401849747365648
1675401849806910492
1675401849848114555
1675401849887589659
1675401849928371898
1675401849967438148
1675401850026502471
1675401850067065857
1675401850106743096
1675401850146649971
1675401850186589971
1675401850226431742
1675401850286625075
1675401850326662940
1675401850366841325
1675401850406447523
1675401850447655388
1675401850487474919
1675401850546319763
1675401850586264398
1675401850626536846
1675401850667557783
1675401850706722888
1675401850767828304
1675401850807632158
1675401850847441117
1675401850886545804
1675401850927521221
1675401850967255387
1675401851026207210
1675401851066193356
1675401851106337523
1675401851146191377
1675401851187403825
1675401851227487679
1675401851286315231
1675401851326580179
1675401851367011012
1675401851406506325
1675401851446664241
1675401851506354033
1675401851546252783
1675401851586673460
1675401851626714085
1675401851666534189
1675401851706420960
1675401851766257002
1675401851806519710
1675401851846592731
1675401851886306064
1675401851926301898
1675401851966411377
1675401852026477887
1675401852066209866
1675401852106819241
1675401852146475127
1675401852186769449
1675401852246228304
1675401852287203512
1675401852326269918
1675401852367853356
1675401852406227470
1675401852447180960
1675401852506650335
1675401852546212158
1675401852586601897
1675401852627286533
1675401852666213616
1675401852708633981
1675401852766885908
1675401852807182783
1675401852847532418
1675401852886853251
1675401852926545908
1675401852986203355
1675401853026531012
1675401853066274501
1675401853106799085
1675401853146295543
1675401853187075855
1675401853246522105
1675401853286255855
1675401853326535751
1675401853366253512
1675401853407186480
1675401853446538407
1675401853506527834
1675401853546520803
1675401853586876324
1675401853626553668
1675401853666234761
1675401853726543199
1675401853766290803
1675401853806159501
1675401853847317366
1675401853886510959
1675401853926253407
1675401853986627574
1675401854026157522
1675401854066128147
1675401854106514865
1675401854146878980
1675401854207092157
1675401854247179970
1675401854287720178
1675401854327351167
1675401854367744344
1675401854407372209
1675401854467194605
1675401854506484344
1675401854546474605
1675401854587409657
1675401854627218303
1675401854667502782
1675401854726696011
1675401854767685021
1675401854807141844
1675401854847675490
1675401854887686844
1675401854948955334
1675401854987723719
1675401855027403355
1675401855066921115
1675401855106580646
1675401855146518459
1675401855206430646
1675401855246393667
1675401855286162469
1675401855326242990
1675401855366521688
1675401855406653250
1675401855466563198
1675401855506240073
1675401855546226948
1675401855586776063
1675401855626897938
1675401855686202104
1675401855726878146
1675401855766287365
1675401855806213406
1675401855846858927
1675401855886595802
1675401855947017573
1675401855986743198
1675401856026537521
1675401856067255542
1675401856106387365
1675401856146574604
1675401856206149604
1675401856246689969
1675401856286429135
1675401856326938146
1675401856366503562
1675401856426140021
1675401856466110646
1675401856506733875
1675401856546482156
1675401856586380281
1675401856626139031
1675401856687008250
1675401856726629917
1675401856766750073
1675401856807311635
1675401856846752000
1675401856887539604
1675401856946174448
1675401856987406427
1675401857026405489
1675401857067107416
1675401857106304864
1675401857166764552
1675401857207355177
1675401857247206843
1675401857285986062
1675401857325993718
1675401857366537468
1675401857427179500
1675401857466450020
1675401857506087729
1675401857546198979
1675401857587825229
1675401857626396635
1675401857686540854
1675401857726561374
1675401857766443822
1675401857807358614
1675401857847364187
1675401857907263093
1675401857946467624
1675401857987257312
1675401858027244031
1675401858066903718
1675401858106987312
1675401858167188249
1675401858207218926
1675401858246449083
1675401858286481010
1675401858326611530
1675401858366870333
1675401858426280697
1675401858466685958
1675401858507292416
1675401858547213666
1675401858586330801
1675401858646148353
1675401858686210957
1675401858727393666
1675401858766168041
1675401858806486999
1675401858847367155
1675401858906647155
1675401858946696582
1675401858986406270
1675401859026910957
1675401859066962624
1675401859106386739
1675401859166455593
1675401859206480645
1675401859246277207
1675401859286149186
1675401859326702468
1675401859387292884
1675401859427305853
1675401859467260957
1675401859507314863
1675401859546299238
1675401859587363145
1675401859646089395
1675401859687289290
1675401859726983770
1675401859766456165
1675401859807058665
1675401859846566894
1675401859907261061
1675401859946321426
1675401859986095019
1675401860027277207
1675401860067234082
1675401860126108509
1675401860166260853
1675401860206269655
1675401860246385540
1675401860286441009
1675401860326372936
1675401860386408613
1675401860426396842
1675401860466655748
1675401860507805280
1675401860546586321
1675401860605984238
1675401860647382728
1675401860686449707
1675401860726401634
1675401860766133769
1675401860806343092
1675401860866376582
1675401860906410748
1675401860946413977
1675401860986389290
1675401861026429186
1675401861066391842
1675401861127346217
1675401861167316425
1675401861207534029
1675401861246820279
1675401861286056894
1675401861346342050
1675401861386408352
1675401861427416269
1675401861466799550
1675401861507249654
1675401861546564394
1675401861607289706
1675401861647280852
1675401861686344915
1675401861726359081
1675401861766696269
1675401861807017727
1675401861866818456
1675401861907537935
1675401861948111373
1675401861987239133
1675401862026592623
1675401862087100696
1675401862127149342
1675401862167036425
1675401862207123352
1675401862246847623
1675401862286481425
1675401862346578248
1675401862387325539
1675401862427248769
1675401862467250539
1675401862507566321
1675401862546822258
1675401862607228508
1675401862647089029
1675401862686618925
1675401862726609914
1675401862767252935
1675401862827053195
1675401862867432987
1675401862906647622
1675401862947223872
1675401862987398352
1675401863027435800
1675401863086666216
1675401863126621841
1675401863166464029
1675401863206772883
1675401863247479914
1675401863287052414
1675401863347367831
1675401863386818456
1675401863426791737
1675401863467532726
1675401863506687310
1675401863567644653
1675401863606109601
1675401863646350174
1675401863687149497
1675401863726007987
1675401863767622258
1675401863826513820
1675401863866033872
1675401863906847883
1675401863946277570
1675401863987530591
1675401864026650226
1675401864086040851
1675401864128312414
1675401864168737570
1675401864206346112
1675401864246048612
1675401864306054549
1675401864346051372
1675401864386365018
1675401864426339601
1675401864466652518
1675401864506504549
1675401864567119289
1675401864606040226
1675401864646784653
1675401864687465643
1675401864726313507
1675401864766022205
1675401864825966580
1675401864866011163
1675401864907263820
1675401864946313924
1675401864987134549
1675401865047249184
1675401865087483611
1675401865127261424
1675401865166297361
1675401865206106267
1675401865247746580
1675401865306340174
1675401865346407101
1675401865386745122
1675401865427648090
1675401865466550174
1675401865505982934
1675401865566013299
1675401865606286944
1675401865646052049
1675401865686942413
1675401865726276736
1675401865785959236
1675401865827255017
1675401865865888767
1675401865906018403
1675401865946328507
1675401865986237882
1675401866047182830
1675401866087488090
1675401866126220278
1675401866165980486
1675401866206058246
1675401866247042725
1675401866305969548
1675401866345984496
1675401866386050329
1675401866427211111
1675401866466029392
1675401866527229548
1675401866566200017
1675401866606309392
1675401866646254079
1675401866686689861
1675401866727511684
1675401866785945850
1675401866826302881
1675401866865955954
1675401866905976683
1675401866946567673
1675401867005687465
1675401867045970954
1675401867085975069
1675401867126577152
1675401867166064288
1675401867205988350
1675401867266055537
1675401867307127360
1675401867346412100
1675401867386192881
1675401867426227100
1675401867466926631
1675401867525986058
1675401867567407985
1675401867607092985
1675401867645997985
1675401867686348454
1675401867745971944
1675401867785919235
1675401867825944652
1675401867865914235
1675401867906188089
1675401867945992360
1675401868007587152
1675401868046608246
1675401868086385798
1675401868126279860
1675401868166553558
1675401868206645433
1675401868266056162
1675401868305963506
1675401868345966214
1675401868386301422
1675401868426332568
1675401868485990329
1675401868526201162
1675401868566590433
1675401868606049547
1675401868647166474
1675401868686615537
1675401868746307672
1675401868786224131
1675401868826299495
1675401868866306214
1675401868906563454
1675401868946468558
1675401869006367412
1675401869046245381
1675401869085897776
1675401869125944547
1675401869166027412
1675401869225937255
1675401869265932308
1675401869307140016
1675401869347124443
1675401869385961266
1675401869426179182
1675401869485953610
1675401869525930380
1675401869566541057
1675401869606278818
1675401869645906370
1675401869686157516
1675401869747131005
1675401869786792151
1675401869825913141
1675401869866453714
1675401869906251474
1675401869966414130
1675401870005973089
1675401870045946995
1675401870086491109
1675401870126211422
1675401870167063922
1675401870226373818
1675401870266388088
1675401870306321265
1675401870346406734
1675401870386333036
1675401870425965068
1675401870486435849
1675401870526362620
1675401870565924547
1675401870606335276
1675401870646228817
1675401870705931161
1675401870746020484
1675401870786193453
1675401870826023505
1675401870866945901
1675401870906616057
1675401870965985640
1675401871006479859
1675401871045959599
1675401871086352828
1675401871126902619
1675401871166796942
1675401871225959546
1675401871266017776
1675401871307201630
1675401871347089390
1675401871385916682
1675401871445908973
1675401871485905640
1675401871525906213
1675401871565852619
1675401871606221734
1675401871646668400
1675401871705957515
1675401871747104546
1675401871785929911
1675401871826125015
1675401871867120952
1675401871907056213
1675401871965921682
1675401872006003609
1675401872045978036
1675401872086103869
1675401872127147359
1675401872185972723
1675401872225851213
1675401872265901890
1675401872306250796
1675401872347025379
1675401872386100171
1675401872446892723
1675401872486467879
1675401872525884494
1675401872566473088
1675401872605946160
1675401872646159442
1675401872706222879
1675401872745797098
1675401872785866108
1675401872825756890
1675401872866420848
1675401872926132410
1675401872966074389
1675401873006272827
1675401873046147046
1675401873086428400
1675401873125814910
1675401873185802671
1675401873226235275
1675401873265833296
1675401873306673556
1675401873346180483
1675401873405513139
1675401873446136837
1675401873485867723
1675401873526414650
1675401873565926473
1675401873606212358
1675401873667037514
1675401873707078660
1675401873746822670
1675401873786382931
1675401873825780483
1675401873865854129
1675401873926188660
1675401873967014441
1675401874005788087
1675401874045772722
1675401874085955691
1675401874146278347
1675401874186214233
1675401874225805952
1675401874265977566
1675401874305957722
1675401874346423868
1675401874405873972
1675401874446215639
1675401874486438451
1675401874527061264
1675401874567053920
1675401874605653035
1675401874666187305
1675401874706131837
1675401874745862826
1675401874785932826
1675401874825872305
1675401874885864024
1675401874926115274
1675401874966420274
1675401875005821941
1675401875046430170
1675401875087333764
1675401875146122409
1675401875185939284
1675401875225739701
1675401875265930274
1675401875305775795
1675401875345853764
1675401875406099909
1675401875446363034
1675401875485957253
1675401875527059284
1675401875566266368
1675401875625724805
1675401875666036055
1675401875705946784
1675401875747404857
1675401875786054545
1675401875825984597
1675401875886306524
1675401875925846159
1675401875965860378
1675401876005884492
1675401876046146732
1675401876086224649
1675401876146213763
1675401876185966420
1675401876225781888
1675401876265909336
1675401876306474440
1675401876367040326
1675401876405786107
1675401876446020742
1675401876486363555
1675401876526624649
1675401876566107930
1675401876625667461
1675401876665730326
1675401876706325117
1675401876745675534
1675401876785662461
1675401876825862773
1675401876885667148
1675401876925696367
1675401876965679075
1675401877005667565
1675401877046659648
1675401877105740638
1675401877146809544
1675401877186204127
1675401877225954961
1675401877266068190
1675401877307075377
1675401877366125794
1675401877406134127
1675401877446432148
1675401877486108294
1675401877527395117
1675401877566219648
1675401877626133190
1675401877665901784
1675401877705832304
1675401877746222096
1675401877786159908
1675401877845736211
1675401877885750690
1675401877926465325
1675401877966407460
1675401878005833658
1675401878045713606
1675401878106134908
1675401878146092877
1675401878186480481
1675401878225706992
1675401878265775221
1675401878306081158
1675401878366876054
1675401878405842512
1675401878446430742
1675401878485819960
1675401878526350325
1675401878585882512
1675401878626212877
1675401878666421575
1675401878706811783
1675401878746333554
1675401878786139804
1675401878845686731
1675401878885770585
1675401878926818450
1675401878965993971
1675401879005856210
1675401879045812825
1675401879105921366
1675401879145799752
1675401879185961523
1675401879225967616
1675401879266061262
1675401879326097981
1675401879366204387
1675401879405725585
1675401879446063710
1675401879486023710
1675401879527081106
1675401879586172460
1675401879626093241
1675401879665697929
1675401879705829179
1675401879745753918
1675401879805436887
1675401879846007460
1675401879886115324
1675401879926956887
1675401879966098918
1675401880005964387
1675401880065964647
1675401880106716835
1675401880145730376
1675401880186120689
1675401880225902668
1675401880265745585
1675401880326843241
1675401880365710376
1675401880405760689
1675401880445583918
1675401880485788970
1675401880546755793
1675401880586226262
1675401880625866782
1675401880666331105
1675401880706010376
1675401880746066314
1675401880805701626
1675401880846096886
1675401880887009699
1675401880925689855
1675401880965702876
1675401881005670793
1675401881065732095
1675401881106964751
1675401881145929855
1675401881186063501
1675401881226117303
1675401881286107095
1675401881326030688
1675401881365746209
1675401881405955480
1675401881446318292
1675401881486099542
1675401881546826678
1675401881585709178
1675401881625712667
1675401881667901417
1675401881706108865
1675401881745817928
1675401881805788449
1675401881846103813
1675401881886321782
1675401881926112771
1675401881966386105
1675401882025973813
1675401882066031990
1675401882106423917
1675401882146138761
1675401882186083292
1675401882226010428
1675401882285773553
1675401882325876000
1675401882365867823
1675401882405723813
1675401882446053605
1675401882485832719
1675401882547361782
1675401882586149594
1675401882625762146
1675401882666992980
1675401882707159438
1675401882765764386
1675401882806909698
1675401882846383761
1675401882886955427
1675401882925965063
1675401882966269646
1675401883026902719
1675401883065784021
1675401883106455271
1675401883147179646
1675401883186486833
1675401883226063083
1675401883286101521
1675401883326059125
1675401883366878708
1675401883407255948
1675401883446474021
1675401883505637979
1675401883546272771
1675401883585954906
1675401883626882719
1675401883666897146
1675401883706959177
1675401883766345792
1675401883805726729
1675401883845782458
1675401883887036469
1675401883926931417
1675401883966071781
1675401884025673344
1675401884066855739
1675401884106854073
1675401884145911104
1675401884186256260
1675401884246048760
1675401884285744229
1675401884325629229
1675401884366819281
1675401884406827250
1675401884445922666
1675401884506868864
1675401884547051573
1675401884586059437
1675401884626357718
1675401884665823864
1675401884706237510
1675401884766044697
1675401884805709645
1675401884846219906
1675401884886035739
1675401884925959437
1675401884986069697
1675401885025783708
1675401885065600791
1675401885105650739
1675401885145716885
1675401885185738447
1675401885246269281
1675401885285757510
1675401885325780374
1675401885365697666
1675401885405670687
1675401885446026833
1675401885506013708
1675401885546043551
1675401885586693291
1675401885626002405
1675401885665570166
1675401885726308030
1675401885766041624
1675401885805561051
1675401885845819645
1675401885885934593
1675401885925705426
1675401885985730166
1675401886025819645
1675401886065816572
1675401886105577718
1675401886146110166
1675401886205343395
1675401886245989853
1675401886286013603
1675401886326849124
1675401886366545530
1675401886405650999
1675401886465910166
1675401886505729176
1675401886546020113
1675401886585673759
1675401886625727770
1675401886666388863
1675401886725996051
1675401886765694540
1675401886805664332
1675401886846027353
1675401886885920530
1675401886945702717
1675401886986413499
1675401887025919228
1675401887065898290
1675401887105924124
1675401887145877092
1675401887205925634
1675401887245794488
1675401887285674384
1675401887325955530
1675401887365774228
1675401887405541363
1675401887466065530
1675401887505844905
1675401887545667457
1675401887585836259
1675401887627181103
1675401887685665373
1675401887725895790
1675401887765968394
1675401887805573446
1675401887845859436
1675401887885987248
1675401887947123290
1675401887987120686
1675401888027109384
1675401888066028863
1675401888105625009
1675401888147091727
1675401888205666988
1675401888246936311
1675401888285798550
1675401888325935217
1675401888366288082
1675401888427158290
1675401888465638290
1675401888506396311
1675401888547076519
1675401888586876154
1675401888626288498
1675401888685727040
1675401888727158290
1675401888767314071
1675401888805626831
1675401888846330269
1675401888886216675
1675401888946783550
1675401888985889435
1675401889025870425
1675401889066291154
1675401889105870685
1675401889165583550
1675401889205511571
1675401889245993185
1675401889285645529
1675401889325573081
1675401889365927977
1675401889425515998
1675401889465960269
1675401889506873654
1675401889545907352
1675401889585897508
1675401889626360060
1675401889685660164
1675401889725606987
1675401889767443498
1675401889808139227
1675401889846795164
1675401889907214904
1675401889946635477
1675401889985984591
1675401890025861727
1675401890065640841
1675401890105988445
1675401890165853289
1675401890205731987
1675401890245502612
1675401890285994904
1675401890327095945
1675401890365812195
1675401890425501518
1675401890465804747
1675401890506046883
1675401890545881779
1675401890586256154
1675401890645558289
1675401890685608654
1675401890727377091
1675401890766244539
1675401890805524643
1675401890845470216
1675401890905908341
1675401890945600997
1675401890985843289
1675401891025511518
1675401891066088289
1675401891105748601
1675401891165634643
1675401891206052924
1675401891247076726
1675401891285594539
1675401891326741830
1675401891385556830
1675401891425549747
1675401891465603132
1675401891506658705
1675401891545578132
1675401891585548549
1675401891647263757
1675401891686761622
1675401891726724226
1675401891765802247
1675401891805804382
1675401891846144851
1675401891905985007
1675401891946922038
1675401891986090320
1675401892025950320
1675401892065877768
1675401892125601309
1675401892165882559
1675401892206165580
1675401892245595424
1675401892285857403
1675401892325569903
1675401892385855997
1675401892425650997
1675401892465563809
1675401892507049642
1675401892545857611
1675401892605263340
1675401892646435632
1675401892685791882
1675401892726775944
1675401892765834799
1675401892805567663
1675401892865866674
1675401892906788184
1675401892946749486
1675401892986883392
1675401893025583340
1675401893066669486
1675401893125825996
1675401893165543132
1675401893206598340
1675401893245795215
1675401893286051361
1675401893345554903
1675401893386943548
1675401893425627663
1675401893465548652
1675401893505616205
1675401893545615840
1675401893606259486
1675401893647115996
1675401893685731309
1675401893725608652
1675401893765899225
1675401893805850788
1675401893866214642
1675401893905628444
1675401893945857819
1675401893987287715
1675401894025836881
1675401894085821309
1675401894125851777
1675401894165829850
1675401894205585631
1675401894245886569
1675401894285696204
1675401894345610996
1675401894385590892
1675401894426073548
1675401894465901100
1675401894507070892
1675401894546898183
1675401894605485006
1675401894645798131
1675401894686406517
1675401894725590006
1675401894765690475
1675401894825526673
1675401894865910735
1675401894905938444
1675401894946333912
1675401894986677350
1675401895025794016
1675401895085914329
1675401895125549016
1675401895165582194
1675401895205758339
1675401895246136516
1675401895286723964
1675401895346828756
1675401895387148183
1675401895425515891
1675401895465670631
1675401895505954329
1675401895565517245
1675401895605836256
1675401895645459954
1675401895685870266
1675401895725591204
1675401895766082870
1675401895825502297
1675401895865571985
1675401895905710631
1675401895945878652
1675401895986112766
1675401896025720474
1675401896085765058
1675401896125368339
1675401896166011672
1675401896205885735
1675401896245876256
1675401896306345110
1675401896345543131
1675401896385496933
1675401896425471568
1675401896466528912
1675401896505591672
1675401896565729745
1675401896605803235
1675401896645757089
1675401896686144745
1675401896725900058
1675401896767642141
1675401896825807141
1675401896865454432
1675401896905798078
1675401896945831464
1675401896986023964
1675401897046312297
1675401897086968807
1675401897125789849
1675401897165616776
1675401897205855266
1675401897246539745
1675401897306160995
1675401897347149120
1675401897385808859
1675401897425806099
1675401897466098495
1675401897505748338
1675401897565826776
1675401897605726151
1675401897645686880
1675401897685506463
1675401897725565734
1675401897785450370
1675401897825701255
1675401897865523338
1675401897906819588
1675401897945512140
1675401897985720995
1675401898045434119
1675401898085763390
1675401898126175422
1675401898165885474
1675401898205546724
1675401898245789744
1675401898305548963
1675401898346703130
1675401898386652244
1675401898425672505
1675401898465498546
1675401898526002192
1675401898566738078
1675401898605799119
1675401898645885578
1675401898685825473
1675401898725835630
1675401898785993963
1675401898825907192
1675401898866405786
1675401898905505161
1675401898945667140
1675401899005200317
1675401899045508807
1675401899085751150
1675401899126214952
1675401899165918025
1675401899206056046
1675401899265772557
1675401899305479067
1675401899345843963
1675401899385519640
1675401899426405369
1675401899466168963
1675401899525799067
1675401899566118859
1675401899605582817
1675401899645489431
1675401899685466879
1675401899745956254
1675401899785818494
1675401899826331723
1675401899865539067
1675401899905513181
1675401899945503910
1675401900005508546
1675401900045338181
1675401900085409067
1675401900126917556
1675401900166259119
1675401900205764327
1675401900266102244
1675401900305423442
1675401900345527139
1675401900385470212
1675401900425629796
1675401900485345681
1675401900525434431
1675401900565762139
1675401900605613702
1675401900645539223
1675401900686535629
1675401900747369223
1675401900785866202
1675401900825571827
1675401900865536827
1675401900906017348
1675401900945717087
1675401901005684795
1675401901045468441
1675401901085390837
1675401901125251566
1675401901165706879
1675401901225731202
1675401901265915420
1675401901305473285
1675401901345864795
1675401901385521774
1675401901425774795
1675401901485451514
1675401901525461931
1675401901566062035
1675401901605669847
1675401901646785108
1675401901685378441
1675401901745392972
1675401901785595368
1675401901825865785
1675401901865460889
1675401901905777972
1675401901965332608
1675401902005703337
1675401902046650628
1675401902086094326
1675401902125496774
1675401902165749795
1675401902225753024
1675401902267002503
1675401902305866410
1675401902345791670
1675401902385882191
1675401902425952555
1675401902485838024
1675401902525577868
1675401902565502399
1675401902605847816
1675401902645652191
1675401902706059066
1675401902745833805
1675401902785449066
1675401902825797711
1675401902867403961
1675401902906046722
1675401902965379847
1675401903005593388
1675401903045748597
1675401903085458232
1675401903125475472
1675401903165715263
1675401903225445628
1675401903265454899
1675401903305742711
1675401903345534690
1675401903385504378
1675401903445697659
1675401903485463753
1675401903525988440
1675401903566682086
1675401903605873492
1675401903646623857
1675401903705425419
1675401903745665576
1675401903785864899
1675401903826706669
1675401903865370263
1675401903905715576
1675401903966491148
1675401904005419690
1675401904046622242
1675401904085703128
1675401904126168961
1675401904186623700
1675401904225683596
1675401904265398805
1675401904307195940
1675401904345786617
1675401904385658805
1675401904446510575
1675401904485748596
1675401904525732763
1675401904565713284
1675401904605508440
1675401904645761096
1675401904705642607
1675401904745464638
1675401904785399065
1675401904826414481
1675401904865436409
1675401904925708961
1675401904965593284
1675401905005925419
1675401905045664325
1675401905085716825
1675401905126507763
1675401905185332398
1675401905225597815
1675401905265257919
1675401905305321096
1675401905345723023
1675401905405558335
1675401905445512710
1675401905485391512
1675401905525398387
1675401905565406825
1675401905605990002
1675401905665285002
1675401905706998856
1675401905747031408
1675401905785676512
1675401905825939742
1675401905865636773
1675401905926053179
1675401905965469116
1675401906006065471
1675401906045528544
1675401906085266252
1675401906145648335
1675401906185354116
1675401906225297398
1675401906266086043
1675401906305348387
1675401906345702189
1675401906405381825
1675401906445443179
1675401906486558231
1675401906525717450
1675401906565712345
1675401906605723856
1675401906665985054
1675401906705373439
1675401906745448960
1675401906785422137
1675401906825371564
1675401906885626512
1675401906925415574
1675401906965353647
1675401907005339116
1675401907045960522
1675401907087300470
1675401907145617710
1675401907186479637
1675401907226689637
1675401907265333022
1675401907305648283
1675401907345447293
1675401907405427189
1675401907445383283
1675401907485890418
1675401907525361564
1675401907565406147
1675401907625506355
1675401907665745262
1675401907705494428
1675401907745243855
1675401907785668230
1675401907825665001
1675401907885934428
1675401907925831251
1675401907965630574
1675401908005697189
1675401908045709376
1675401908085674168
1675401908145374064
1675401908185763907
1675401908225317866
1675401908265438803
1675401908305377761
1675401908365380574
1675401908405354063
1675401908445364949
1675401908485370157
1675401908525575626
1675401908565638855
1675401908626073386
1675401908665677813
1675401908705557032
1675401908745530834
1675401908785346199
1675401908825324792
1675401908885833386
1675401908925874167
1675401908965375105
1675401909005783647
1675401909045316719
1675401909106162709
1675401909145687136
1675401909185434740
1675401909226477344
1675401909265877761
1675401909306042084
1675401909365382084
1675401909405683542
1675401909445875313
1675401909485371563
1675401909525707136
1675401909565435209
1675401909625818803
1675401909665462657
1675401909706150417
1675401909745535573
1675401909785678230
1675401909845339011
1675401909885615261
1675401909925656667
1675401909966160105
1675401910007026719
1675401910045264792
1675401910106441146
1675401910146490052
1675401910186490157
1675401910225496407
1675401910265137084
1675401910306462448
1675401910365636667
1675401910405412761
1675401910445285261
1675401910485437813
1675401910525595000
1675401910585231198
1675401910625468229
1675401910665696094
1675401910705606979
1675401910745372552
1675401910785318802
1675401910845277604
1675401910885458490
1675401910925438854
1675401910965351354
1675401911005319115
1675401911045203854
1675401911105822500
1675401911145478437
1675401911185685312
1675401911225670625
1675401911265897500
1675401911325726198
1675401911366243750
1675401911405617083
1675401911445346979
1675401911486231406
1675401911525543073
1675401911585740156
1675401911626505937
1675401911665280104
1675401911705265416
1675401911745266927
1675401911805270885
1675401911845539375
1675401911885282760
1675401911925558854
1675401911965582291
1675401912005899791
1675401912065512187
1675401912105867968
1675401912145618437
1675401912185931302
1675401912225568958
1675401912265552708
1675401912325625052
1675401912365559374
1675401912405292239
1675401912445353958
1675401912485732604
1675401912545192551
1675401912585627656
1675401912625308385
1675401912665497395
1675401912705745260
1675401912745580156
1675401912806054947
1675401912845667499
1675401912886425103
1675401912925618749
1675401912965659322
1675401913005492708
1675401913065554426
1675401913105306405
1675401913145247187
1675401913186486041
1675401913225444947
1675401913285403905
1675401913325774322
1675401913365714999
1675401913405523124
1675401913445542968
1675401913485725624
1675401913545536197
1675401913585558697
1675401913625168384
1675401913665773124
1675401913705289895
1675401913745788957
1675401913805288645
1675401913845362811
1675401913886091926
1675401913925767447
1675401913965270780
1675401914025485832
1675401914065303645
1675401914106543645
1675401914146885415
1675401914186306978
1675401914225510936
1675401914286458020
1675401914326301301
1675401914365280207
1675401914405215363
1675401914445511769
1675401914485286874
1675401914545607134
1675401914585554113
1675401914626465311
1675401914665363801
1675401914705573019
1675401914765564634
1675401914805762811
1675401914847172394
1675401914885921717
1675401914925650103
1675401914965281873
1675401915026433748
1675401915065216405
1675401915105905050
1675401915145597394
1675401915185340155
1675401915226421457
1675401915285475415
1675401915326421405
1675401915365855467
1675401915405763957
1675401915446447290
1675401915505283071
1675401915545167654
1675401915585552238
1675401915625451248
1675401915665356404
1675401915706283800
1675401915765465102
1675401915805159581
1675401915845082654
1675401915885087238
1675401915925535675
1675401915965542081
1675401916025348436
1675401916065360050
1675401916105568488
1675401916145902133
1675401916185535571
1675401916245181665
1675401916286850988
1675401916325646821
1675401916365768435
1675401916405551717
1675401916445201196
1675401916505181925
1675401916546397133
1675401916585279790
1675401916625213852
1675401916666110571
1675401916705221560
1675401916765359477
1675401916805581977
1675401916845220727
1675401916887441821
1675401916925751352
1675401916985142394
1675401917025190258
1675401917066094737
1675401917105300935
1675401917145483591
1675401917185164164
1675401917245308123
1675401917285590206
1675401917325168539
1675401917365507029
1675401917405478123
1675401917445401977
1675401917505200987
1675401917545511247
1675401917585700466
1675401917626131195
1675401917665495414
1675401917725416091
1675401917765846456
1675401917805533070
1675401917845505102
1675401917885517706
1675401917925150570
1675401917985446976
1675401918025158174
1675401918066714320
1675401918105339945
1675401918146198539
1675401918204950206
1675401918245578903
1675401918285436456
1675401918325472549
1675401918365415310
1675401918405219216
1675401918465353487
1675401918505144008
1675401918545178070
1675401918585989007
1675401918626349580
1675401918665313487
1675401918726367445
1675401918766352653
1675401918805246039
1675401918845409841
1675401918886582809
1675401918946349737
1675401918985349893
1675401919025401403
1675401919066617549
1675401919106368643
1675401919145147028
1675401919205212914
1675401919246307809
1675401919285115726
1675401919326314945
1675401919366705830
1675401919405463070
1675401919465124163
1675401919505104268
1675401919546211820
1675401919585645830
1675401919625819632
1675401919685701507
1675401919726289320
1675401919765406611
1675401919806458278
1675401919845153590
1675401919886341247
1675401919945984424
1675401919985415569
1675401920025165986
1675401920065358330
1675401920105542809
1675401920146283746
1675401920205630778
1675401920245592132
1675401920285025465
1675401920327170673
1675401920365899319
1675401920425192496
1675401920465346142
1675401920505445673
1675401920545369892
1675401920585083746
1675401920625480153
1675401920684988486
1675401920725126455
1675401920765302705
1675401920806401402
1675401920845314684
1675401920885015673
1675401920945155413
1675401920985149788
1675401921025288121
1675401921065657652
1675401921105222340
1675401921165137340
1675401921205400725
1675401921245731090
1675401921286338434
1675401921325152809
1675401921366190569
1675401921425165048
1675401921465076715
1675401921505432548
1675401921546258381
1675401921585393694
1675401921625645621
1675401921685204319
1675401921725845517
1675401921765642235
1675401921805430048
1675401921845727340
1675401921905713069
1675401921946326246
1675401921985884058
1675401922026051558
1675401922066274371
1675401922105122860
1675401922165432912
1675401922205416506
1675401922245058121
1675401922285324319
1675401922325366194
1675401922365538016
1675401922425290933
1675401922465344266
1675401922505622808
1675401922545317235
1675401922584986923
1675401922645065985
1675401922685665048
1675401922725325412
1675401922766279162
1675401922805474995
1675401922845448589
1675401922905021037
1675401922945093016
1675401922986729995
1675401923025131870
1675401923066760933
1675401923105326454
1675401923165087183
1675401923205336922
1675401923246566922
1675401923285370829
1675401923325086402
1675401923386280099
1675401923425488641
1675401923465420308
1675401923506313433
1675401923545512599
1675401923586230776
1675401923645396401
1675401923685441401
1675401923725743276
1675401923765472860
1675401923806524943
1675401923845713953
1675401923905417964
1675401923946234735
1675401923985129110
1675401924025483745
1675401924065376037
1675401924125458537
1675401924165482078
1675401924205218224
1675401924245200568
1675401924285229057
1675401924325123849
1675401924385362859
1675401924425172495
1675401924465207859
1675401924505825203
1675401924545391714
1675401924604773953
1675401924645308745
1675401924685095255
1675401924726253068
1675401924765706088
1675401924805635828
1675401924865385568
1675401924905496349
1675401924945415932
1675401924986363068
1675401925025274474
1675401925064920515
1675401925125442390
1675401925165502026
1675401925205671765
1675401925245711661
1675401925285533849
1675401925346275828
1675401925385449317
1675401925425401349
1675401925465150255
1675401925504918276
1675401925545091505
1675401925605089526
1675401925645846296
1675401925684848067
1675401925725328796
1675401925765122911
1675401925805437755
1675401925865017911
1675401925904893848
1675401925945538223
1675401925986029421
1675401926025599838
1675401926085198796
1675401926124882390
1675401926165464838
1675401926205115411
1675401926245084213
1675401926285492546
1675401926345914942
1675401926385452755
1675401926425246140
1675401926464995463
1675401926504995723
1675401926545832338
1675401926605884786
1675401926645417494
1675401926685257546
1675401926725317598
1675401926765280411
1675401926825224004
1675401926866198900
1675401926905086504
1675401926946180411
1675401926985742233
1675401927024971504
1675401927086171973
1675401927126374265
1675401927165091504
1675401927206236608
1675401927245318692
1675401927286577858
1675401927345007494
1675401927385273067
1675401927426181973
1675401927465096556
1675401927505015671
1675401927565047806
1675401927604977129
1675401927645029004
1675401927685366556
1675401927726168171
1675401927766128535
1675401927824894629
1675401927864998900
1675401927905301348
1675401927944976296
1675401927985316868
1675401928025355983
1675401928086166139
1675401928125235618
1675401928166206087
1675401928205033118
1675401928245270670
1675401928306032598
1675401928347111712
1675401928386272441
1675401928426275306
1675401928465309941
1675401928505352233
1675401928565002962
1675401928606262545
1675401928645266452
1675401928686532077
1675401928726472702
1675401928765250462
1675401928826410514
1675401928865055254
1675401928905024212
1675401928946237233
1675401928985364472
1675401929045186660
1675401929085175774
1675401929126209003
1675401929166212181
1675401929205427962
1675401929245257128
1675401929305073326
1675401929345812962
1675401929385230045
1675401929425492180
1675401929465336139
1675401929506193587
1675401929564946191
1675401929605252285
1675401929645496191
1675401929685372910
1675401929724968847
1675401929785009264
1675401929825104732
1675401929864988899
1675401929904987389
1675401929944972493
1675401929985693795
1675401930046119836
1675401930085021034
1675401930125153639
1675401930165596347
1675401930205647076
1675401930245253847
1675401930305298482
1675401930346094680
1675401930385348847
1675401930425272805
1675401930465022805
1675401930525387232
1675401930564972180
1675401930605252492
1675401930645186607
1675401930685533638
1675401930726032024
1675401930784958274
1675401930825318326
1675401930865556451
1675401930905140774
1675401930945311555
1675401931005815722
1675401931045093846
1675401931085330982
1675401931124972649
1675401931165291086
1675401931204921451
1675401931265106034
1675401931304806086
1675401931345090669
