1675401841514000443
1675401841715477526
1675401841916637058
1675401842115320183
1675401842315686745
1675401842527585964
1675401842726250391
1675401842936224297
1675401843128251432
1675401843326536484
1675401843522194192
1675401843732911171
1675401843931365598
1675401844131846223
1675401844333987890
1675401844532962161
1675401844739587473
1675401844942800494
1675401845119521171
1675401845318941744
1675401845518533410
1675401845714414192
1675401845924571483
1675401846124451743
1675401846324374348
1675401846523856275
1675401846723784452
1675401846934391899
1675401847135528045
1675401847333603149
1675401847533794920
1675401847735498930
1675401847930413878
1675401848141849659
1675401848340415441
1675401848539184972
1675401848719434190
1675401848919451482
1675401849129283617
1675401849328326586
1675401849549670961
1675401849728816898
1675401849928473461
1675401850124618044
1675401850336276898
1675401850535894346
1675401850735006794
1675401850936063460
1675401851134880492
1675401851344104866
1675401851544338460
1675401851745068877
1675401851943190648
1675401852144766533
1675401852340424502
1675401852529932731
1675401852730953668
1675401852929473408
1675401853128882730
1675401853328278980
1675401853538436428
1675401853738882522
1675401853938768095
1675401854138982417
1675401854340821480
1675401854535873199
1675401854747166324
1675401854946775021
1675401855144559865
1675401855343880698
1675401855544545542
1675401855753961896
1675401855953915490
1675401856134063771
1675401856333617990
1675401856534360750
1675401856730242260
1675401856939823094
1675401857138667468
1675401857337630020
1675401857538429083
1675401857740123145
1675401857949871270
1675401858149808041
1675401858349950333
1675401858553527312
1675401858749079395
1675401858943173926
1675401859153715436
1675401859353997988
1675401859554184811
1675401859753960540
1675401859934335592
1675401860134090540
1675401860343385540
1675401860543438196
1675401860743892311
1675401860944022884
1675401861139209811
1675401861349435175
1675401861548617415
1675401861748234602
1675401861948362154
1675401862162719342
1675401862348837362
1675401862561575643
1675401862760683352
1675401862959874185
1675401863159706529
1675401863356650174
1675401863545087206
1675401863744909758
1675401863944737258
1675401864145227362
1675401864343634966
1675401864544885278
1675401864753284080
1675401864953921893
1675401865153859809
1675401865353668924
1675401865549758559
1675401865758019965
1675401865957866371
1675401866158366632
1675401866358040173
1675401866558799288
1675401866757923246
1675401866970193298
1675401867167810850
1675401867348232204
1675401867549772256
1675401867743102048
1675401867953858871
1675401868155633193
1675401868354187829
1675401868553445016
1675401868753331683
1675401868955332620
1675401869163443453
1675401869363776422
1675401869563190797
1675401869764053818
1675401869959500641
1675401870168739599
1675401870368954026
1675401870568545484
1675401870769426630
1675401870950578036
1675401871149136734
1675401871359037880
1675401871558873036
1675401871758836525
1675401871960796369
1675401872155174181
1675401872362616473
1675401872565151004
1675401872763740640
1675401872964178400
1675401873163982619
1675401873365124546
1675401873573506420
1675401873773951941
1675401873974950327
1675401874174436889
1675401874370267097
1675401874578158556
1675401874759357618
1675401874960351003
1675401875157931628
1675401875358956055
1675401875559433086
1675401875768333868
1675401875969205951
1675401876169885847
1675401876368140794
1675401876564905534
1675401876772617253
1675401876972449336
1675401877174442773
1675401877374988346
1675401877573198711
1675401877774861263
1675401877982729856
1675401878184711419
1675401878363889596
1675401878564460846
1675401878759218554
1675401878959576002
1675401879168713085
1675401879368076835
1675401879567847824
1675401879768844647
1675401879969616470
1675401880179955637
1675401880378049074
1675401880578335064
1675401880777704699
1675401880974525011
1675401881175153397
1675401881384603345
1675401881582831157
1675401881785447772
1675401881984250636
1675401882164843084
1675401882374356261
1675401882573842615
1675401882775893969
1675401882974086625
1675401883170721781
1675401883368888292
1675401883579916104
1675401883779218865
1675401883981334281
1675401884178892510
1675401884379512146
1675401884589682198
1675401884788638500
1675401884989573656
1675401885189522406
1675401885385496051
1675401885585784072
1675401885776068603
1675401885974572614
1675401886175047249
1675401886376198291
1675401886574605634
1675401886783486988
1675401886984641676
1675401887184188863
1675401887384242769
1675401887579976415
1675401887779074748
1675401887989302509
1675401888188457613
1675401888390070009
1675401888589509436
1675401888789839488
1675401888999628915
1675401889197946623
1675401889399263289
1675401889579466675
1675401889776228185
1675401889975660789
1675401890184295060
1675401890385025372
1675401890584952768
1675401890784995320
1675401890983507299
1675401891195315476
1675401891393891101
1675401891595316257
1675401891793591101
1675401891988292143
1675401892189821622
1675401892399575372
1675401892599711465
1675401892799170580
1675401892998480371
1675401893179862351
1675401893390353080
1675401893588093444
1675401893788098704
1675401893988412975
1675401894184595788
1675401894383449433
1675401894595085006
1675401894794786933
1675401894995561152
1675401895195988444
1675401895393716464
1675401895603220995
1675401895804903391
1675401896003729589
1675401896203232714
1675401896398869745
1675401896598712610
1675401896810366151
1675401896990932557
1675401897189810891
1675401897388830943
1675401897589392036
1675401897790188234
1675401897998518442
1675401898199059744
1675401898399552244
1675401898595507140
1675401898793913650
1675401899004073859
1675401899204376515
1675401899403704900
1675401899603748911
1675401899804263806
1675401900004274692
1675401900213481567
1675401900415040056
1675401900594723441
1675401900788684379
1675401900990133025
1675401901199611618
1675401901398435212
1675401901598613754
1675401901798802556
1675401901998222868
1675401902198447451
1675401902408680420
1675401902609033128
1675401902808969951
1675401903003821097
1675401903204079170
1675401903414265888
1675401903614626201
1675401903814803909
1675401904014066565
1675401904214899430
1675401904393493127
1675401904604547919
1675401904803487554
1675401905003594325
1675401905199708492
1675401905399672138
1675401905610530575
1675401905809775783
1675401906009322866
1675401906209195887
1675401906409911929
1675401906609629168
1675401906820200887
1675401907018736564
1675401907220463491
1675401907415254220
1675401907614204533
1675401907823847605
1675401908003368907
1675401908203664845
1675401908403404011
1675401908603740209
1675401908803743751
1675401909014677605
1675401909214616407
1675401909415019376
1675401909609662084
1675401909808409323
1675401910018784636
1675401910219812604
1675401910420781250
1675401910619635417
1675401910819584740
1675401911019541094
1675401911230371875
1675401911429512708
1675401911629670052
1675401911804744739
1675401912004222916
1675401912215655937
1675401912414127083
1675401912615020833
1675401912814256353
1675401913013516770
1675401913215348645
1675401913423965884
1675401913624029270
1675401913824006718
1675401914018230520
1675401914219351405
1675401914430322499
1675401914629859842
1675401914829620207
1675401915029638905
1675401915230095467
1675401915408540780
1675401915619371404
1675401915818412550
1675401916019949790
1675401916215007498
1675401916414935310
1675401916613681300
1675401916824449425
1675401917023703175
1675401917223889060
1675401917424405779
1675401917624262602
1675401917834700049
1675401918033143799
1675401918233143122
1675401918428580518
1675401918629984997
1675401918829602341
1675401919039944111
1675401919219799632
1675401919418636611
1675401919619751455
1675401919819731611
1675401920029609476
1675401920228711715
1675401920430553226
1675401920624595517
1675401920825393902
1675401921023228538
1675401921234652496
1675401921433718381
1675401921634631923
1675401921835414423
1675401922033604996
1675401922243026819
1675401922443171714
1675401922643275516
1675401922819344527
1675401923019445933
1675401923218343068
1675401923428299631
1675401923628877651
1675401923829637078
1675401924029969266
1675401924228795985
1675401924438833797
1675401924638563224
1675401924838948693
1675401925034128693
1675401925233411609
1675401925434288067
1675401925644045776
1675401925844052130
1675401926043582963
1675401926243978692
1675401926443693015
1675401926634146244
1675401926835346556
1675401927033093483
1675401927228549890
1675401927428684160
1675401927628470358
1675401927837847025
1675401928038208327
1675401928239817181
1675401928439763275
1675401928638454472
1675401928848203795
1675401929048729056
1675401929248393743
1675401929443611243
1675401929644497180
1675401929843850357
1675401930053432389
1675401930234967284
1675401930434464107
1675401930634199055
1675401930835536086
1675401931043167596
