1675408446056563534
1675408446259744784
1675408446456428274
1675408446656826555
1675408446856566867
1675408447066973950
1675408447267504055
1675408447467105825
1675408447670168742
1675408447866661398
1675408448062031085
1675408448272944783
1675408448471696502
1675408448671571189
1675408448872534262
1675408449074733429
1675408449283623898
1675408449481355877
1675408449661479783
1675408449861781189
1675408450061408428
1675408450256399835
1675408450466482543
1675408450666904887
1675408450866434939
1675408451066949782
1675408451267121501
1675408451477319730
1675408451677050876
1675408451877218272
1675408452077552959
1675408452277393896
1675408452472039313
1675408452681173271
1675408452881227750
1675408453082469625
1675408453261931708
1675408453462124208
1675408453671566865
1675408453871456552
1675408454071395042
1675408454271729573
1675408454471489781
1675408454667402645
1675408454876997385
1675408455077014468
1675408455277251343
1675408455477128166
1675408455676500926
1675408455887460145
1675408456086594937
1675408456286256291
1675408456486589311
1675408456686725145
1675408456881612853
1675408457072197592
1675408457271517384
1675408457471640353
1675408457672113269
1675408457871385769
1675408458081413009
1675408458281671498
1675408458481386654
1675408458681512279
1675408458882082904
1675408459076663581
1675408459285978685
1675408459486942696
1675408459687273894
1675408459886620508
1675408460087647123
1675408460297382383
1675408460497169466
1675408460676835091
1675408460876534154
1675408461077240195
1675408461272527330
1675408461481266862
1675408461682366549
1675408461882762382
1675408462081631393
1675408462281592695
1675408462492216392
1675408462691824049
1675408462891801288
1675408463092393736
1675408463291733215
1675408463486423528
1675408463696894830
1675408463897752277
1675408464097192434
1675408464297322590
1675408464476951548
1675408464677588840
1675408464887007694
1675408465087283891
1675408465287559360
1675408465487231131
1675408465681907537
1675408465892567589
1675408466092734568
1675408466292229099
1675408466492202797
1675408466692174255
1675408466891873995
1675408467101736651
1675408467302365766
1675408467501275088
1675408467701935453
1675408467897486078
1675408468087346026
1675408468287319567
1675408468486815661
1675408468686514203
1675408468886863421
1675408469086990765
1675408469296912900
1675408469497505869
1675408469697551546
1675408469897169358
1675408470092743733
1675408470302511858
1675408470501594775
1675408470702459306
1675408470902200400
1675408471101598108
1675408471301508264
1675408471512425660
1675408471711751649
1675408471892606701
1675408472092168368
1675408472287274149
1675408472497231753
1675408472696922378
1675408472896844878
1675408473097205920
1675408473296671180
1675408473496830503
1675408473710239201
1675408473909220659
1675408474109688628
1675408474310840971
1675408474506250971
1675408474714683888
1675408474913473002
1675408475112648315
1675408475312196023
1675408475492122273
1675408475691965033
1675408475902433262
1675408476102378887
1675408476301762325
1675408476502358470
1675408476698027116
1675408476906652741
1675408477106866751
1675408477307365449
1675408477506876647
1675408477706858887
1675408477907397585
1675408478117082689
1675408478316854407
1675408478517421647
1675408478716759407
1675408478911863053
1675408479122526647
1675408479301825396
1675408479502462532
1675408479702184303
1675408479901979928
1675408480102295136
1675408480312469198
1675408480511941594
1675408480712472167
1675408480912326177
1675408481107290396
1675408481316910969
1675408481517343833
1675408481717192948
1675408481916755239
1675408482117163052
1675408482317136854
1675408482526973572
1675408482726760760
1675408482907169614
1675408483107588728
1675408483301681176
1675408483501554041
1675408483712115499
1675408483911500030
1675408484111863936
1675408484311455342
1675408484511712582
1675408484721777061
1675408484921806696
1675408485121794926
1675408485321700759
1675408485516207686
1675408485716726227
1675408485926475550
1675408486125793936
1675408486326734613
1675408486526761227
1675408486707121748
1675408486916341644
1675408487116532373
1675408487317056018
1675408487516292164
1675408487711836070
1675408487912161122
1675408488121797581
1675408488321867060
1675408488521897737
1675408488721780601
1675408488921403882
1675408489132011070
1675408489332031799
1675408489531681903
1675408489732021018
1675408489927137528
1675408490126597944
1675408490317200132
1675408490516679298
1675408490716839767
1675408490917130809
1675408491116573517
1675408491326810079
1675408491526542475
1675408491726230548
1675408491926179975
1675408492121785392
1675408492321703569
1675408492530937996
1675408492731189037
1675408492930558464
1675408493130971485
1675408493331905547
1675408493541660287
1675408493741468464
1675408493941682370
1675408494121294349
1675408494317288828
1675408494516945651
1675408494726588516
1675408494927085859
1675408495127328620
1675408495326462370
1675408495527018151
1675408495736562005
1675408495936792473
1675408496136317421
1675408496337097525
1675408496531980234
1675408496731970442
1675408496941718515
1675408497141456536
1675408497341654244
1675408497541436796
1675408497721804817
1675408497931771379
1675408498131804556
1675408498331823514
1675408498532060545
1675408498726543879
1675408498926986795
1675408499137157576
1675408499336837993
1675408499536938722
1675408499737203722
1675408499937192159
1675408500147021586
1675408500346996847
1675408500547159086
1675408500746392420
1675408500941788409
1675408501142017992
1675408501351959919
1675408501532269138
1675408501731165700
1675408501931062159
1675408502131481117
1675408502331353565
1675408502541561377
1675408502741904710
1675408502941653512
1675408503136362939
1675408503337170544
1675408503545853096
1675408503746628095
1675408503947212835
1675408504146977939
1675408504346427262
1675408504546494033
1675408504756365335
1675408504956341793
1675408505136714345
1675408505331991949
1675408505531775803
1675408505741990855
1675408505941697418
1675408506142286272
1675408506341833199
1675408506541700490
1675408506741484553
1675408506951983719
1675408507151319032
1675408507351578407
1675408507546653146
1675408507746667729
1675408507956722886
1675408508157088823
1675408508356067417
1675408508556678927
1675408508757061739
1675408508936301375
1675408509146820593
1675408509346879656
1675408509546649187
1675408509741544343
1675408509941460385
1675408510151426166
1675408510351359083
1675408510551605541
1675408510751648249
1675408510951387416
1675408511151248718
1675408511361541530
1675408511561543353
1675408511761714030
1675408511956749915
1675408512156867571
1675408512366818926
1675408512546005853
1675408512746663821
1675408512945784967
1675408513146122936
1675408513345889290
1675408513555595331
1675408513756360435
1675408513956692883
1675408514152083769
1675408514351428612
1675408514562067310
1675408514762254706
1675408514961947414
1675408515161425956
1675408515361059810
1675408515561674758
1675408515771750903
1675408515972109237
1675408516171227153
1675408516346896684
1675408516546563455
1675408516756787986
1675408516956651840
1675408517156948403
1675408517356768351
1675408517556905538
1675408517756887361
1675408517966764757
1675408518166486215
1675408518366414392
1675408518561324861
1675408518761984392
1675408518972065486
1675408519171429860
1675408519371809131
1675408519571627621
1675408519771396006
1675408519951732673
1675408520161436995
1675408520361371683
1675408520561325224
1675408520756319808
1675408520957090641
1675408521156224026
1675408521366719391
1675408521566404339
1675408521766004443
1675408521966358974
1675408522166034963
1675408522377000640
1675408522576842359
1675408522776456994
1675408522971635067
1675408523171216578
1675408523371525796
1675408523581641734
1675408523761067098
1675408523961458504
1675408524161139911
1675408524360780692
1675408524571348244
1675408524772161317
1675408524971824337
1675408525166374389
1675408525366592150
1675408525566160639
1675408525776719077
1675408525976393660
1675408526176671004
1675408526376369493
1675408526577045326
1675408526785919285
1675408526986416264
1675408527186289701
1675408527361249597
1675408527561897357
1675408527761047722
1675408527971406576
1675408528171694492
1675408528371358034
1675408528571441524
1675408528771655846
1675408528981184284
1675408529181197721
1675408529380944440
1675408529576470481
1675408529776478450
1675408529976577565
1675408530186491940
1675408530386403867
1675408530586178919
1675408530786345898
1675408530986315846
1675408531176139023
1675408531376381002
1675408531575895949
1675408531772243501
1675408531971649283
1675408532171215480
1675408532382252616
1675408532581034699
1675408532781239282
1675408532981351418
1675408533181401834
1675408533391701730
1675408533592133032
1675408533792009438
1675408533986666782
1675408534186801521
1675408534386958136
1675408534596373188
1675408534777239646
1675408534976823500
1675408535177147198
1675408535377152250
1675408535586510688
