1675408445962046295
1675408445982031555
1675408446021706868
1675408446067953951
1675408446107760305
1675408446161775670
1675408446201913326
1675408446242799524
1675408446282030201
1675408446321593534
1675408446382037805
1675408446421869732
1675408446461459576
1675408446521396971
1675408446561709315
1675408446589765409
1675408446643165305
1675408446681505305
1675408446723595096
1675408446781663794
1675408446821930878
1675408446861997857
1675408446911359888
1675408446961688638
1675408447001864055
1675408447041898169
1675408447086891034
1675408447126017596
1675408447162580252
1675408447221915513
1675408447261672805
1675408447286757232
1675408447341585721
1675408447374163742
1675408447442140825
1675408447462096971
1675408447502969888
1675408447548546711
1675408447591792440
1675408447646503898
1675408447686747804
1675408447726678221
1675408447766268794
1675408447825770513
1675408447864777596
1675408447905243377
1675408447964580408
1675408447986209315
1675408448032653794
1675408448087178273
1675408448124768013
1675408448164643481
1675408448224833325
1675408448264645408
1675408448305434731
1675408448344965044
1675408448394837023
1675408448444930096
1675408448485035200
1675408448525206502
1675408448568920148
1675408448604982752
1675408448649409939
1675408448704920044
1675408448732854419
1675408448784932648
1675408448805668898
1675408448857763950
1675408448917316137
1675408448945740460
1675408448985020408
1675408449030923429
1675408449072144783
1675408449126481241
1675408449165814002
1675408449206616293
1675408449264992439
1675408449305554418
1675408449344994158
1675408449393621918
1675408449426610095
1675408449464560981
1675408449526460825
1675408449564809574
1675408449605131449
1675408449646751866
1675408449704940720
1675408449744789262
1675408449784496866
1675408449825185564
1675408449875374418
1675408449924776814
1675408449964878689
1675408450004819939
1675408450044639470
1675408450084902126
1675408450144848064
1675408450169914991
1675408450224907439
1675408450244909522
1675408450285249939
1675408450344792126
1675408450385043793
1675408450425130720
1675408450465138480
1675408450512494053
1675408450566066345
1675408450605593637
1675408450644524678
1675408450704807439
1675408450744822543
1675408450766833845
1675408450824911137
1675408450867143324
1675408450905431709
1675408450964704678
1675408451004997751
1675408451045268741
1675408451087656084
1675408451146565876
1675408451184917022
1675408451225534209
1675408451266885772
1675408451305751188
1675408451345220615
1675408451385164626
1675408451445248115
1675408451464836188
1675408451525493897
1675408451550757126
1675408451625346240
1675408451645204313
1675408451684834834
1675408451725782595
1675408451765308272
1675408451824822334
1675408451865154157
1675408451905449261
1675408451945678115
1675408452005590355
1675408452046127334
1675408452085601553
1675408452145314105
1675408452173834573
1675408452208923948
1675408452245316292
1675408452307835615
1675408452344760303
1675408452404782178
1675408452444846917
1675408452487820250
1675408452525458428
1675408452568991969
1675408452625058532
1675408452665092438
1675408452705720042
1675408452744620927
1675408452784707230
1675408452824540042
1675408452884334625
1675408452916203740
1675408452944744313
1675408452990473219
1675408453031239886
1675408453085334677
1675408453124587177
1675408453165030511
1675408453205300563
1675408453245287906
1675408453312782073
1675408453352724990
1675408453404889261
1675408453444540198
1675408453484380458
1675408453524929781
1675408453566684990
1675408453606414417
1675408453647454365
1675408453704713896
1675408453744911500
1675408453784711760
1675408453834146865
1675408453884767594
1675408453924447698
1675408453968439989
1675408454009700562
1675408454049442437
1675408454105136656
1675408454124525146
1675408454184474781
1675408454225161760
1675408454264644625
1675408454325195875
1675408454365065093
1675408454385064573
1675408454430780666
1675408454471606083
1675408454511244625
1675408454565082125
1675408454604888635
1675408454645279260
1675408454686037281
1675408454745202489
1675408454786242177
1675408454825574885
1675408454884894937
1675408454924416187
1675408454953906968
1675408455007527281
1675408455046539312
1675408455085052281
1675408455134409624
1675408455185216968
1675408455225278010
1675408455274641604
1675408455324685458
1675408455364638947
1675408455404299208
1675408455449374937
1675408455489767228
1675408455524431291
1675408455564634416
1675408455624707489
1675408455665016083
1675408455685737489
1675408455724856030
1675408455804522593
1675408455824934520
1675408455864765093
1675408455911338114
1675408455951700197
1675408456004727280
1675408456045361916
1675408456104705457
1675408456145112957
1675408456185025926
1675408456224821603
1675408456272691603
1675408456324497072
1675408456346867124
1675408456384672072
1675408456447410353
1675408456485145093
1675408456524668218
1675408456584391759
1675408456625051499
1675408456664509207
1675408456704510041
1675408456755773843
1675408456804623582
1675408456844467593
1675408456865017072
1675408456924824624
1675408456964241551
1675408457004628426
1675408457064396811
1675408457104932853
1675408457124538530
1675408457164619103
1675408457204863947
1675408457264682592
1675408457304877072
1675408457344866186
1675408457392058842
1675408457432645665
1675408457485728478
1675408457525786759
1675408457584493478
1675408457624597384
1675408457664878478
1675408457704491707
1675408457753357801
1675408457787473634
1675408457824507644
1675408457884625925
1675408457924451967
1675408457964532853
1675408458007641915
1675408458064439207
1675408458104304727
1675408458144111655
1675408458164891655
1675408458229597644
1675408458269437071
1675408458304496082
1675408458364420717
1675408458404715977
1675408458430302227
1675408458504318529
1675408458544401759
1675408458564739831
1675408458604596029
1675408458644772852
1675408458697717019
1675408458744484623
1675408458804341758
1675408458844520508
1675408458885350300
1675408458926080248
1675408458966068581
1675408459004630248
1675408459064373946
1675408459104489310
1675408459127327592
1675408459184304987
1675408459227820873
1675408459264515925
1675408459324505560
1675408459364574779
1675408459404502019
1675408459447892800
1675408459504310873
1675408459544417123
1675408459584984727
1675408459609462748
1675408459664760091
1675408459709679519
1675408459756663685
1675408459804835612
1675408459844902435
1675408459870748425
1675408459910831914
1675408459984779362
1675408460004680508
1675408460046173581
1675408460086244935
1675408460125354935
1675408460185057643
1675408460232993633
1675408460266267591
1675408460306601289
1675408460366643945
1675408460404569206
1675408460444645143
1675408460504614674
1675408460534612695
1675408460567952747
1675408460624822070
1675408460664608164
1675408460704603268
1675408460765018424
1675408460804229883
1675408460848128476
1675408460885016810
1675408460909739726
1675408460965295039
1675408461016299049
1675408461045218633
1675408461104518737
1675408461144894778
1675408461184523841
1675408461244472695
1675408461284938424
1675408461304603789
1675408461351358060
1675408461391384674
1675408461444354674
1675408461484323476
1675408461544329726
1675408461584698580
1675408461624751653
1675408461673122434
1675408461706313268
1675408461746486132
1675408461804343164
1675408461846991132
1675408461884338841
1675408461927621809
1675408461964314309
1675408462007737747
1675408462064584101
1675408462104348268
1675408462144296861
1675408462194563841
1675408462244156497
1675408462284430768
1675408462324913424
1675408462349602590
1675408462404992018
1675408462444877330
1675408462484324205
1675408462544347538
1675408462584883840
1675408462604518997
1675408462684922903
1675408462725233372
1675408462744709153
1675408462784544257
1675408462832176184
1675408462872431601
1675408462924399621
1675408462984235351
1675408463024180611
1675408463064948944
1675408463104896705
1675408463153213215
1675408463193194361
1675408463244372955
1675408463284570819
1675408463313679882
1675408463367454934
1675408463404025090
1675408463444380142
1675408463504463632
1675408463544321913
1675408463584626965
1675408463624720975
1675408463664682590
1675408463710125611
1675408463764917486
1675408463790119517
1675408463845122642
1675408463884851757
1675408463924962590
1675408463984599934
1675408464024508579
1675408464045126600
1675408464085003892
1675408464164879309
1675408464184721652
1675408464224319673
1675408464284550454
1675408464324605558
1675408464365026913
1675408464406422329
1675408464464454569
1675408464504690610
1675408464544519465
1675408464584566392
1675408464633586704
1675408464684585871
1675408464713786079
1675408464744692277
1675408464808356444
1675408464847674464
1675408464884799881
1675408464924610610
1675408464984763267
1675408465024606079
1675408465064306548
1675408465096255454
1675408465149569048
1675408465190565871
1675408465225108735
1675408465284885871
1675408465324888318
1675408465364888891
1675408465424675714
1675408465464506131
1675408465484894100
1675408465525282954
1675408465565631287
1675408465624944412
1675408465664596860
1675408465724626391
1675408465764334777
1675408465805861704
1675408465846362850
1675408465886391860
1675408465944606339
1675408465984522902
1675408466024568683
1675408466064622224
1675408466114764152
1675408466148539985
1675408466184270818
1675408466244319829
1675408466288371026
1675408466324751183
1675408466364588579
1675408466405044672
1675408466464366651
1675408466505053891
1675408466525131703
1675408466585517849
1675408466625021078
1675408466664411078
1675408466724583370
1675408466764739099
1675408466791514308
1675408466864505505
1675408466904330453
1675408466925240141
1675408466965129203
1675408467024246182
1675408467063950870
1675408467104664880
1675408467164239203
1675408467204232849
1675408467245816599
1675408467286724099
1675408467324941443
1675408467364282849
1675408467424242432
1675408467464285557
1675408467487805193
1675408467543957536
1675408467588223005
1675408467634650766
1675408467664482693
1675408467724419672
1675408467764424724
1675408467809145765
1675408467844716182
1675408467885170922
1675408467944587536
1675408467964706703
1675408468025238578
1675408468064917797
1675408468104720297
1675408468164560609
1675408468204275088
1675408468231518422
1675408468272233682
1675408468344591234
1675408468364872432
1675408468405342588
1675408468464608994
1675408468504483421
1675408468544525296
1675408468593628473
1675408468644400036
1675408468684344619
1675408468727403578
1675408468767091338
1675408468804702432
1675408468864693421
1675408468894826807
1675408468927850713
1675408468984334203
1675408469024314202
1675408469064221963
1675408469108820296
1675408469144322432
1675408469204431598
1675408469244576546
1675408469282358265
1675408469324737275
1675408469370366963
1675408469405372744
1675408469464422379
1675408469504752015
1675408469545040713
1675408469604487536
1675408469644630036
1675408469664458629
1675408469711830556
1675408469764522900
1675408469804520661
1675408469845843161
1675408469904445973
1675408469944546806
1675408469984330452
1675408470024801390
1675408470074136390
1675408470124565817
1675408470164486129
1675408470207197275
1675408470244235244
1675408470287787640
1675408470324152848
1675408470368950817
1675408470424205452
1675408470464467639
1675408470504248942
1675408470555125764
1675408470584191181
1675408470644552275
1675408470684237848
1675408470710289150
1675408470764695296
1675408470804909671
1675408470844780296
1675408470903970348
1675408470944527431
1675408470964664462
1675408471031810400
1675408471065089358
1675408471104334410
1675408471164405973
1675408471204387691
1675408471244800556
1675408471285609879
1675408471344784358
1675408471384349670
1675408471424671129
1675408471465133733
1675408471513676910
1675408471544456285
1675408471604466858
1675408471644588681
1675408471675278212
1675408471728319045
1675408471764780972
1675408471804429410
1675408471864392847
1675408471884843628
1675408471943977222
1675408471984801441
1675408472024595920
1675408472064797118
1675408472104578576
1675408472145306024
1675408472205017743
1675408472244634826
1675408472284295399
1675408472344872795
1675408472383926389
1675408472405188368
1675408472445581910
1675408472505767691
1675408472544467274
1675408472604579826
1675408472644392118
1675408472684602482
1675408472726259618
1675408472767688732
1675408472824165607
1675408472864552014
1675408472904728472
1675408472944569618
1675408472994077326
1675408473044422586
1675408473068534409
1675408473104411909
1675408473168852743
1675408473204498576
1675408473244511597
1675408473304541388
1675408473324769565
1675408473384316805
1675408473424929670
1675408473444851128
1675408473505038992
1675408473545290867
1675408473585111961
1675408473644108003
1675408473684358159
1675408473725204253
1675408473763875659
1675408473812344513
1675408473845894096
1675408473904240399
1675408473944368367
1675408473985523055
1675408474024235607
1675408474084214982
1675408474124381284
1675408474164944148
1675408474206961440
1675408474244850346
1675408474287566180
1675408474344504721
1675408474384506700
1675408474425356336
1675408474474852794
1675408474515352377
1675408474548849513
1675408474584663419
1675408474628963627
1675408474688736961
1675408474724914721
1675408474765545815
1675408474804850659
1675408474851300398
1675408474885716336
1675408474944911856
1675408474984833679
1675408475024369929
1675408475084257065
1675408475124922950
1675408475151915294
1675408475204092273
1675408475244295138
1675408475286002794
1675408475344398992
1675408475384357117
1675408475424603419
1675408475472840502
1675408475524576440
1675408475564444825
1675408475604289460
1675408475647771700
1675408475687752429
1675408475724535242
1675408475783872846
1675408475824416960
1675408475848106908
1675408475904380137
1675408475948779617
1675408475984089460
1675408476044448679
1675408476064432846
1675408476110045398
1675408476164059200
1675408476204537273
1675408476244500346
1675408476284498627
1675408476324769929
1675408476384473471
1675408476424662325
1675408476464242273
1675408476524145085
1675408476545122325
1675408476592273418
1675408476645592377
1675408476684176647
1675408476723943002
1675408476784437897
1675408476824247533
1675408476864294043
1675408476904276074
1675408476953618783
1675408477004389564
1675408477044476856
1675408477084733939
1675408477127491647
1675408477164298679
1675408477224233939
1675408477255152012
1675408477289188210
1675408477344094356
1675408477364351178
1675408477424373522
1675408477469210293
1675408477504544356
1675408477544386699
1675408477604255605
1675408477630820866
1675408477684913262
1675408477724941908
1675408477764324199
1675408477824207272
1675408477864478574
1675408477904142272
1675408477951719303
1675408477985628262
1675408478024378522
1675408478086034095
1675408478124555605
1675408478163961491
1675408478205812584
1675408478264107949
1675408478304796230
1675408478343972011
1675408478384262688
1675408478434544303
1675408478484290813
1675408478524641855
1675408478564017011
1675408478604179043
1675408478644536959
1675408478704353626
1675408478729166178
1675408478784271699
1675408478804268574
1675408478845020032
1675408478904248157
1675408478943949824
1675408478984572011
1675408479024561178
1675408479071222324
1675408479124983990
1675408479164226542
1675408479204249876
1675408479264444771
1675408479304627949
1675408479325143053
1675408479392316542
1675408479425715344
1675408479464422428
1675408479524092167
1675408479563997219
1675408479604180188
1675408479646113157
1675408479704557428
1675408479743969407
1675408479784363053
1675408479824489615
1675408479864669511
1675408479908420292
1675408479963971125
1675408480004155969
1675408480035161073
1675408480083994667
1675408480109026907
1675408480164139979
1675408480215941125
1675408480244418261
1675408480284667167
1675408480343957323
1675408480384290031
1675408480424672219
1675408480464398313
1675408480504737584
1675408480564518573
1675408480604186906
1675408480644348781
1675408480704258365
1675408480732488052
1675408480765416646
1675408480824371177
1675408480866268781
1675408480904507792
1675408480963999823
1675408481004395292
1675408481044182635
1675408481086438469
1675408481127323885
1675408481183956698
1675408481224151906
1675408481264914198
1675408481304331542
1675408481344073573
1675408481383861073
1675408481444139614
1675408481464019354
1675408481524635604
1675408481549246021
1675408481589651750
1675408481644392948
1675408481684631125
1675408481724904718
1675408481764326333
1675408481804525239
1675408481864678625
1675408481904629458
1675408481944500291
1675408482004312114
1675408482045038781
1675408482084395187
1675408482125943104
1675408482173276854
1675408482205857895
1675408482264434770
1675408482304013260
1675408482343870135
1675408482393040864
1675408482444146802
1675408482484301541
1675408482527330552
1675408482567645239
1675408482607429874
1675408482664249562
1675408482704246749
1675408482744573833
1675408482784282531
1675408482824383364
1675408482884303364
1675408482904481385
1675408482964215551
1675408482989620447
1675408483030108885
1675408483084235916
1675408483124285499
1675408483164455030
1675408483204660499
1675408483244642530
1675408483304675551
1675408483344061749
1675408483384186176
1675408483444239874
1675408483484049457
1675408483512939614
1675408483565859666
1675408483604224301
1675408483646527426
1675408483704761801
1675408483743874926
1675408483783970291
1675408483832994874
1675408483884203520
1675408483924306749
1675408483964204093
1675408484008632426
1675408484048522634
1675408484084190863
1675408484124349874
1675408484184058207
1675408484209182270
1675408484264236801
1675408484296150967
1675408484363983572
1675408484384023467
1675408484424163728
1675408484470341332
1675408484510954717
1675408484564040707
1675408484604365238
1675408484644250082
1675408484685411644
1675408484744220499
1675408484784022478
1675408484831644249
1675408484883888832
1675408484905860394
1675408484943984717
1675408485005968155
1675408485044323571
1675408485083969248
1675408485144127738
1675408485184029717
1675408485223855707
1675408485264035238
1675408485314690290
1675408485363828623
1675408485404094977
1675408485444443259
1675408485488194352
1675408485526385707
1675408485563713780
1675408485624555550
1675408485649764613
1675408485704410342
1675408485724465029
1675408485776337217
1675408485824332217
1675408485864212061
1675408485904513102
1675408485950823102
1675408485991484873
1675408486044489925
1675408486085126227
1675408486125291644
1675408486184018154
1675408486224327425
1675408486264311748
1675408486312679613
1675408486346042008
1675408486384186644
1675408486446397894
1675408486484472790
1675408486524156904
1675408486566236592
1675408486624250550
1675408486664590394
1675408486703947633
1675408486744121279
1675408486794643779
1675408486844004039
1675408486864176644
1675408486924502321
1675408486963854925
1675408487004138102
1675408487064282060
1675408487104539091
1675408487124251435
1675408487163902633
1675408487204537060
1675408487257050550
1675408487304565185
1675408487344253258
1675408487384448779
1675408487431813623
1675408487485843466
1675408487525547008
1675408487563828883
1675408487624236643
1675408487663883310
1675408487686848518
1675408487743836122
1675408487786433154
1675408487824252424
1675408487883953727
1675408487924196591
1675408487963963102
1675408488007113310
1675408488064053466
1675408488103897008
1675408488143855706
1675408488184243518
1675408488224344612
1675408488274949924
1675408488303905706
1675408488363960445
1675408488383875028
1675408488444020445
1675408488469653674
1675408488543849508
1675408488563605185
1675408488603744716
1675408488644076070
1675408488684855862
1675408488743884039
1675408488784184143
1675408488824143310
1675408488864355445
1675408488925622164
1675408488965173205
1675408489003956851
1675408489064120393
1675408489094808466
1675408489126910080
1675408489183620236
1675408489224154455
1675408489263996643
1675408489324131955
1675408489363968413
1675408489404071382
1675408489447622163
1675408489488983101
1675408489544392528
1675408489583746799
1675408489604152788
1675408489664058465
1675408489703920288
1675408489744287267
1675408489803852840
1675408489844330445
1675408489864190028
1675408489910504142
1675408489950164976
1675408490003746747
1675408490044078465
1675408490084620444
1675408490124780132
1675408490164815861
1675408490232239767
1675408490271860601
1675408490324070757
1675408490363891330
1675408490405157580
1675408490443582059
1675408490486557215
1675408490524202007
1675408490568647736
1675408490604012215
1675408490663991017
1675408490703746173
1675408490753391642
1675408490803797944
1675408490843939402
1675408490883937267
1675408490928657632
1675408490968454559
1675408491023835184
1675408491044053777
1675408491104362007
1675408491143849142
1675408491183802736
1675408491244136017
1675408491284154559
1675408491303937527
1675408491343816642
1675408491390693725
1675408491430492631
1675408491484215027
1675408491543833777
1675408491584043308
1675408491623974038
1675408491664143204
1675408491712667892
1675408491751621277
1675408491804016902
1675408491843852735
1675408491873205704
1675408491926355496
1675408491963789975
1675408492003766798
1675408492063869037
1675408492103912058
1675408492143763152
1675408492193932996
1675408492243986017
1675408492283861746
1675408492324159506
1675408492348780235
1675408492404112319
1675408492444029714
1675408492484053777
1675408492543534662
1675408492575756485
1675408492624015183
1675408492644091277
1675408492723873412
1675408492743789246
1675408492784073621
1675408492830590808
1675408492870773308
1675408492924003048
1675408492964929714
1675408493023985912
1675408493063651693
1675408493104289922
1675408493143713100
1675408493192079506
1675408493244007787
1675408493266796224
1675408493304007735
1675408493366869558
1675408493403649662
1675408493443800964
1675408493503840756
1675408493544128412
1675408493584042058
1675408493623982318
1675408493675537631
1675408493723586172
1675408493763598620
1675408493784150391
1675408493843845651
1675408493883567162
1675408493923730026
1675408493983839558
1675408494023628464
1675408494043620026
1675408494084514401
1675408494124182214
1675408494183919037
1675408494224031328
1675408494284183255
1675408494324470547
1675408494364240391
1675408494405433776
1675408494445255547
1675408494485638984
1675408494543832682
1675408494583875859
1675408494624123307
1675408494673353568
1675408494707233672
1675408494744491172
1675408494804122474
1675408494844014245
1675408494884632474
1675408494927370286
1675408494983654245
1675408495024245182
1675408495064018932
1675408495084535338
1675408495149573672
1675408495189258411
1675408495224173203
1675408495283936328
1675408495324273307
1675408495349795130
1675408495424213359
1675408495464322578
1675408495484067682
1675408495523983724
1675408495564106588
1675408495604281276
1675408495663743619
1675408495724047994
1675408495763770599
1675408495804761849
1675408495846038046
1675408495886482890
1675408495924022109
1675408495983655026
1675408496023930234
1675408496046911744
1675408496104076275
1675408496147240234
1675408496183742630
1675408496244099453
1675408496284131432
1675408496323862421
1675408496367281067
1675408496424058046
1675408496464132369
1675408496504357734
1675408496524179817
1675408496583815338
1675408496624029609
1675408496664039244
1675408496724055390
1675408496763725181
1675408496790422056
1675408496830346692
1675408496903790702
1675408496923902473
1675408496964057577
1675408497023901067
1675408497063722890
1675408497110869244
1675408497152427525
1675408497203700338
1675408497243943202
1675408497286150390
1675408497325974088
1675408497363733098
1675408497424050181
1675408497453410754
1675408497487026900
1675408497543910598
1675408497583750754
1675408497623876327
1675408497683697056
1675408497724319921
1675408497763620962
1675408497808251014
1675408497829093723
1675408497884510910
1675408497936104244
1675408497964003566
1675408498023738879
1675408498063951952
1675408498104143202
1675408498163736223
1675408498203837941
1675408498224454764
1675408498270880754
1675408498311694660
1675408498363697420
1675408498404034868
1675408498464358983
1675408498504535754
1675408498544403097
1675408498592456952
1675408498632568618
1675408498683768358
1675408498723584868
1675408498765922212
1675408498803909399
1675408498846954399
1675408498883655545
1675408498930573774
1675408498963790024
1675408499023637941
1675408499063692316
1675408499104199451
1675408499144384295
1675408499203843514
1675408499243452681
1675408499269471639
1675408499324031847
1675408499364277576
1675408499404051951
1675408499463947368
1675408499504361847
1675408499524092889
1675408499603792264
1675408499644103618
1675408499664019712
1675408499703958357
1675408499763705910
1675408499803679399
1675408499844952316
1675408499903795024
1675408499944353774
1675408499983757472
1675408500023956118
1675408500073220649
1675408500104289399
1675408500163873045
1675408500204036222
1675408500233959711
1675408500287259243
1675408500324014763
1675408500364069138
1675408500423767003
1675408500464447836
1675408500504006274
1675408500543756586
1675408500583797888
1675408500629060180
1675408500684406117
1675408500710061847
1675408500763972263
1675408500803855492
1675408500843894347
1675408500904765492
1675408500944055857
1675408500963697940
1675408501003949399
1675408501083458617
1675408501104165805
1675408501144435961
1675408501203761221
1675408501243779190
1675408501285098930
1675408501325900284
1675408501383412419
1675408501424024867
1675408501464359971
1675408501503894867
1675408501546643513
1675408501603870961
1675408501627416482
1675408501663873253
1675408501727654607
1675408501763673305
1675408501803769919
1675408501863876013
1675408501883758982
1675408501944372836
1675408501983871950
1675408502004039659
1675408502063925909
1675408502104379607
1675408502144687627
1675408502203984294
1675408502244022992
1675408502284053981
1675408502343959398
1675408502383945752
1675408502404424554
1675408502444508304
1675408502504732158
1675408502543993877
1675408502591484502
1675408502643889502
1675408502683719138
1675408502724012263
1675408502767238304
1675408502804192419
1675408502853447731
1675408502904436169
1675408502943684867
1675408502983679398
1675408503034047262
1675408503068297887
1675408503113950023
1675408503144007679
1675408503203935127
1675408503243903669
1675408503288322054
1675408503324211012
1675408503383417887
1675408503423944919
1675408503444496741
1675408503503977731
1675408503544447523
1675408503583967887
1675408503643944137
1675408503684601898
1675408503711591168
1675408503784358512
1675408503824010700
1675408503845330283
1675408503884656064
1675408503943906741
1675408503984291116
1675408504031927418
1675408504084484554
1675408504123495543
1675408504163964710
1675408504206888199
1675408504246656168
1675408504284334189
1675408504343907314
1675408504384358929
1675408504407449866
1675408504463911012
1675408504514281637
1675408504543911897
1675408504587745126
1675408504624035647
1675408504684637522
1675408504724164814
1675408504764404189
1675408504804319033
1675408504850168772
1675408504884403147
1675408504944305960
1675408504983951793
1675408505024571845
1675408505083893564
1675408505124405022
1675408505151454397
1675408505191659189
1675408505243884918
1675408505284047470
1675408505343893199
1675408505383574449
1675408505423940439
1675408505464268407
1675408505513852626
1675408505563868928
1675408505603665699
1675408505646669397
1675408505686682939
1675408505723645855
1675408505783873616
1675408505814492209
1675408505848031793
1675408505904251220
1675408505944145647
1675408505983586949
1675408506043869345
1675408506063881011
1675408506124039865
1675408506163596324
1675408506189358251
1675408506244166115
1675408506283955386
1675408506324049970
1675408506383543928
1675408506423567001
1675408506463488303
1675408506523911844
1675408506563669605
1675408506583441792
1675408506631096740
1675408506683890803
1675408506723861636
1675408506764571480
1675408506823563355
1675408506864060126
1675408506903897105
1675408506943767469
1675408506992941323
1675408507043515907
1675408507083904605
1675408507124137209
1675408507163901167
1675408507207469500
1675408507243695490
1675408507288867730
1675408507344089552
1675408507364327261
1675408507424200490
1675408507468690073
1675408507504317938
1675408507543796896
1675408507584529813
1675408507629680802
1675408507684469604
1675408507724278459
1675408507763675125
1675408507824766636
1675408507864408667
1675408507884428927
1675408507951546375
1675408507985115906
1675408508024245854
1675408508083649188
1675408508123926896
1675408508163916948
1675408508205669135
1675408508263714135
1675408508304000229
1675408508343311062
1675408508384223250
1675408508424559500
1675408508473653406
1675408508524349604
1675408508563931739
1675408508595162625
1675408508648271010
1675408508683853250
1675408508723773719
1675408508784187312
1675408508804068198
1675408508863574135
1675408508904227416
1675408508943417833
1675408508984469239
1675408509024467468
1675408509064396114
1675408509124432625
1675408509164074656
1675408509204054031
1675408509263891427
1675408509304142468
1675408509324883562
1675408509364999760
1675408509425175281
1675408509463618354
1675408509523930645
1675408509563609239
1675408509605422833
1675408509644019395
1675408509686959552
1675408509743732885
1675408509783445854
1675408509823684239
1675408509863631895
1675408509913131426
1675408509964153614
1675408509988084968
1675408510023725489
1675408510083777103
1675408510109051478
1675408510164160489
1675408510204175853
1675408510244162833
1675408510284569083
1675408510344168353
1675408510363976062
1675408510423954760
1675408510464227885
1675408510504369603
1675408510563726426
1675408510603926374
1675408510644021530
1675408510684065801
1675408510731594343
1675408510765339812
1675408510823856843
1675408510863791739
1675408510903916895
1675408510945528093
1675408511003602155
1675408511044086895
1675408511085884239
1675408511127580801
1675408511167170280
1675408511204246166
1675408511263581009
1675408511303537728
1675408511343679759
1675408511394572415
1675408511427804082
1675408511463671218
1675408511523752103
1675408511548902155
1675408511603535592
1675408511643489030
1675408511683944290
1675408511724144082
1675408511770107103
1675408511803830488
1675408511863790436
1675408511904178926
1675408511944202207
1675408512003696738
1675408512043535384
1675408512071386790
1675408512125014082
1675408512163723301
1675408512205623613
1675408512263743040
1675408512304025436
1675408512343969655
1675408512392570228
1675408512443541217
1675408512483751634
1675408512523610748
1675408512567269238
1675408512607674967
1675408512643680228
1675408512703691842
1675408512743730436
1675408512767872780
1675408512823731790
1675408512855314602
1675408512903683144
1675408512948382467
1675408512983834811
1675408513029450227
1675408513084024759
1675408513123924706
1675408513164140384
1675408513203867102
1675408513243728717
1675408513303945696
1675408513343429706
1675408513383647467
1675408513443783144
1675408513464816790
1675408513511720540
1675408513565375227
1675408513605108717
1675408513643860435
1675408513692452154
1675408513744169758
1675408513783768977
1675408513823479706
1675408513873989967
1675408513924050696
1675408513963898612
1675408514004223248
1675408514047630383
1675408514083999342
1675408514144180487
1675408514175212050
1675408514209664133
1675408514263861008
1675408514284084081
1675408514344083821
1675408514388901685
1675408514423487519
1675408514464335227
1675408514509754289
1675408514550691789
1675408514603800487
1675408514644050123
1675408514684486373
1675408514743599706
1675408514783592935
1675408514823539498
1675408514871617414
1675408514905446268
1675408514943627727
1675408515005405800
1675408515043658195
1675408515083496164
1675408515125706477
1675408515183498039
1675408515223492518
1675408515263533299
1675408515303778820
1675408515354181372
1675408515403488143
1675408515443561424
1675408515483611893
1675408515523947466
1675408515563491372
1675408515623689393
1675408515649265799
1675408515703842778
1675408515724292362
1675408515764051841
1675408515823951997
1675408515864053247
1675408515904300903
1675408515943857101
1675408515990910695
1675408516043722466
1675408516084120226
1675408516123627778
1675408516183978507
1675408516223570799
1675408516244772153
1675408516311964393
1675408516347155643
1675408516383447674
1675408516443137726
1675408516483860955
1675408516523683299
1675408516566430799
1675408516623647986
1675408516663586007
1675408516703744028
1675408516744265070
1675408516783816580
1675408516833838507
1675408516883781580
1675408516923546424
1675408516954723299
1675408516988547309
1675408517028577465
1675408517103843507
1675408517123750434
1675408517163581320
1675408517204261997
1675408517244056320
1675408517303945278
1675408517344035747
1675408517384305330
1675408517424034913
1675408517484555069
1675408517524507153
1675408517563254132
1675408517623620642
1675408517652321580
1675408517685678767
1675408517743820434
1675408517786414184
1675408517832522309
1675408517863660694
1675408517923653403
1675408517963498090
1675408518006762153
1675408518047627413
1675408518084023819
1675408518133867153
1675408518183529392
1675408518223990121
1675408518263389861
1675408518303763298
1675408518363719548
1675408518383828715
1675408518443082673
1675408518469813975
1675408518509439809
1675408518563539184
1675408518603957673
1675408518643841840
1675408518683975017
1675408518724069600
1675408518783838454
1675408518824144444
1675408518863948871
1675408518923439756
1675408518963938819
1675408519003647673
1675408519045497933
1675408519083657465
1675408519126435694
1675408519183483350
1675408519223636110
1675408519264156996
1675408519312612829
1675408519364234287
1675408519403577881
1675408519447341058
1675408519487604079
1675408519528078662
1675408519583391996
1675408519603646110
1675408519663367517
1675408519703899808
1675408519743842933
1675408519803763766
1675408519843974444
1675408519863424183
1675408519909933610
1675408519950555225
1675408519990239652
1675408520044027256
1675408520084134183
1675408520124018558
1675408520164480745
1675408520223723298
1675408520270992777
1675408520311331110
1675408520363586058
1675408520403387933
1675408520432245277
1675408520485640433
1675408520523405329
1675408520565703818
1675408520623594391
1675408520663417985
1675408520703536891
1675408520753347412
1675408520803396579
1675408520843556526
1675408520883534443
1675408520928655797
1675408520967798193
1675408521003284964
1675408521043386735
1675408521103325953
1675408521129117724
1675408521183326266
1675408521203301839
1675408521283544391
1675408521315458714
1675408521343853558
1675408521390118974
1675408521429891578
1675408521483786526
1675408521524447568
1675408521564149235
1675408521604391318
1675408521663822047
1675408521704010849
1675408521751721005
1675408521803391109
1675408521826021422
1675408521863652620
1675408521926406474
1675408521963568714
1675408522003345849
1675408522063106005
1675408522103543401
1675408522143552255
1675408522184239026
1675408522234314859
1675408522283564703
1675408522323331995
1675408522344177463
1675408522403323974
1675408522446448349
1675408522483987880
1675408522543693453
1675408522583658557
1675408522603371474
1675408522643455224
1675408522696049599
1675408522743696369
1675408522783789286
1675408522824701005
1675408522870714651
1675408522910946369
1675408522964517515
1675408523004149755
1675408523063419234
1675408523103576317
1675408523143844494
1675408523183360953
1675408523232133713
1675408523266327359
1675408523303114130
1675408523363902411
1675408523403051005
1675408523443495848
1675408523486225640
1675408523543127463
1675408523583461421
1675408523623358921
1675408523663943817
1675408523714925692
1675408523763507463
1675408523783579442
1675408523843561161
1675408523883701213
1675408523923346577
1675408523983420327
1675408524023500588
1675408524044411838
1675408524083493348
1675408524123940640
1675408524177134806
1675408524223705119
1675408524263855119
1675408524303932671
1675408524351439390
1675408524404949806
1675408524445383348
1675408524483328817
1675408524543154233
1675408524583570379
1675408524606205900
1675408524663570379
1675408524706201942
1675408524743857202
1675408524803533087
1675408524843266577
1675408524883559442
1675408524926637723
1675408524983956785
1675408525023565119
1675408525063538608
1675408525087861004
1675408525144173296
1675408525188524129
1675408525223529598
1675408525283782931
1675408525323453816
1675408525349798869
1675408525390033243
1675408525463688504
1675408525483907254
1675408525523912827
1675408525563693556
1675408525604163973
1675408525663356889
1675408525711062827
1675408525763488764
1675408525803542358
1675408525845380847
1675408525884836160
1675408525923039545
1675408525983519597
1675408526012305691
1675408526045909910
1675408526103441212
1675408526143400327
1675408526192763816
1675408526223340222
1675408526283306629
1675408526323463556
1675408526366772670
1675408526407822879
1675408526463200951
1675408526503296785
1675408526523719962
1675408526583847306
1675408526623143972
1675408526663223139
1675408526723440951
1675408526763509649
1675408526783446368
1675408526829952149
1675408526869834962
1675408526923523972
1675408526963420378
1675408527004209545
1675408527043868035
1675408527084262305
1675408527151507253
1675408527191419701
1675408527243217149
1675408527283833087
1675408527325151889
1675408527363244753
1675408527406162722
1675408527443188399
1675408527486992201
1675408527543271576
1675408527583177305
1675408527623185586
1675408527672948034
1675408527723166263
1675408527763105847
1675408527807255274
1675408527828512045
1675408527883431732
1675408527923870534
1675408527963236211
1675408528023394492
1675408528063888242
1675408528083549753
1675408528163403867
1675408528203047201
1675408528223862253
1675408528263499388
1675408528310278607
1675408528350709440
1675408528403325326
1675408528463331524
1675408528503191003
1675408528543345638
1675408528583930586
1675408528632074023
1675408528671594596
1675408528723153294
1675408528763271471
1675408528792822930
1675408528846556575
1675408528883338190
1675408528923513815
1675408528983316107
1675408529023189388
1675408529063135794
1675408529114090742
1675408529163244180
1675408529203264232
1675408529243267930
1675408529268995898
1675408529323864544
1675408529363627617
1675408529403274388
1675408529463482982
1675408529503420638
1675408529523582096
1675408529563869596
1675408529643529075
1675408529663554023
1675408529703881836
1675408529744305898
1675408529790517721
1675408529843776731
1675408529884911836
1675408529943701367
1675408529983486106
1675408530024231523
1675408530063258971
1675408530111950950
1675408530163462981
1675408530186786315
1675408530223969960
1675408530286927356
1675408530326433190
1675408530363537617
1675408530403848762
1675408530463738919
1675408530503347148
1675408530543688398
1675408530575313814
1675408530628760221
1675408530668527460
1675408530704399179
1675408530763581783
1675408530803996471
1675408530843382096
1675408530903690637
1675408530943559127
1675408530963866471
1675408531003774075
1675408531043534179
1675408531103629700
1675408531143853710
1675408531203242356
1675408531242800168
1675408531284363189
1675408531325325533
1675408531363842929
1675408531411762043
1675408531463153606
1675408531503518762
1675408531543010949
1675408531592755845
1675408531626294804
1675408531663374960
1675408531723547147
1675408531763741991
1675408531803264543
1675408531846831054
1675408531903561574
1675408531943388918
1675408531984177251
1675408532003472928
1675408532068700585
1675408532108786053
1675408532143371835
1675408532203528189
1675408532243476210
1675408532269930428
1675408532343463553
1675408532383922512
1675408532403649126
1675408532443892980
1675408532503147564
1675408532543245220
1675408532590846105
1675408532643165637
1675408532683123293
1675408532724729178
1675408532765894491
1675408532805714386
1675408532843160220
1675408532903187668
1675408532943513709
1675408532969137095
1675408533010307459
1675408533067124751
1675408533103161782
1675408533163324803
1675408533203094491
1675408533243729230
1675408533283528501
1675408533323397563
1675408533374573918
1675408533423729543
1675408533443696313
1675408533504009959
1675408533543743917
1675408533583558188
1675408533643676261
1675408533683483449
1675408533710404074
1675408533750207719
1675408533823519803
1675408533843865115
1675408533883941105
1675408533943572771
1675408533983185844
1675408534023692251
1675408534072230428
1675408534123392876
1675408534163205532
1675408534206421105
1675408534245694855
1675408534283520167
1675408534343752823
1675408534373463553
1675408534407142146
1675408534462962615
1675408534503401938
1675408534543374542
1675408534603323761
1675408534643377302
1675408534683159490
1675408534728146938
1675408534748639334
1675408534803658500
1675408534855914594
1675408534883981729
1675408534943397615
1675408534983576521
1675408535023797198
1675408535083540792
1675408535123452771
1675408535142959542
1675408535191190636
1675408535243511677
1675408535283712771
1675408535324217042
1675408535383390219
1675408535423352146
1675408535463731313
1675408535512041729
1675408535552491729
1675408535603970844
1675408535643133656
1675408535685905115
1675408535723128500
1675408535766435583
1675408535803102823
1675408535846887094
