1675408448226716649
1675408448264809149
1675408448305034410
1675408448345005035
1675408448387310087
1675408448446096805
1675408448485382951
1675408448525551024
1675408448564704305
1675408448605541128
1675408448645808472
1675408448705604149
1675408448745842118
1675408448785615868
1675408448826621128
1675408448865470868
1675408448925808524
1675408448965221284
1675408449005404618
1675408449044817638
1675408449085505503
1675408449126111909
1675408449186066493
1675408449226090503
1675408449265151076
1675408449306543888
1675408449346193576
1675408449386174617
1675408449445307170
1675408449485864565
1675408449526614982
1675408449565841545
1675408449606398003
1675408449666134930
1675408449705852378
1675408449746080294
1675408449786407430
1675408449825507065
1675408449865633888
1675408449926142013
1675408449965848055
1675408450005919253
1675408450045925190
1675408450085853680
1675408450126585138
1675408450185891805
1675408450226142117
1675408450265313367
1675408450305357690
1675408450346459669
1675408450405390346
1675408450446496336
1675408450485531440
1675408450525614409
1675408450565839669
1675408450605221388
1675408450665534565
1675408450705566440
1675408450745660554
1675408450786004357
1675408450825739617
1675408450865404669
1675408450925659617
1675408450965983940
1675408451005935867
1675408451045373263
1675408451085284617
1675408451145489356
1675408451186490138
1675408451226171752
1675408451265505711
1675408451305013158
1675408451345288210
1675408451405877065
1675408451445902846
1675408451485927325
1675408451526177846
1675408451565642169
1675408451605761752
1675408451665404044
1675408451704960137
1675408451745362169
1675408451785769044
1675408451825589200
1675408451885708262
1675408451925337012
1675408451965636752
1675408452005650866
1675408452045759616
1675408452085411335
1675408452145622169
1675408452185687169
1675408452225205606
1675408452265766283
1675408452306114668
1675408452346156700
1675408452406207273
1675408452445331023
1675408452485329148
1675408452525218314
1675408452565723523
1675408452625783210
1675408452667087481
1675408452706497793
1675408452745243470
1675408452785668731
1675408452826070241
1675408452886240658
1675408452924838574
1675408452965674043
1675408453005874616
1675408453047369668
1675408453085286439
1675408453144738887
1675408453185876335
1675408453224937220
1675408453265247845
1675408453305609928
1675408453365056178
1675408453405061022
1675408453444831856
1675408453484812845
1675408453525428001
1675408453565205085
1675408453625231126
1675408453664999772
1675408453705446491
1675408453744743105
1675408453785602689
1675408453825410970
1675408453885103001
1675408453925850241
1675408453964630189
1675408454005715814
1675408454044699095
1675408454104654980
1675408454144982376
1675408454185108470
1675408454224914772
1675408454265072220
1675408454304999876
1675408454364738782
1675408454405011438
1675408454444979355
1675408454484696126
1675408454524942220
1675408454584741178
1675408454624988678
1675408454664688209
1675408454704661751
1675408454744951334
1675408454784728209
1675408454844954667
1675408454884678157
1675408454925288470
1675408454965475345
1675408455005326490
1675408455045214615
1675408455104713522
1675408455144697480
1675408455184763730
1675408455225189511
1675408455265054824
1675408455325025917
1675408455364990396
1675408455404634303
1675408455444964719
1675408455484682167
1675408455524574615
1675408455584595396
1675408455624544823
1675408455664736230
1675408455704783000
1675408455744988886
1675408455785444771
1675408455845419615
1675408455884750136
1675408455924832063
1675408455964500709
1675408456005006438
1675408456064722480
1675408456105185240
1675408456144685240
1675408456184866125
1675408456224505032
1675408456264708417
1675408456324435344
1675408456364569563
1675408456405031542
1675408456444708990
1675408456484853729
1675408456524420344
1675408456584765917
1675408456624696594
1675408456664769302
1675408456704757063
1675408456744423781
1675408456804788365
1675408456844391073
1675408456884610448
1675408456924444510
1675408456964493208
1675408457006184510
1675408457064493469
1675408457104509042
1675408457144697167
1675408457184770292
1675408457224743104
1675408457264407114
1675408457324439354
1675408457364698469
1675408457404471229
1675408457444437323
1675408457484971541
1675408457544448521
1675408457584439406
1675408457625127010
1675408457665010500
1675408457704803729
1675408457744734093
1675408457804462323
1675408457844380135
1675408457885044666
1675408457924567427
1675408457964483156
1675408458004498520
1675408458064396489
1675408458104708885
1675408458144629666
1675408458185124354
1675408458224685291
1675408458284718625
1675408458324461697
1675408458364550968
1675408458404431072
1675408458444760552
1675408458484776489
1675408458544563676
1675408458584873468
1675408458624406281
1675408458665076229
1675408458704834979
1675408458745214301
1675408458804562531
1675408458844785291
1675408458884564301
1675408458925320291
1675408458964847218
1675408459024611489
1675408459064670655
1675408459105582270
1675408459144721020
1675408459186061176
1675408459224737426
1675408459284437478
1675408459324542999
1675408459364445603
1675408459404504301
1675408459444931957
1675408459484459614
1675408459544844770
1675408459584480030
1675408459624507322
1675408459664933728
1675408459704539353
1675408459765300082
1675408459804742634
1675408459844471020
1675408459885137895
1675408459925190291
1675408459965403155
1675408460024784822
1675408460064957374
1675408460106241593
1675408460145789405
1675408460185215915
1675408460226095759
1675408460284952843
1675408460324859770
1675408460364548363
1675408460405748467
1675408460445235759
1675408460504747686
1675408460544500342
1675408460584618155
1675408460626003572
1675408460665122530
1675408460704527582
1675408460764507009
1675408460805581228
1675408460844612478
1675408460884808051
1675408460924532582
1675408460984146957
1675408461024793936
1675408461064432426
1675408461104568363
1675408461145447061
1675408461184782061
1675408461244458363
1675408461284484925
1675408461325059405
1675408461364794665
1675408461404568050
1675408461445871957
1675408461505240915
1675408461544740863
1675408461584396957
1675408461624636332
1675408461665007061
1675408461724741696
1675408461764535290
1675408461804780811
1675408461844755759
1675408461884853988
1675408461924891592
1675408461984491279
1675408462024913571
1675408462065357790
1675408462105091436
1675408462145272061
1675408462184591488
1675408462244862842
1675408462284508310
1675408462324535810
1675408462364807373
1675408462404609352
1675408462464946852
1675408462504662477
1675408462544355706
1675408462584388154
1675408462624992894
1675408462665595133
1675408462724945810
1675408462764662112
1675408462804467946
1675408462844742581
1675408462884888206
1675408462924498987
1675408462984640498
1675408463025019612
1675408463065611644
1675408463104484560
1675408463144419977
1675408463204540862
1675408463244844196
1675408463284534039
1675408463324491383
1675408463364748310
1675408463405807060
1675408463464363102
1675408463504828987
1675408463544404091
1675408463585077841
1675408463624427112
1675408463664602841
1675408463724510289
1675408463765595706
1675408463804397060
1675408463844330237
1675408463884671747
1675408463944392008
1675408463985153206
1675408464024558206
1675408464064729456
1675408464104772841
1675408464144653883
1675408464205633726
1675408464245540914
1675408464284355081
1675408464324422528
1675408464364955445
1675408464404879091
1675408464464452997
1675408464504535289
1675408464544454508
1675408464584478205
1675408464624518153
1675408464684407841
1675408464724493257
1675408464764369143
1675408464804633101
1675408464845539560
1675408464885586695
1675408464944374559
1675408464984338153
1675408465024922268
1675408465065182424
1675408465104298257
1675408465144530132
1675408465204632216
1675408465244403466
1675408465284588049
1675408465324429872
1675408465364750341
1675408465424929663
1675408465464700028
1675408465504688309
1675408465544646538
1675408465584402580
1675408465624539403
1675408465684792840
1675408465724957111
1675408465764375132
1675408465804673778
1675408465844425080
1675408465885477215
1675408465944330705
1675408465985560236
1675408466024573049
1675408466064687476
1675408466104613517
1675408466165491174
1675408466205525705
1675408466245934194
1675408466285509663
1675408466324410028
1675408466365509767
1675408466424673882
1675408466465493361
1675408466506107892
1675408466545935184
1675408466586408465
1675408466624635809
1675408466685393621
1675408466724923882
1675408466765985913
1675408466806740288
1675408466846748621
1675408466906370965
1675408466947019507
1675408466986476486
1675408467024974975
1675408467064591850
1675408467105131590
1675408467165352632
1675408467205016173
1675408467245063048
1675408467285312684
1675408467325165184
1675408467384603204
1675408467426626225
1675408467465987892
1675408467505405496
1675408467547620027
1675408467584868413
1675408467644944871
1675408467685530340
1675408467725110756
1675408467765911225
1675408467805351538
1675408467845710704
1675408467905233725
1675408467945952110
1675408467985190079
1675408468025596798
1675408468066179090
1675408468126491069
1675408468165737527
1675408468205796121
1675408468245596381
1675408468286176746
1675408468325416225
1675408468385422787
1675408468426040548
1675408468464950131
1675408468504951485
1675408468545040183
1675408468585628725
1675408468645397162
1675408468685073933
1675408468725378829
1675408468764808464
1675408468805498673
1675408468865339037
1675408468905312266
1675408468945071745
1675408468985363308
1675408469025917735
1675408469065492683
1675408469125272527
1675408469164760912
1675408469204673829
1675408469244922110
1675408469284947474
1675408469325027266
1675408469385234037
1675408469425437318
1675408469465462787
1675408469505955391
1675408469546016901
1675408469605913464
1675408469644917474
1675408469685283464
1675408469725245756
1675408469764835287
1675408469806586016
1675408469866037266
1675408469905923464
1675408469945462162
1675408469985003360
1675408470025355235
1675408470065234141
1675408470125394870
1675408470164803985
1675408470204698099
1675408470244982057
1675408470285332005
1675408470345601901
1675408470384789349
1675408470425347266
1675408470465907214
1675408470504913464
1675408470545008047
1675408470605608151
1675408470644899401
1675408470684464557
1675408470724878620
1675408470768354557
1675408470804763099
1675408470864908307
1675408470904693620
1675408470945181328
1675408470985254036
1675408471025419661
1675408471084653724
1675408471125245182
1675408471166935651
1675408471205711953
1675408471245005338
1675408471285287109
1675408471348371484
1675408471385689349
1675408471425461849
1675408471465486119
1675408471505408359
1675408471545924401
1675408471604946432
1675408471645416172
1675408471685298932
1675408471725599974
1675408471765621067
1675408471825033515
1675408471864943880
1675408471904914453
1675408471944937630
1675408471985127734
1675408472024736171
1675408472084933880
1675408472124854140
1675408472165250338
1675408472205766223
1675408472245972942
1675408472286016588
1675408472345753150
1675408472386657213
1675408472425950755
1675408472465634505
1675408472505542525
1675408472565976848
1675408472604377109
1675408472644375754
1675408472685497213
1675408472725441640
1675408472764855286
1675408472824338150
1675408472865528515
1675408472904637629
1675408472944688619
1675408472985592942
1675408473024647108
1675408473085483775
1675408473125474244
1675408473165107421
1675408473204797994
1675408473245478306
1675408473305477473
1675408473344679244
1675408473385569035
1675408473425531275
1675408473465523515
1675408473505490910
1675408473565416327
1675408473606533983
1675408473644889400
1675408473684923619
1675408473725163619
1675408473784852421
1675408473824993358
1675408473866423306
1675408473905625077
1675408473945863306
1675408473986110910
1675408474045305650
1675408474085788306
1675408474125731066
1675408474165239868
1675408474204703827
1675408474245912368
1675408474305329816
1675408474345378879
1675408474385784295
1675408474425129556
1675408474465863202
1675408474524445129
1675408474564881587
1675408474605039504
1675408474644940233
1675408474685577264
1675408474725485858
1675408474784336587
1675408474825546535
1675408474864553306
1675408474905484556
1675408474944270701
1675408474985566691
1675408475045504399
1675408475085874816
1675408475125935649
1675408475166202785
1675408475205653931
1675408475265124816
1675408475305453306
1675408475344846743
1675408475384901483
1675408475424892003
1675408475465497212
1675408475524328983
1675408475565437628
1675408475604252680
1675408475645432785
1675408475685427003
1675408475725505232
1675408475784642524
1675408475824825753
1675408475865345649
1675408475904979087
1675408475945741951
1675408476005174243
1675408476045049920
1675408476084790909
1675408476126186743
1675408476165402211
1675408476204664659
1675408476265190961
1675408476305157993
1675408476345237107
1675408476384942576
1675408476425019503
1675408476465602888
1675408476525941795
1675408476565239138
1675408476605504868
1675408476645669503
1675408476685555545
1675408476745869503
1675408476785296326
1675408476825229972
1675408476865793097
1675408476905851274
1675408476945909190
1675408477005060232
1675408477045006794
1675408477086105180
1675408477125201326
1675408477165306638
1675408477204739607
1675408477265173461
1675408477305272471
1675408477345502055
1675408477384980753
1675408477424775388
1675408477484837211
1675408477524880128
1675408477564873200
1675408477605932732
1675408477646118200
1675408477685935805
1675408477745374763
1675408477785579138
1675408477825133200
1675408477865374034
1675408477905700700
1675408477946487888
1675408478005850909
1675408478045328096
1675408478085460336
1675408478125221690
1675408478165089502
1675408478224676950
1675408478264830544
1675408478304843044
1675408478344880492
1675408478384987784
1675408478425471481
1675408478485106481
1675408478524849763
1675408478564899971
1675408478605034919
1675408478644618460
1675408478684465544
1675408478744522002
1675408478784788460
1675408478825458044
1675408478865442419
1675408478905344815
1675408478964238721
1675408479004428356
1675408479044301273
1675408479084553825
1675408479124872992
1675408479164174346
1675408479226543825
1675408479264753825
1675408479305288252
1675408479345587939
1675408479385169762
1675408479425584919
1675408479485199502
1675408479524720179
1675408479564811064
1675408479605628668
1675408479645384293
1675408479705111221
1675408479745744085
1675408479784373720
1675408479825253616
1675408479866489970
1675408479905127575
1675408479965830179
1675408480004916116
1675408480044987679
1675408480085852627
1675408480125504710
1675408480184086324
1675408480225270387
1675408480264553512
1675408480304750439
1675408480345347991
1675408480385183147
1675408480444933408
1675408480485773095
1675408480525697262
1675408480565677939
1675408480604173929
1675408480645019918
1675408480705783460
1675408480745852158
1675408480786190751
1675408480825266012
1675408480865968043
1675408480925809710
1675408480965285491
1675408481004225387
1675408481044916376
1675408481084851376
1675408481125184918
1675408481184897262
1675408481224874970
1675408481264730022
1675408481304740387
1675408481344684709
1675408481385991741
1675408481444518199
1675408481484749657
1675408481525020595
1675408481565081897
1675408481604941220
1675408481665163251
1675408481705076636
1675408481745763720
1675408481784117001
1675408481825138668
1675408481864910438
1675408481925133147
1675408481965601428
1675408482005659865
1675408482044553615
1675408482085087313
1675408482126245230
1675408482184315803
1675408482225290282
1675408482264846949
1675408482304525334
1675408482344246740
1675408482404277209
1675408482445705699
1675408482485749501
1675408482524944917
1675408482564849813
1675408482604271688
1675408482665613667
1675408482704804292
1675408482744823511
1675408482784907626
1675408482825004501
1675408482866125334
1675408482924807678
1675408482965143251
1675408483004345646
1675408483045181011
1675408483085635855
1675408483145345750
1675408483185159865
1675408483225326636
1675408483264938719
1675408483305312209
1675408483345748459
1675408483405366427
1675408483444625230
1675408483485096011
1675408483525470907
1675408483565546479
1675408483604715125
1675408483666554188
1675408483705074240
1675408483745667209
1675408483785698927
1675408483824686531
1675408483884957261
1675408483925946115
1675408483965338511
1675408484004099865
1675408484045132469
1675408484085281688
1675408484145083354
1675408484185065229
1675408484225106688
1675408484266186792
1675408484305483250
1675408484345588302
1675408484404140490
1675408484444316583
1675408484484813198
1675408484524714760
1675408484565281635
1675408484625636792
1675408484665621531
1675408484705486323
1675408484746610229
1675408484784751479
1675408484824859135
1675408484884808146
1675408484924815646
1675408484965100958
1675408485004540333
1675408485045247468
1675408485085398250
1675408485144761948
1675408485184353875
1675408485224621895
1675408485265182573
1675408485305607729
1675408485365255698
1675408485405638510
1675408485445876427
1675408485485668718
1675408485525609187
1675408485566195697
1675408485624813406
1675408485665955281
1675408485705411947
1675408485745066843
1675408485784158822
1675408485824634447
1675408485885149551
1675408485925796947
1675408485965955020
1675408486004207364
1675408486045031166
1675408486105609031
1675408486145551374
1675408486185662520
1675408486225108510
1675408486266128249
1675408486305865333
1675408486364738614
1675408486404507155
1675408486445627312
1675408486484842624
1675408486524776791
1675408486584827155
1675408486624621635
1675408486666385957
1675408486705128666
1675408486745859187
1675408486785020384
1675408486845027937
1675408486884502937
1675408486925118562
1675408486965228718
1675408487004478822
1675408487045370905
1675408487104688561
1675408487145123249
1675408487185419968
1675408487225030176
1675408487264529499
1675408487324652520
1675408487365876582
1675408487404124655
1675408487444820697
1675408487484764655
1675408487524804238
1675408487585135801
1675408487624732572
1675408487664676113
1675408487705068770
1675408487744955072
1675408487785236738
1675408487844813613
1675408487884555749
1675408487925697624
1675408487964859499
1675408488004356530
1675408488064817155
1675408488105531634
1675408488144786894
1675408488185062571
1675408488225255644
1675408488267090071
1675408488325829915
1675408488365835592
1675408488404191582
1675408488445030436
1675408488484742571
1675408488525438821
1675408488585722415
1675408488625608978
1675408488666421425
1675408488704544082
1675408488744824759
1675408488804063457
1675408488845629811
1675408488884160175
1675408488925816425
1675408488965219446
1675408489005389342
1675408489065277675
1675408489104590279
1675408489145502519
1675408489185487102
1675408489225005071
1675408489264883925
1675408489324971686
1675408489364670540
1675408489404030227
1675408489444938508
1675408489485162936
1675408489545590383
1675408489585266425
1675408489624969863
1675408489665542883
1675408489704962102
1675408489745060488
1675408489804049758
1675408489844846217
1675408489884569550
1675408489925463925
1675408489965292779
1675408490004070696
1675408490064692050
1675408490104695071
1675408490145150227
1675408490184450800
1675408490225470956
1675408490284308560
1675408490324376581
1675408490365155696
1675408490404262154
1675408490445109966
1675408490485299862
1675408490544786529
1675408490584630331
1675408490625793821
1675408490666190070
1675408490704743508
1675408490744678039
1675408490804379862
1675408490845263248
1675408490885560956
1675408490924670070
1675408490965159497
1675408491024971320
1675408491065045643
1675408491104539341
1675408491145719966
1675408491186155174
1675408491225955747
1675408491285205852
1675408491324470122
1675408491364908716
1675408491404218247
1675408491445072779
1675408491485239810
1675408491544081737
1675408491585703247
1675408491624188612
1675408491665371893
1675408491705134862
1675408491765759185
1675408491806054914
1675408491844562258
1675408491886144185
1675408491924387101
1675408491965308924
1675408492024311424
1675408492064985695
1675408492105538195
1675408492145079132
1675408492187090955
1675408492224946632
1675408492285608612
1675408492324592049
1675408492365647362
1675408492404290174
1675408492445002674
1675408492504160174
1675408492544671268
1675408492585516476
1675408492625875018
1675408492665722361
1675408492705453455
1675408492765887413
1675408492804191372
1675408492844435382
1675408492884679236
1675408492925657518
1675408492984793351
1675408493024629288
1675408493064784236
1675408493104619132
1675408493144685747
1675408493185466476
1675408493244609132
1675408493284953611
1675408493324744497
1675408493366127882
1675408493404586059
1675408493444794080
1675408493504322205
1675408493544950746
1675408493585239601
1675408493624876476
1675408493666020799
1675408493725148663
1675408493765054184
1675408493804063976
1675408493845029496
1675408493885621684
1675408493924539965
1675408493984405173
1675408494024922986
1675408494066836475
1675408494107611215
1675408494144837361
1675408494185620694
1675408494245270955
1675408494285605694
1675408494324927257
1675408494365176319
1675408494403971267
1675408494465253194
1675408494505492100
1675408494545177725
1675408494584663871
1675408494624748975
1675408494665379809
1675408494725254704
1675408494765643715
1675408494805676944
1675408494845412933
1675408494885660642
1675408494925236058
1675408494985505694
1675408495023917308
1675408495064707308
1675408495104420590
1675408495144263038
1675408495205353402
1675408495244527100
1675408495285815902
1675408495324814808
1675408495365023037
1675408495405127517
1675408495464693975
1675408495504543402
1675408495544433662
1675408495585158662
1675408495624172933
1675408495664652621
1675408495724504027
1675408495764584704
1675408495804598506
1675408495844453662
1675408495885577464
1675408495944323923
1675408495984959860
1675408496024177568
1675408496064858193
1675408496105360850
1675408496144489339
1675408496205014183
1675408496244818298
1675408496286219495
1675408496324195329
1675408496364631422
1675408496404274495
1675408496464626579
1675408496504861631
1675408496545038454
1675408496584988714
1675408496624885329
1675408496684680537
1675408496724444860
1675408496764546058
1675408496804613870
1675408496845266735
1675408496887549026
1675408496944192933
1675408496986348558
1675408497025070849
1675408497065559443
1675408497105213089
1675408497145886526
1675408497203971006
1675408497244965224
1675408497285752880
1675408497324699235
1675408497366101787
1675408497423950172
1675408497464949964
1675408497507590380
1675408497545279912
1675408497585861839
1675408497626870328
1675408497684902516
1675408497724366162
1675408497764990224
1675408497804426005
1675408497844947932
1675408497884679964
1675408497944928245
1675408497984941005
1675408498024310380
1675408498064600432
1675408498105067359
1675408498164384130
1675408498205347203
1675408498245192255
1675408498285412047
1675408498325409547
1675408498365562776
1675408498423950640
1675408498464704755
1675408498505011943
1675408498546172047
1675408498584850797
1675408498623933870
1675408498684766109
1675408498724293974
1675408498764775067
1675408498804947047
1675408498845024807
1675408498904857932
1675408498944504547
1675408498985024026
1675408499023951786
1675408499064485119
1675408499104525692
1675408499164576213
1675408499204955328
1675408499244863609
1675408499284668973
1675408499324938348
1675408499385035067
1675408499424645900
1675408499464661005
1675408499504936734
1675408499545218348
1675408499584964390
1675408499644962255
1675408499685001786
1675408499725606005
1675408499764596577
1675408499804949234
1675408499844829234
1675408499904576161
1675408499944943973
1675408499985571838
1675408500024441421
1675408500064570536
1675408500124627827
1675408500166756577
1675408500204320379
1675408500244103817
1675408500285176629
1675408500325274546
1675408500384670431
1675408500424227879
1675408500465039390
1675408500504404129
1675408500544265796
1675408500584674598
1675408500644588244
1675408500684541890
1675408500724774754
1675408500764310796
1675408500804145692
1675408500864637150
1675408500905578556
1675408500944799494
1675408500984350431
1675408501024594077
1675408501065301889
1675408501125486837
1675408501165981108
1675408501204694962
1675408501244533191
1675408501284919077
1675408501324874598
1675408501385793400
1675408501424731264
1675408501464226889
1675408501504187566
1675408501544815639
1675408501604938400
1675408501644599754
1675408501684444493
1675408501725585118
1675408501764981212
1675408501804748608
1675408501864669389
1675408501904498712
1675408501945076056
1675408501984879650
1675408502024649181
1675408502064701733
1675408502125226264
1675408502164868712
1675408502204570222
1675408502244680743
1675408502284733139
1675408502344687358
1675408502384850326
1675408502425118556
1675408502464890847
1675408502504468243
1675408502544463451
1675408502604791993
1675408502644561576
1675408502684471003
1675408502724375222
1675408502766017253
1675408502804662462
1675408502865433295
1675408502904894701
1675408502945079285
1675408502984879701
1675408503024733243
1675408503084625430
1675408503124217253
1675408503166120118
1675408503204382201
1675408503244764128
1675408503284412462
1675408503345667461
1675408503385107097
1675408503424612149
1675408503464930899
1675408503504600639
1675408503544522774
1675408503604576941
1675408503644853711
1675408503684385743
1675408503724775066
1675408503765632670
1675408503824363086
1675408503864959805
1675408503904645690
1675408503944755222
1675408503984666732
1675408504024293034
1675408504084527774
1675408504125046576
1675408504164255222
1675408504204395847
1675408504244478034
1675408504284444857
1675408504344890326
1675408504384363086
1675408504424532774
1675408504465101732
1675408504504739701
1675408504564391471
1675408504604063555
1675408504644423607
1675408504684794544
1675408504724370430
1675408504764226680
1675408504823820221
1675408504864430586
1675408504904840898
1675408504945042357
1675408504985673555
1675408505024241159
1675408505084466055
1675408505124459700
1675408505165013086
1675408505204733555
1675408505244949648
1675408505304666315
1675408505344518346
1675408505384327461
1675408505423805742
1675408505464425377
1675408505504453242
1675408505564704596
1675408505604573242
1675408505644525377
1675408505684836888
1675408505724805794
1675408505784297513
1675408505824876523
1675408505865211263
1675408505904888606
1675408505944957669
1675408505984468450
1675408506044341158
1675408506084572044
1675408506124466419
1675408506164571263
1675408506206106940
1675408506244796940
1675408506305455690
1675408506345489856
1675408506384051887
1675408506424365377
1675408506465793606
1675408506524361575
1675408506564757044
1675408506604475846
1675408506644890064
1675408506684764544
1675408506724791991
1675408506786235377
1675408506824491887
1675408506864656991
1675408506904567304
1675408506944417877
1675408506984776210
1675408507044537200
1675408507084496158
1675408507124466887
1675408507164678814
1675408507204573866
1675408507264514439
1675408507304529022
1675408507345893970
1675408507385544856
1675408507424558866
1675408507464488450
1675408507524316627
1675408507564756314
1675408507604694543
1675408507644972460
1675408507684546366
1675408507724546054
1675408507784662876
1675408507824440533
1675408507864494126
1675408507904820741
1675408507944915324
1675408508004295064
1675408508044935585
1675408508084609283
1675408508124314751
1675408508164900116
1675408508204304647
1675408508264568137
1675408508304426783
1675408508344529855
1675408508384267095
1675408508424618970
1675408508464703397
1675408508524431574
1675408508564558710
1675408508604385324
1675408508644635012
1675408508684713709
1675408508744620897
1675408508784869282
1675408508824313970
1675408508864404803
1675408508904523449
1675408508944346418
1675408509004283293
1675408509045036782
1675408509084386053
1675408509124633970
1675408509164718605
1675408509205905636
1675408509264252668
1675408509304304126
1675408509344657095
1675408509385087043
1675408509424933605
1675408509484360376
1675408509524466574
1675408509564700949
1675408509604738292
1675408509643709230
1675408509684984438
1675408509744275272
1675408509785013917
1675408509824063969
1675408509864293188
1675408509905424542
1675408509944659699
1675408510004460844
1675408510044495896
1675408510084596469
1675408510124720011
1675408510164584282
1675408510224234594
1675408510264091105
1675408510304556626
1675408510344575011
1675408510384732355
1675408510424255323
1675408510484424438
1675408510524285219
1675408510564888344
1675408510604297355
1675408510644724802
1675408510684890115
1675408510744651625
1675408510784876209
1675408510824402198
1675408510864726677
1675408510904476938
1675408510965185219
1675408511004634177
1675408511044592146
1675408511084495844
1675408511124548396
1675408511164574021
1675408511224757458
1675408511264399906
1675408511304736625
1675408511344479490
1675408511385745375
1675408511425116365
1675408511484478969
1675408511524674125
1675408511564289333
1675408511604951156
1675408511644293604
1675408511704708344
1675408511744286833
1675408511784709594
1675408511824787302
1675408511864934437
1675408511904312927
1675408511964327562
1675408512004317823
1675408512044232510
1675408512084977614
1675408512124955844
1675408512185548916
1675408512224553916
1675408512264297458
1675408512304667562
1675408512344542302
1675408512384473500
1675408512444691208
1675408512484471260
1675408512524256312
1675408512564476364
1675408512604474854
1675408512644285479
1675408512703895895
1675408512744471156
1675408512784662354
1675408512824555583
1675408512864964385
1675408512924548812
1675408512964540999
1675408513005120843
1675408513046222510
1675408513084659020
1675408513124489489
1675408513184838760
1675408513223936468
1675408513264272041
1675408513304709072
1675408513344343083
1675408513384667301
1675408513444284489
1675408513484365531
1675408513524612145
1675408513564888395
1675408513605042093
1675408513664433760
1675408513704402301
1675408513744566208
1675408513784410583
1675408513824384853
1675408513864059332
1675408513924524176
1675408513964389749
1675408514004403655
1675408514044514384
1675408514084315582
1675408514124424749
1675408514184521103
1675408514224597301
1675408514264334593
1675408514304575634
1675408514344684541
1675408514404295009
1675408514444304280
1675408514484304020
1675408514524220582
1675408514564553551
1675408514604821207
1675408514664753603
1675408514704672822
1675408514744326936
1675408514784753759
1675408514825195374
1675408514864546415
1675408514925203915
1675408514965114176
1675408515004739020
1675408515046849697
1675408515084576051
1675408515144396103
1675408515184465061
1675408515223691780
1675408515264041051
1675408515304461832
1675408515344520269
1675408515404117353
1675408515443903915
1675408515484333446
1675408515524463499
1675408515565039488
1675408515604907926
1675408515663905842
1675408515704593759
1675408515744488915
1675408515784221363
1675408515824438446
1675408515884515946
1675408515924586311
1675408515964425842
1675408516004346415
1675408516044271571
1675408516084518915
1675408516144436415
1675408516184513707
1675408516224543029
1675408516264707665
1675408516304507404
1675408516344818915
1675408516404510269
1675408516444263759
1675408516484396102
1675408516524469384
1675408516564523602
1675408516623925686
1675408516663830269
1675408516704354227
1675408516744244904
1675408516784185738
1675408516824537456
1675408516883929071
1675408516924303185
1675408516964230685
1675408517004795946
1675408517044839540
1675408517084748238
1675408517144291831
1675408517184136258
1675408517224354904
1675408517264269644
1675408517303908498
1675408517364234435
1675408517404420737
1675408517444395373
1675408517484443967
1675408517524269800
1675408517564829696
1675408517624417612
1675408517664300216
1675408517704546935
1675408517744751518
1675408517784617768
1675408517824799331
1675408517883840008
1675408517924422925
1675408517964625320
1675408518004536414
1675408518044466518
1675408518104028758
1675408518144475008
1675408518184350268
1675408518224146414
1675408518264296779
1675408518304725425
1675408518364597091
1675408518404544799
1675408518444001831
1675408518484768029
1675408518524189904
1675408518584084539
1675408518624446414
1675408518664446779
1675408518704137404
1675408518744836622
1675408518784468341
1675408518845214643
1675408518884103914
1675408518924215997
1675408518964745528
1675408519004940060
1675408519044824278
1675408519104373653
1675408519144711570
1675408519184839070
1675408519224495008
1675408519263841726
1675408519324562872
1675408519364554643
1675408519404529382
1675408519443899539
1675408519483950528
1675408519524566049
1675408519584399487
1675408519624717507
1675408519663775737
1675408519704525476
1675408519744581049
1675408519784674539
1675408519843946934
1675408519884195632
1675408519924660789
1675408519964522663
1675408520004557351
1675408520063765476
1675408520104431309
1675408520144535841
1675408520184759486
1675408520224698757
1675408520264089695
1675408520325113965
1675408520364916778
1675408520404485892
1675408520444779851
1675408520484809955
1675408520524537403
1675408520584234122
1675408520624153861
1675408520667501101
1675408520703770684
1675408520744370528
1675408520804105528
1675408520844440580
1675408520883974434
1675408520924597142
1675408520964543236
1675408521004171413
1675408521064282403
1675408521103937455
1675408521144221309
1675408521184759486
1675408521224705840
1675408521264665111
1675408521323959225
1675408521364500007
1675408521404080528
1675408521444564955
1675408521484564330
1675408521544255944
1675408521584106621
1675408521624113236
1675408521664258757
1675408521703963757
1675408521744281829
1675408521803709902
1675408521844506413
1675408521884703392
1675408521924613809
1675408521964599486
1675408522004391100
1675408522064470163
1675408522103945527
1675408522144471256
1675408522184496048
1675408522224058548
1675408522284543861
1675408522325130736
1675408522364142871
1675408522404346829
1675408522444105683
1675408522484586933
1675408522544333340
1675408522584400371
1675408522624435735
1675408522665303548
1675408522704099798
1675408522744508548
1675408522804033964
1675408522844450527
1675408522884514537
1675408522924454433
1675408522964460735
1675408523024140839
1675408523064141516
1675408523104696881
1675408523143963287
1675408523184960527
1675408523224448027
1675408523284169954
1675408523323789902
1675408523364578235
1675408523404492141
1675408523444040214
1675408523485209693
1675408523544658495
1675408523584323704
1675408523624174745
1675408523665187350
1675408523704518495
1675408523764333183
1675408523804760943
1675408523845165839
1675408523885114485
1675408523925045995
1675408523965026308
1675408524024467089
1675408524064807349
1675408524104373860
1675408524144267297
1675408524188461620
1675408524224470735
1675408524283549485
1675408524326702453
1675408524363893547
1675408524404454901
1675408524444412870
1675408524504851047
1675408524544357141
1675408524584639172
1675408524624815891
1675408524663756151
1675408524704505578
1675408524764378495
1675408524805684172
1675408524844524589
1675408524884169641
1675408524924084745
1675408524983995474
1675408525024196672
1675408525063510318
1675408525104184641
1675408525143739380
1675408525184168495
1675408525244597974
1675408525284093599
1675408525324150630
1675408525364250214
1675408525404476932
1675408525444783547
1675408525504285891
1675408525544145109
1675408525584296047
1675408525624449276
1675408525664121880
1675408525723764849
1675408525764410213
1675408525804459172
1675408525844055109
1675408525884409172
1675408525925845942
1675408525984123234
1675408526024046515
1675408526064069640
1675408526104669744
1675408526143985369
1675408526184064119
1675408526244424224
1675408526284417609
1675408526324489484
1675408526363890838
1675408526404138494
1675408526464420526
1675408526504062921
1675408526543927713
1675408526584074901
1675408526624112296
1675408526664881723
1675408526724087505
1675408526763605369
1675408526804464536
1675408526844828338
1675408526883987192
1675408526924228077
1675408526984458911
1675408527024179952
1675408527064163286
1675408527104127661
1675408527143702661
1675408527204541619
1675408527244378754
1675408527284102869
1675408527324391307
1675408527363993442
1675408527405180056
1675408527464326775
1675408527504386515
1675408527545752192
1675408527583875108
1675408527624695317
1675408527664847192
1675408527725863702
1675408527763735108
1675408527804909952
1675408527844535421
1675408527884133181
1675408527944025317
1675408527984077088
1675408528024414796
1675408528064100525
1675408528104309067
1675408528144087296
1675408528204080942
1675408528244548025
1675408528283966723
1675408528324581410
1675408528367744587
1675408528404044119
1675408528463753181
1675408528504499119
1675408528544074587
1675408528584074691
1675408528624679275
1675408528684536514
1675408528724407608
1675408528764088181
1675408528804514014
1675408528844725212
1675408528884367400
1675408528944558858
1675408528983735837
1675408529024480056
1675408529064176566
1675408529104004014
1675408529144241983
1675408529204418962
1675408529244162504
1675408529284681827
1675408529324734066
1675408529365111774
1675408529423719014
1675408529463503597
1675408529504415993
1675408529544784170
1675408529584075108
1675408529624609222
1675408529684024587
1675408529724069743
1675408529763626878
1675408529803998076
1675408529843657868
1675408529884023337
1675408529944695941
1675408529984006930
1675408530024461201
1675408530064087920
1675408530104894222
1675408530164334535
1675408530204109118
1675408530243817399
1675408530284230472
1675408530324327347
1675408530364510993
1675408530424355941
1675408530463439743
1675408530504040732
1675408530544236722
1675408530584085107
1675408530624574430
1675408530684025211
1675408530724000264
1675408530763642764
1675408530804084378
1675408530844452868
1675408530904256305
1675408530944465003
1675408530984724638
1675408531024631149
1675408531064269326
1675408531103679534
1675408531164419118
1675408531203808284
1675408531244190732
1675408531284529065
1675408531324176617
1675408531383425940
1675408531423672659
1675408531464186253
1675408531504499170
1675408531544120628
1675408531585714274
1675408531644033701
1675408531684008388
1675408531724316982
1675408531764017711
1675408531803758596
1675408531843888805
1675408531904783544
1675408531944007346
1675408531983659638
1675408532024559326
1675408532064998336
1675408532124887242
1675408532164110211
1675408532204432398
1675408532244164065
1675408532285085784
1675408532325023961
1675408532385080367
1675408532424105159
1675408532464458284
1675408532504205263
1675408532544097555
1675408532584341513
1675408532644019794
1675408532684693336
1675408532724023961
1675408532764004065
1675408532806166461
1675408532864768231
1675408532904023284
1675408532944123856
1675408532984434794
1675408533024505159
1675408533064908492
1675408533124872086
1675408533164662502
1675408533204017398
1675408533243576200
1675408533284039950
1675408533324015367
1675408533384057658
1675408533424197919
1675408533464072346
1675408533503984533
1675408533543942398
1675408533604343387
1675408533644345210
1675408533684668387
1675408533725264169
1675408533764902867
1675408533804334169
1675408533863735679
1675408533904545731
1675408533944589898
1675408533983909221
1675408534023996616
1675408534063746148
1675408534124099012
1675408534164026148
1675408534204164481
1675408534243702971
1675408534284534793
1675408534343334168
1675408534383767918
1675408534424856460
1675408534464627293
1675408534504897606
1675408534544527085
1675408534604480262
1675408534644020627
1675408534683711356
1675408534724995366
1675408534764009637
1675408534804630783
1675408534863919220
1675408534903769324
1675408534944562866
1675408534984064741
1675408535024564481
1675408535084372085
1675408535124533491
1675408535164739220
1675408535204508908
1675408535243702710
1675408535283715626
1675408535344056668
1675408535384387293
1675408535424821199
1675408535463747501
1675408535503857189
1675408535544029428
1675408535605090991
1675408535643654637
1675408535684072449
1675408535724059116
1675408535764790991
1675408535824057918
1675408535863536980
1675408535904292137
1675408535944487137
1675408535983881824
1675408536024050157
1675408536083641720
1675408536123944532
1675408536163905261
1675408536204432501
1675408536246489741
1675408536284803386
1675408536343980886
1675408536384047397
1675408536425015574
1675408536464859897
1675408536505070886
1675408536563892761
1675408536604560886
1675408536644239063
1675408536684172240
1675408536724372345
1675408536764566772
1675408536824357188
1675408536863574324
1675408536904593438
1675408536944494688
1675408536984040574
1675408537024602761
1675408537084538647
1675408537124834428
1675408537164578594
1675408537204865157
1675408537244950469
1675408537303833126
1675408537344032917
1675408537384591251
1675408537424583959
1675408537464004115
1675408537503952188
1675408537564369792
1675408537604470365
1675408537644351146
1675408537683527292
1675408537723926198
1675408537783622761
1675408537823985105
1675408537865907552
1675408537904071823
1675408537944435417
1675408537984358907
1675408538047157605
1675408538084081407
1675408538124106875
