1675408448296508316
1675408448496799826
1675408448697081909
1675408448896168732
1675408449097087326
1675408449306991753
1675408449506042378
1675408449706172169
1675408449905560607
1675408450106250451
1675408450301051700
1675408450511567013
1675408450714543263
1675408450909365763
1675408451112475242
1675408451310878158
1675408451521301960
1675408451720972377
1675408451900395814
1675408452105633731
1675408452303855710
1675408452495178835
1675408452707817064
1675408452906182272
1675408453104310241
1675408453305017741
1675408453504908574
1675408453714098158
1675408453915979043
1675408454115635032
1675408454314542793
1675408454515219095
1675408454709979563
1675408454919613834
1675408455119623105
1675408455321571282
1675408455498820084
1675408455698892636
1675408455910404823
1675408456108970605
1675408456310528365
1675408456510477584
1675408456710680761
1675408456904202896
1675408457114187167
1675408457314142010
1675408457513809666
1675408457714668937
1675408457914612739
1675408458124696281
1675408458324267843
1675408458523926749
1675408458724367895
1675408458925037114
1675408459119860655
1675408459309443780
1675408459509392166
1675408459709574353
1675408459911342999
1675408460109458676
1675408460321044040
1675408460521326228
1675408460719060915
1675408460919658363
1675408461120110446
1675408461315368311
1675408461524172790
1675408461725617634
1675408461924528415
1675408462124559717
1675408462324715394
1675408462533783102
1675408462733866123
1675408462914593935
1675408463115021591
1675408463314852216
1675408463509176748
1675408463719161695
1675408463919407477
1675408464118994924
1675408464319485028
1675408464520104403
1675408464730445862
1675408464929816070
1675408465131507476
1675408465331571591
1675408465530478309
1675408465724347945
1675408465935981903
1675408466136105340
1675408466335550028
1675408466536010757
1675408466714608100
1675408466915091955
1675408467126394402
1675408467325922163
1675408467526015183
1675408467725899663
1675408467922442215
1675408468132361069
1675408468331761694
1675408468531131433
1675408468731115704
1675408468931902943
1675408469131609714
1675408469341270391
1675408469543545287
1675408469740829141
1675408469942607787
1675408470137559401
1675408470325893255
1675408470526772422
1675408470725862943
1675408470924889505
1675408471124016380
1675408471326013672
1675408471537284661
1675408471735695703
1675408471937700390
1675408472136183255
1675408472331604505
1675408472541760129
1675408472741129557
1675408472940644661
1675408473141188098
1675408473341398463
1675408473541186067
1675408473748999921
1675408473950934400
1675408474131653046
1675408474330999452
1675408474524552733
1675408474735763931
1675408474935685285
1675408475136949712
1675408475337355493
1675408475535205024
1675408475736434451
1675408475944927316
1675408476146145076
1675408476346223409
1675408476546961430
1675408476742040597
1675408476951430753
1675408477151857940
1675408477351621846
1675408477550989971
1675408477731643357
1675408477931248982
1675408478141627679
1675408478341460961
1675408478540951325
1675408478741245908
1675408478936010856
1675408479144215544
1675408479346797783
1675408479547192939
1675408479746023252
1675408479945972731
1675408480146698668
1675408480355981481
1675408480556128564
1675408480757436637
1675408480957053512
1675408481151010491
1675408481362229605
1675408481541027001
1675408481741714241
1675408481940895855
1675408482141726167
1675408482339279449
1675408482551631584
1675408482751457209
1675408482951851219
1675408483152087105
1675408483347063771
1675408483557083875
1675408483757439656
1675408483956031583
1675408484156173927
1675408484356557781
1675408484556134604
1675408484765987469
1675408484966791687
1675408485146064239
1675408485346536479
1675408485541145177
1675408485741168718
1675408485952295906
1675408486151320645
1675408486351605280
1675408486552186947
1675408486751728822
1675408486960909707
1675408487162480176
1675408487361538353
1675408487561060801
1675408487757583040
1675408487954789655
1675408488164859967
1675408488365971061
1675408488566990071
1675408488765864290
1675408488947172467
1675408489156856738
1675408489355902883
1675408489557592154
1675408489756197154
1675408489951234602
1675408490151812779
1675408490360974237
1675408490561828716
1675408490762131060
1675408490961165383
1675408491160964758
1675408491372921841
1675408491571624393
1675408491773449445
1675408491973960070
1675408492166595851
1675408492366103403
1675408492557299028
1675408492756651059
1675408492957731372
1675408493158313924
1675408493356042830
1675408493567063871
1675408493766862569
1675408493969997048
1675408494164996580
1675408494361904027
1675408494561503038
1675408494771088663
1675408494971886683
1675408495171198871
1675408495371345069
1675408495571701579
1675408495781579860
1675408495980955068
1675408496181653923
1675408496361194704
1675408496557532568
1675408496756221579
1675408496965173714
1675408497166532360
1675408497366991839
1675408497565869235
1675408497767044339
1675408497977163974
1675408498176163870
1675408498375903140
1675408498577289286
1675408498771063401
1675408498971041890
1675408499181772203
1675408499381156890
1675408499581329025
1675408499781753973
1675408499959875327
1675408500172209181
1675408500370371942
1675408500571114754
1675408500773830587
1675408500964932514
1675408501166618556
1675408501380067723
1675408501577365066
1675408501777080639
1675408501977040066
1675408502177872670
1675408502385958139
1675408502586599858
1675408502787058555
1675408502985810066
1675408503179361889
1675408503381653243
1675408503591150795
1675408503772415170
1675408503971697305
1675408504169748086
1675408504370658503
1675408504570015169
1675408504780091367
1675408504980640169
1675408505179543138
1675408505374827252
1675408505575272617
1675408505784933658
1675408505984975846
1675408506184874387
1675408506384636783
1675408506587604908
1675408506787194231
1675408506994865585
1675408507195127720
1675408507376941314
1675408507570993658
1675408507771551001
1675408507979987668
1675408508179848501
1675408508379963501
1675408508581950897
1675408508780878449
1675408508980971886
1675408509194554022
1675408509391178032
1675408509589533970
1675408509787645219
1675408509986937563
1675408510195983344
1675408510397137459
1675408510595364386
1675408510795944959
1675408510996728969
1675408511176032927
1675408511387117719
1675408511586909854
1675408511785904646
1675408511981832146
1675408512183139385
1675408512390869750
1675408512591324281
1675408512792011625
1675408512991556312
1675408513190965999
1675408513396722145
1675408513600968343
1675408513800899645
1675408514001436780
1675408514196036155
1675408514395911676
1675408514607885009
1675408514785903968
1675408514986753759
1675408515185850009
1675408515385958342
1675408515586616988
1675408515795969644
1675408515995812925
1675408516196642196
1675408516391778863
1675408516591150061
1675408516801604852
1675408517001948394
1675408517200959123
1675408517401619019
1675408517601569487
1675408517800923393
1675408518011053966
1675408518211211675
1675408518411213133
1675408518586962820
1675408518786134226
1675408518997221674
1675408519197191414
1675408519396489747
1675408519600391674
1675408519797141830
1675408519996005684
1675408520205852820
1675408520406663913
1675408520605663184
1675408520800996674
1675408521001615788
1675408521211782715
1675408521411178653
1675408521612418705
1675408521811236152
1675408522011104642
1675408522191471465
1675408522401496413
1675408522601535527
1675408522801386621
1675408522995991256
1675408523197144954
1675408523397266985
1675408523605835631
1675408523806525631
1675408524006994381
1675408524206911881
1675408524405788599
1675408524616893808
1675408524815775474
1675408525015769953
1675408525211865474
1675408525412049380
1675408525611401515
1675408525821402349
1675408526000998338
1675408526201736724
1675408526401053286
1675408526600886203
1675408526811916828
1675408527011842452
1675408527211983129
1675408527407965161
1675408527607786567
1675408527806607348
1675408528015958962
1675408528217041619
1675408528416754275
1675408528632989431
1675408528817029743
1675408529025799848
1675408529225762035
1675408529424923545
1675408529600316149
1675408529801955576
1675408530002049222
1675408530211065160
1675408530411354118
1675408530610827920
1675408530811004534
1675408531011516357
1675408531219644534
1675408531419915576
1675408531620070836
1675408531814769065
1675408532014237503
1675408532217721773
1675408532425638388
1675408532626114273
1675408532825031304
1675408533025177554
1675408533224228700
1675408533415737971
1675408533616351096
1675408533815040054
1675408534010356616
1675408534211934273
1675408534409295002
1675408534621604064
1675408534821577762
1675408535021227241
1675408535221795314
1675408535421409428
1675408535629772085
1675408535830829376
1675408536030199428
1675408536228210001
1675408536427739428
1675408536626772709
1675408536834618386
1675408537016878751
1675408537214858751
1675408537416918282
1675408537616630990
1675408537825883021
