1675408448135654149,-14.929572,-16.007177,-41.767685
1675408448335569045,-15.075357,-15.048189,-42.371475
1675408448535741441,-14.92727,-15.489415,-42.146164
1675408448736240868,-15.526242,-15.130188,-42.06302
1675408448935711076,-14.8592,-15.936169,-42.44583
1675408449136386961,-15.530382,-14.91265,-42.815872
1675408449337354201,-20.874853,-15.313398,-40.922897
1675408449537193524,-32.89685,-17.007393,-33.126175
1675408449735779513,-29.809917,-24.30307,-33.516586
1675408449936871805,-23.601845,-44.1819,-14.949432
1675408450136125711,-5.9615803,-32.967304,-39.274017
1675408450336483784,7.211067,-25.569904,-43.20749
1675408450536979721,11.117128,-17.994392,-45.863953
1675408450737008159,17.573923,-26.280514,-39.16147
1675408450936231648,23.152872,-19.02625,-39.888626
1675408451137121127,21.442163,-14.400835,-42.81569
1675408451336910554,19.328962,-23.131165,-40.78412
1675408451537460658,14.962065,-18.797424,-45.17047
1675408451737553523,10.992643,-25.848492,-41.763657
1675408451935871075,11.845114,-22.9375,-42.76906
1675408452138868523,7.7019634,-20.959007,-44.516052
1675408452336796804,6.7147617,-35.343437,-36.084396
1675408452538545918,1.5729408,-40.25428,-31.31569
1675408452738121283,3.0193005,-41.685905,-28.023972
1675408452935583106,12.397497,-30.557613,-39.20717
1675408453135714564,19.620432,-15.0390415,-43.309387
1675408453335888314,23.505522,-22.649591,-38.22261
1675408453535660658,20.123209,-30.806839,-35.346237
1675408453735625553,18.983171,-34.449154,-31.77629
1675408453936553366,26.819056,-25.824852,-34.952637
1675408454135953626,30.6018,-17.123867,-35.808136
1675408454335843470,16.570574,-29.857946,-37.32335
1675408454536199616,0.98472404,-42.759674,-26.406876
1675408454735613261,-4.6483097,-52.2303,-2.8867493
1675408454935451334,4.8402195,-53.461143,14.183105
1675408455135558365,8.525644,-52.653687,11.863907
1675408455335650240,19.964907,-34.063004,29.25676
1675408455535615188,-0.5484638,-19.956806,47.564896
1675408455735234198,-14.031859,-12.211315,49.0989
1675408455935395917,-22.001877,6.553198,46.354736
1675408456136712896,-17.543585,13.792261,46.92395
1675408456335599719,-14.3342,17.28525,47.306076
1675408456535661594,-16.51121,20.931322,44.015404
1675408456735047271,-18.752106,23.480295,43.437798
1675408456935162115,-22.24817,23.088419,40.94001
1675408457135564198,-25.427671,22.375463,38.795532
1675408457335431229,-30.382576,17.288633,39.2013
1675408457535461541,-33.053673,6.9740887,39.74591
1675408457735393104,-28.986263,-9.205442,41.63846
1675408457936188937,-14.83245,-21.069927,44.24887
1675408458136512322,-2.3439522,-24.365007,44.288208
1675408458335460604,-4.745549,-28.521957,42.16696
1675408458537836281,-9.979229,-33.43725,36.260803
1675408458735047479,-12.836445,-37.09073,33.16707
1675408458935348103,-16.39803,-37.402115,31.722565
1675408459135193885,-22.36503,-35.474144,28.501633
1675408459335337114,-30.888527,-32.415543,24.865494
1675408459535713728,-35.464382,-32.850395,19.678719
1675408459736081124,-34.455647,-34.857388,16.664734
1675408459936360551,-34.179676,-36.4202,15.615265
1675408460137176801,-35.38684,-35.41484,14.351761
1675408460335529040,-36.821205,-34.857254,13.545242
1675408460535329822,-37.956978,-33.927387,11.905014
1675408460735713363,-36.98671,-33.988724,10.761818
1675408460935184561,-35.957153,-36.346436,10.606255
1675408461135523936,-34.319534,-37.729294,9.759422
1675408461336229561,-34.640602,-38.26806,8.188339
1675408461535935342,-34.78818,-37.900085,8.113754
1675408461735769769,-35.53791,-37.470337,8.12381
1675408461935829092,-36.21945,-36.750374,6.92836
1675408462135900342,-37.49495,-36.10903,6.9459
1675408462335614821,-36.82152,-36.98327,7.3903656
1675408462535880446,-37.201096,-36.846085,6.9447327
1675408462735685081,-35.911636,-36.665,7.5244446
1675408462935308050,-35.6881,-37.104584,7.748535
1675408463135928987,-35.754555,-37.172264,8.877716
1675408463335756435,-35.439075,-36.49088,9.621147
1675408463536902216,-36.702682,-35.765743,10.9162445
1675408463736948154,-36.53311,-34.862335,11.9617
1675408463935457581,-36.36967,-34.7747,13.311966
1675408464137696539,-35.150665,-34.36995,14.192474
1675408464337160237,-34.98223,-34.057003,15.842316
1675408464535472060,-34.085327,-35.739304,16.963776
1675408464735524403,-32.935104,-35.256836,18.52169
1675408464935327580,-31.413624,-35.508118,20.302734
1675408465135510236,-30.337688,-35.09999,22.087776
1675408465337596174,-28.35951,-35.63276,24.689835
1675408465535913518,-27.15337,-36.491615,25.651901
1675408465735068726,-25.778385,-36.152946,27.206879
1675408465936707476,-22.994034,-36.835243,27.240295
1675408466135530757,-20.810648,-38.19162,28.414513
1675408466335307684,-19.528223,-37.942825,28.091782
1675408466536048986,-17.727188,-38.57489,27.764954
1675408466735958517,-16.603222,-39.88323,28.504974
1675408466936493361,-15.937365,-39.953354,27.066002
1675408467138884715,-14.354933,-40.28901,27.26757
1675408467347094402,-13.608749,-40.86915,27.032745
1675408467546476798,-13.459215,-41.235455,27.332855
1675408467748930027,-12.266775,-42.105965,26.716293
1675408467944802371,-12.559913,-40.99987,26.339722
1675408468147057996,-11.588294,-42.386414,27.007416
1675408468348927319,-10.7036705,-43.342293,25.79477
1675408468548753829,-11.75622,-42.77261,25.5083
1675408468749992318,-9.722475,-42.804848,25.174774
1675408468951782266,-10.409699,-43.342384,24.88778
1675408469151131277,-9.66258,-43.774357,24.577042
1675408469351530704,-8.835321,-43.463837,23.885452
1675408469554012631,-8.4724045,-44.13099,23.055779
1675408469736855078,-7.2778425,-45.58918,23.419464
1675408469936555391,-6.831382,-45.437263,22.509262
1675408470137260651,-6.3106346,-45.211006,21.371933
1675408470337392630,-4.2952347,-47.32206,21.499954
1675408470538459297,-5.2125225,-47.425568,20.237152
1675408470738578047,-4.324312,-47.199417,17.966095
1675408470937209713,-3.6481342,-47.997627,18.635696
1675408471137618515,-3.4490242,-48.605362,16.229492
1675408471337433203,-2.476265,-49.401443,16.292793
1675408471537057630,-1.8129578,-49.1053,14.100227
1675408471737543776,-1.3782806,-49.995018,13.120102
1675408471935816432,-1.9886913,-50.16132,12.529312
1675408472137872578,-1.8543282,-49.951042,10.345726
1675408472336932109,-1.6355228,-49.80516,9.288864
1675408472536652161,-1.5830917,-50.92839,8.015335
1675408472736722213,-2.263754,-50.428738,7.196884
1675408472936600911,-2.2739697,-50.658485,6.2959366
1675408473136525598,-3.3611164,-51.81301,4.1387787
1675408473336477629,-2.6031742,-50.688366,3.1436157
1675408473536884869,-3.295761,-51.304153,2.33078
1675408473735994504,-3.9878025,-50.961555,0.38549042
1675408473937260650,-3.9324741,-51.934948,-0.7384491
1675408474137315546,-5.1515617,-52.04503,-1.9963303
1675408474336782212,-5.904127,-51.39663,-2.5887833
1675408474535314295,-5.9907513,-51.11303,-4.2428436
1675408474735503618,-8.937667,-50.738686,-5.249542
1675408474935310754,-9.48321,-50.98603,-6.9687805
1675408475136900493,-11.067824,-50.431175,-7.69767
1675408475335674035,-12.03834,-49.485817,-7.686554
1675408475535587003,-14.087888,-49.54071,-9.081619
1675408475736434920,-14.76702,-49.26082,-9.447922
1675408475935621274,-16.799055,-48.342896,-10.020966
1675408476138420336,-17.47623,-48.061333,-10.161743
1675408476335626482,-19.34874,-47.059097,-9.835541
1675408476535923618,-20.783737,-47.165226,-9.886978
1675408476735886274,-21.76473,-47.260387,-9.795441
1675408476936038669,-22.661491,-45.504272,-10.992432
1675408477136682992,-24.003586,-45.004425,-9.770157
1675408477336691326,-25.358423,-45.03121,-9.372162
1675408477536197576,-25.725706,-43.92565,-9.597153
1675408477736489450,-26.847609,-43.573483,-8.904022
1675408477937162732,-27.746708,-43.366776,-8.439354
1675408478136718304,-28.774118,-42.259903,-6.4732666
1675408478336925700,-29.898571,-41.54147,-6.533745
1675408478537112211,-30.948204,-41.485107,-5.8403473
1675408478735844606,-31.701338,-41.13194,-6.130615
1675408478935473929,-32.208183,-40.904255,-3.9431305
1675408479135944033,-32.87449,-40.392395,-3.107788
1675408479336182679,-33.983303,-38.997486,-2.1943817
1675408479537045127,-34.65844,-39.008938,-1.7322845
1675408479737422314,-34.78479,-38.10711,-0.005355835
1675408479937279502,-35.074764,-38.39836,1.7300339
1675408480137912314,-35.293224,-38.02815,2.1828918
1675408480336614658,-36.169533,-36.4757,3.618042
1675408480536959762,-36.094486,-37.358635,4.6737366
1675408480737482158,-36.602715,-36.837387,6.3335114
1675408480935885074,-37.0368,-36.315605,7.8417206
1675408481136985855,-37.258644,-36.685127,8.824524
1675408481337043043,-35.74102,-36.57126,9.701614
1675408481537126897,-35.35182,-36.110764,10.520111
1675408481736949136,-34.729607,-35.565987,12.011093
1675408481937420386,-34.8676,-35.63198,13.59256
1675408482136855386,-34.101784,-35.82699,15.160004
1675408482335523355,-34.391495,-35.30747,15.914032
1675408482536804501,-33.485336,-36.245037,17.182076
1675408482737089605,-32.63893,-36.13929,18.972305
1675408482936497053,-31.650354,-35.153442,18.650757
1675408483137162678,-31.729164,-36.557983,20.012207
1675408483336752052,-29.748564,-35.836025,21.329956
1675408483536166636,-29.826376,-36.72391,22.162598
1675408483737386323,-28.171555,-36.61841,21.458603
1675408483935894292,-28.087906,-36.757168,22.585716
1675408484137316375,-27.179386,-36.80849,23.022362
1675408484336878562,-26.429918,-38.04901,23.993675
1675408484536837885,-24.833828,-37.0467,24.11332
1675408484736994500,-24.37713,-37.328186,24.934341
1675408484936246427,-23.096071,-37.44899,24.914177
1675408485137000698,-22.580334,-39.142838,25.590744
1675408485336883875,-21.664944,-38.67251,26.17511
1675408485535782833,-20.226969,-38.711227,26.753502
1675408485736008874,-20.17062,-39.831123,25.931
1675408485936846426,-19.046108,-40.181076,25.538559
1675408486137830593,-19.195478,-40.404118,25.99318
1675408486335827364,-17.085121,-40.50741,25.884315
1675408486537186895,-16.789762,-40.801064,25.505035
1675408486736626634,-16.039604,-41.00939,25.268341
1675408486935891634,-15.59724,-41.966248,25.265839
1675408487137017989,-14.691472,-42.093597,25.47734
1675408487336410124,-12.962137,-42.13462,24.848053
1675408487536976374,-12.66786,-42.650253,24.62024
1675408487737309499,-11.846512,-43.37637,24.535278
1675408487936418457,-10.944292,-43.654106,24.522018
1675408488135982259,-10.126717,-44.309746,23.910492
1675408488337172363,-9.462082,-44.67565,22.698532
1675408488537157155,-8.85408,-44.069275,22.460175
1675408488737790540,-7.8947763,-45.76104,22.07695
1675408488935902884,-7.6707516,-45.610718,21.621475
1675408489137149915,-6.166154,-46.1711,21.825394
1675408489337368821,-6.488182,-46.194878,19.499962
1675408489538146217,-5.125514,-46.161427,20.004028
1675408489737199238,-5.2108936,-46.2452,18.953217
1675408489937213404,-3.5628357,-47.61918,19.309143
1675408490137195383,-4.6394234,-48.027863,17.448929
1675408490337179289,-3.2900085,-48.4478,16.978012
1675408490537331893,-4.2828903,-48.626762,15.791985
1675408490737070383,-3.9810886,-48.620186,15.787064
1675408490935808143,-3.698782,-48.924942,13.904327
1675408491138074966,-3.1017685,-49.285835,13.595673
1675408491336352674,-2.4206161,-49.19558,13.734573
1675408491537389497,-2.2102108,-49.351585,12.077843
1675408491737534341,-1.4596863,-49.706978,12.067413
1675408491936775747,-1.7073212,-50.614243,10.722504
1675408492137052987,-2.2337608,-49.74005,9.824539
1675408492335785382,-1.4895363,-50.321854,9.364212
1675408492536820747,-1.5764465,-50.185875,7.8612366
1675408492736633351,-1.6639862,-50.7136,7.113373
1675408492937811424,-1.5133133,-50.48945,6.8090973
1675408493136076528,-1.4408989,-50.71145,6.7338104
1675408493336939965,-1.8258972,-51.020996,6.2152557
1675408493537769392,-2.593647,-51.490814,5.2525635
1675408493736835121,-2.900692,-50.83867,3.8258362
1675408493936791163,-2.679905,-51.35428,3.824768
1675408494135374444,-2.2303505,-50.61023,2.5357056
1675408494335751996,-1.6311512,-51.190323,2.754387
1675408494537132725,-2.6334515,-51.524666,0.66703796
1675408494736217621,-2.9320717,-51.233788,0.67046356
1675408494935890538,-2.9406128,-51.609486,0.1461258
1675408495135263767,-3.6159744,-51.40007,0.30641937
1675408495335678871,-3.5539417,-51.262466,-1.42453
1675408495535573923,-3.4750252,-50.81576,-1.5783539
1675408495736775954,-4.549552,-52.18061,-2.0054169
1675408495935927308,-4.47651,-51.7389,-2.8358002
1675408496135864339,-4.773823,-51.446907,-2.6820374
1675408496335766891,-5.3111095,-51.46618,-3.7258377
1675408496537319547,-6.0737247,-51.63687,-4.464508
1675408496736647568,-6.3695316,-50.90149,-4.688858
1675408496937117412,-5.9975615,-51.266197,-4.8434753
1675408497135725589,-6.227459,-51.421516,-5.06456
1675408497336851995,-6.8372164,-51.587265,-5.5801697
1675408497538225276,-7.959795,-50.572495,-5.7924957
1675408497735765172,-7.824045,-50.655777,-7.448372
1675408497937170328,-8.724592,-50.523987,-7.058502
1675408498138153401,-7.9689293,-50.58026,-6.844902
1675408498337025640,-8.804242,-50.676575,-7.3572083
1675408498537053297,-9.79488,-50.706253,-8.468803
1675408498736850380,-10.541775,-50.495148,-7.8562546
1675408498936788401,-10.852425,-50.361877,-9.05484
1675408499136154182,-11.521057,-49.70462,-8.67128
1675408499336482098,-11.60556,-50.008705,-9.345108
1675408499537010171,-12.96201,-49.521065,-9.776627
1675408499738124494,-12.881055,-49.36737,-9.327576
1675408499936652359,-13.560616,-49.3089,-9.467224
1675408500137157515,-14.0831995,-48.79986,-9.461243
1675408500337016786,-14.33004,-49.632763,-10.806534
1675408500537141577,-13.934137,-48.06127,-10.595032
1675408500736871473,-15.3809395,-48.545868,-11.546661
1675408500938104181,-16.51071,-49.232002,-10.472412
1675408501136700952,-17.102243,-48.055893,-10.543762
1675408501337512619,-17.56167,-48.51359,-10.759628
1675408501537337931,-17.936333,-47.856422,-11.283081
1675408501736985223,-18.921383,-48.028725,-11.567017
1675408501937477410,-18.84885,-47.513756,-12.548126
1675408502135802722,-19.8234,-47.308693,-12.082214
1675408502336559441,-20.489483,-47.0177,-10.945068
1675408502536726889,-20.106833,-45.899597,-11.708557
1675408502736717930,-21.54348,-46.522934,-11.306335
1675408502935806837,-21.466583,-46.446373,-11.232758
1675408503136585222,-21.693098,-45.861954,-11.983795
1675408503338955847,-22.367723,-45.946655,-11.370972
1675408503539834805,-22.588936,-45.652466,-11.143265
1675408503738976211,-23.119102,-46.03411,-10.907257
1675408503941249597,-23.634533,-44.855812,-10.904648
1675408504145034388,-23.709557,-44.636032,-11.130066
1675408504343321472,-24.456593,-44.498734,-10.441956
1675408504543207565,-24.241764,-44.724663,-11.496948
1675408504744752357,-25.050001,-43.618973,-10.36145
1675408504936430221,-25.97175,-44.684196,-10.942825
1675408505147326419,-25.354126,-43.480145,-10.808319
1675408505336669232,-26.11203,-43.57315,-11.096329
1675408505538579127,-27.016554,-43.813175,-10.70459
1675408505736499075,-26.396296,-43.270065,-9.43911
1675408505937592721,-27.84114,-43.752995,-10.165222
1675408506139166888,-27.004688,-43.066223,-10.257294
1675408506338206731,-27.682636,-43.522186,-9.567413
1675408506537295117,-28.575886,-42.647324,-9.25647
1675408506737650846,-29.02822,-42.804237,-9.022827
1675408506935598502,-28.724829,-42.64894,-9.028488
1675408507136494752,-29.103302,-42.95294,-8.795319
1675408507337004335,-29.324514,-42.658752,-8.567612
1675408507536942512,-29.54905,-42.735825,-8.262863
1675408507737963189,-29.919228,-41.780098,-8.637451
1675408507936850376,-29.993574,-42.222923,-7.9574127
1675408508137023605,-30.3612,-41.633457,-7.5784073
1675408508336883970,-30.969143,-41.871353,-7.7929535
1675408508536755793,-30.892246,-41.794792,-7.719391
1675408508736958293,-30.885294,-41.567818,-7.1943054
1675408508936236209,-31.261831,-41.206993,-7.565895
1675408509136786157,-30.744526,-42.088955,-7.720352
1675408509337030480,-31.633862,-41.210766,-6.9583664
1675408509538212459,-32.385548,-40.78268,-7.173828
1675408509737123449,-32.079323,-40.84603,-6.576996
1675408509937019178,-31.092316,-40.67207,-6.0675354
1675408510137101209,-32.366425,-40.324295,-5.5222855
1675408510337383917,-32.151226,-40.697285,-6.350998
1675408510535536730,-33.042862,-40.336857,-5.2105255
1675408510736133136,-32.063545,-40.09575,-5.678673
1675408510935234959,-31.53537,-40.747406,-4.85701
1675408511136504906,-33.489914,-40.12085,-4.828415
1675408511336494490,-32.967415,-40.335213,-5.2117615
1675408511536899385,-33.26212,-40.041004,-4.757309
1675408511737341990,-32.735985,-40.399654,-4.538521
1675408511935840635,-33.782745,-39.5303,-4.525795
1675408512136100114,-34.23096,-39.241596,-4.3695755
1675408512335671677,-34.02096,-40.28218,-4.969391
1675408512535780270,-34.155937,-39.461376,-4.1441574
1675408512736835583,-33.39991,-39.664707,-3.7043
1675408512935820791,-33.475136,-39.88722,-3.4012604
1675408513135541416,-34.376617,-39.9036,-2.935463
1675408513335926624,-34.237644,-41.01575,-2.9322968
1675408513536963916,-34.14644,-39.600666,-2.8654785
1675408513736882614,-34.298782,-39.678867,-2.9378204
1675408513936656885,-34.59783,-39.60941,-2.7077637
1675408514135765999,-34.58554,-38.641033,-2.4871216
1675408514336800009,-34.973125,-39.61596,-2.4760895
1675408514536971311,-35.03251,-38.7197,-1.7276306
1675408514736964384,-34.96662,-38.94725,-2.554634
1675408514935972978,-35.25892,-39.09311,-1.2710266
1675408515136773186,-34.955387,-38.864006,-1.3522491
1675408515337102769,-35.11338,-39.168076,-1.7993317
1675408515536997196,-35.174866,-38.34729,-1.2008362
1675408515737510373,-34.57502,-38.926826,-0.90699005
1675408515936580946,-35.019543,-38.413925,-0.60154724
1675408516136766259,-35.62416,-38.28056,-0.8931427
1675408516336948134,-36.075188,-38.436363,-0.5091553
1675408516536539956,-35.473976,-38.646313,-0.51786804
1675408516736965477,-35.543266,-38.495346,0.00881958
1675408516935920529,-35.31433,-37.82504,-0.5244522
1675408517136701779,-35.924778,-39.022987,0.16793823
1675408517337067925,-35.305313,-38.554237,1.4337769
1675408517537931987,-35.679916,-37.528587,0.45744324
1675408517737012248,-36.135204,-38.20382,0.9944
1675408517936229331,-36.04956,-37.309273,1.0638428
1675408518137066362,-36.513107,-38.212585,0.9253769
1675408518337123029,-36.890297,-37.852318,0.47862244
1675408518537405268,-35.81811,-38.03687,2.5673523
1675408518737208549,-36.340862,-36.93848,1.8186111
1675408518935385268,-35.74737,-38.11292,2.1154633
1675408519137151362,-36.038326,-37.22603,2.2662354
1675408519338111153,-36.333458,-37.153244,2.9473267
1675408519537645268,-36.114346,-37.522903,2.5696487
1675408519738924382,-36.62751,-36.858475,3.4769592
1675408519935865268,-35.955414,-37.070667,2.9408035
1675408520136483861,-36.322365,-37.143806,4.2252655
1675408520336885059,-36.49109,-37.60437,2.7265167
1675408520536036830,-36.481834,-36.859634,2.873108
1675408520736107194,-35.570847,-36.982544,3.685997
1675408520936772142,-35.724213,-36.914238,3.3122253
1675408521136246778,-36.102745,-37.58672,3.9982986
1675408521336944069,-36.11049,-37.888054,3.4735947
1675408521538503913,-37.222916,-37.012016,4.6151276
1675408521735117142,-36.03033,-37.80872,3.923027
1675408521935663027,-36.776207,-37.74412,4.837021
1675408522135636725,-37.220814,-36.936546,4.765106
1675408522335596256,-36.16392,-37.28148,5.275963
1675408522536647923,-35.94004,-37.204964,4.896042
1675408522736532819,-36.0858,-36.909134,5.122513
1675408522935564798,-37.05189,-36.033695,5.735382
1675408523136544329,-36.614807,-37.363472,5.5844116
1675408523336561621,-36.62494,-37.887897,5.0608215
1675408523536949173,-36.30999,-36.470104,4.823265
1675408523737533704,-36.624084,-37.445053,4.607544
1675408523936489224,-36.162678,-37.64885,5.8792267
1675408524137105474,-36.692276,-37.735264,5.813034
1675408524336045943,-36.309174,-37.0589,5.65316
1675408524536140735,-36.004173,-37.418037,6.4770126
1675408524737142245,-35.93019,-36.828156,5.570717
1675408524936701464,-36.97216,-36.17578,6.4114532
1675408525137346516,-36.211807,-35.491203,6.2454376
1675408525335292089,-36.5206,-36.756386,7.0084534
1675408525537371099,-36.67474,-37.425606,7.4653244
1675408525736436255,-36.660797,-35.940018,7.232315
1675408525935724276,-36.448128,-36.609905,6.4802704
1675408526136362765,-36.297165,-36.238136,6.0249023
1675408526336662869,-36.971344,-36.76458,7.241356
1675408526536715057,-36.52125,-36.756943,6.9332886
1675408526736132400,-36.678677,-36.765778,6.184021
1675408526935387400,-36.587936,-36.603756,7.760666
1675408527136213182,-37.190823,-36.247856,7.392761
1675408527337505890,-36.963963,-36.316185,7.539795
1675408527537010681,-36.745846,-37.202496,7.6909485
1675408527742849952,-35.91294,-36.66611,7.3740997
1675408527936244952,-36.000626,-37.267647,6.701782
1675408528136489431,-35.457794,-36.064686,6.912689
1675408528347600421,-36.290985,-36.748684,7.3806305
1675408528547485994,-36.589382,-36.678673,7.6858673
1675408528752515785,-36.349884,-35.262524,7.4495316
1675408528948513285,-37.263233,-36.025856,7.468048
1675408529151516306,-36.51118,-36.601,7.9097824
1675408529350141306,-36.888634,-37.051506,8.444382
1675408529550006774,-36.96178,-36.535385,8.067123
1675408529737623493,-36.66526,-36.901737,7.913742
1675408529942660316,-36.58396,-36.23194,7.758789
1675408530137384639,-36.05726,-36.295364,7.6753845
1675408530336379170,-36.356445,-36.299713,7.9809875
1675408530535165159,-36.282585,-36.446793,7.980507
1675408530735620211,-36.35991,-36.744778,8.133591
1675408530935423128,-36.121185,-36.066147,8.727905
1675408531135668284,-36.428062,-36.00335,8.055893
1675408531337222920,-36.888206,-36.830082,8.217743
1675408531536173753,-36.718975,-36.442776,9.867203
1675408531737280628,-36.95179,-36.08477,8.66626
1675408531936166253,-36.49793,-36.147614,8.884773
1675408532136995836,-36.504513,-36.521645,8.585953
1675408532336487659,-36.81094,-36.90058,8.517578
1675408532536781825,-35.604248,-36.80105,8.347176
1675408532735971825,-36.053402,-36.660515,8.579323
1675408532936005888,-36.880375,-36.82342,9.119812
1675408533136833336,-36.345436,-35.9956,8.881561
1675408533336528960,-36.95185,-36.453255,9.119171
1675408533537322762,-35.96399,-35.836445,9.175346
1675408533736930627,-36.650276,-36.225815,8.812431
1675408533936100939,-36.276714,-36.4418,8.657059
1675408534136215731,-37.39978,-36.01693,9.124298
1675408534335534168,-36.123512,-35.920753,8.276108
1675408534537028908,-35.669853,-36.425884,9.023087
1675408534736661200,-35.82691,-36.58178,8.500092
1675408534935613543,-36.960392,-36.82895,8.594833
1675408535137233595,-36.49185,-35.700325,9.032867
1675408535336775626,-36.86706,-36.00155,9.6418915
1675408535536210939,-35.895348,-35.98797,8.573494
1675408535736900991,-35.90083,-36.803177,8.953476
1675408535936103230,-36.49197,-36.437294,9.938683
1675408536136478959,-37.01892,-35.489845,8.889999
1675408536336237345,-36.27121,-36.289745,9.107346
1675408536536591772,-36.041374,-36.50291,9.781334
1675408536736971147,-36.501106,-36.44506,8.886269
1675408536935855886,-36.422905,-36.367393,9.110184
1675408537137617344,-36.2707,-36.363,9.258072
1675408537336882917,-36.125137,-37.101116,9.560043
1675408537537452032,-35.59387,-37.160652,10.002846
1675408537735956823,-36.283073,-37.0367,8.660065
1675408537935767240,-35.672665,-36.870396,9.2508545
1675408538135333907,-36.505817,-36.522755,8.435608
1675408538335655052,-37.845016,-35.873066,9.80748
1675408538535995990,-36.57409,-36.51829,9.263733
1675408538735534271,-36.496395,-36.36737,9.336929
