1675402734397125866
1675402734417687324
1675402734457156283
1675402734503033470
1675402734543409616
1675402734598492168
1675402734637321595
1675402734677671595
1675402734717437585
1675402734758807949
1675402734817414981
1675402734858874668
1675402734899331543
1675402734956931803
1675402734997217324
1675402735025799408
1675402735079509460
1675402735120089251
1675402735161310345
1675402735207378210
1675402735257299303
1675402735297404199
1675402735337633730
1675402735397830970
1675402735437018262
1675402735477341178
1675402735522364407
1675402735563010501
1675402735617223730
1675402735642110814
1675402735697027376
1675402735737667532
1675402735758438261
1675402735810274876
1675402735878020813
1675402735898044876
1675402735937498678
1675402735986233886
1675402736037044980
1675402736078786907
1675402736119715813
1675402736178846230
1675402736218334615
1675402736257446803
1675402736297270449
1675402736337547011
1675402736398313782
1675402736421097792
1675402736466251334
1675402736520121334
1675402736557839876
1675402736598103001
1675402736657624824
1675402736696933001
1675402736736997271
1675402736778326282
1675402736829144407
1675402736877669667
1675402736917376803
1675402736937622896
1675402736997680136
1675402737037790240
1675402737082796282
1675402737137249407
1675402737177949875
1675402737198811542
1675402737238413313
1675402737291207427
1675402737338999771
1675402737377656490
1675402737418184719
1675402737463876125
1675402737505268521
1675402737558579094
1675402737597877011
1675402737639537167
1675402737697424511
1675402737737321281
1675402737778005552
1675402737826483365
1675402737866149511
1675402737899801906
1675402737947546646
1675402738000623208
1675402738039236073
1675402738078064771
1675402738137141490
1675402738177453365
1675402738202154615
1675402738237856281
1675402738302292115
1675402738337772115
1675402738390019094
1675402738437566385
1675402738478046333
1675402738517065969
1675402738577489562
1675402738617066385
1675402738636920708
1675402738677260083
1675402738717689250
1675402738777545708
1675402738817315969
1675402738877450031
1675402738917263469
1675402738957527427
1675402738998838416
1675402739038366281
1675402739096946958
1675402739137576073
1675402739176989875
1675402739201240968
1675402739237676802
1675402739300529927
1675402739337765968
1675402739397337791
1675402739437562166
1675402739477194406
1675402739520544927
1675402739577197427
1675402739617266750
1675402739657238885
1675402739677317583
1675402739737933104
1675402739783098572
1675402739817283572
1675402739877589822
1675402739917121697
1675402739943473416
1675402739983351124
1675402740057702895
1675402740077422062
1675402740117606333
1675402740157671124
1675402740197761228
1675402740257267270
1675402740305326333
1675402740356994926
1675402740397353103
1675402740438833676
1675402740479004822
1675402740517096957
1675402740577471645
1675402740606830030
1675402740639700499
1675402740697381385
1675402740740937739
1675402740777044457
1675402740837375499
1675402740877406072
1675402740920252009
1675402740957458207
1675402740982677218
1675402741037839666
1675402741084755447
1675402741117429145
1675402741177782218
1675402741217457009
1675402741257598624
1675402741317309978
1675402741357445134
1675402741377585811
1675402741424364978
1675402741463928624
1675402741517347113
1675402741557894197
1675402741617335551
1675402741657964301
1675402741697221020
1675402741745506645
1675402741785274145
1675402741837205499
1675402741877269717
1675402741919598780
1675402741957185290
1675402741999813207
1675402742037202113
1675402742080512894
1675402742136692894
1675402742176969301
1675402742217167217
1675402742276720186
1675402742316932165
1675402742357058832
1675402742401356644
1675402742422279509
1675402742477554196
1675402742517417634
1675402742557263363
1675402742616966123
1675402742657233780
1675402742677131384
1675402742756955967
1675402742797239665
1675402742817342009
1675402742863588363
1675402742904709092
1675402742957255290
1675402742997481852
1675402743057134248
1675402743097390446
1675402743137197477
1675402743177234717
1675402743226167946
1675402743276670759
1675402743317421852
1675402743357190238
1675402743387398727
1675402743440136748
1675402743477563883
1675402743516963467
1675402743576898883
1675402743617142894
1675402743656939092
1675402743696877790
1675402743737388206
1675402743781980810
1675402743818695915
1675402743862904717
1675402743917396904
1675402743957711696
1675402743997472477
1675402744057033779
1675402744096959508
1675402744117546227
1675402744157459456
1675402744236978050
1675402744257457164
1675402744297081331
1675402744358178883
1675402744397507894
1675402744438040550
1675402744479106904
1675402744537011071
1675402744577924039
1675402744617883883
1675402744657424404
1675402744698519873
1675402744756982633
1675402744781404560
1675402744826404508
1675402744867264248
1675402744920227372
1675402744957226070
1675402745000897529
1675402745057063675
1675402745098195289
1675402745137116799
1675402745173524091
1675402745222823518
1675402745265154820
1675402745309514039
1675402745357445497
1675402745397389976
1675402745437395445
1675402745496887372
1675402745537197476
1675402745557466747
1675402745597644768
1675402745637966018
1675402745696882060
1675402745737662268
1675402745796973205
1675402745836986643
1675402745877256278
1675402745918918518
1675402745957489820
1675402746007486122
1675402746058537841
1675402746097071695
1675402746137254455
1675402746187041278
1675402746220904976
1675402746266810028
1675402746297216434
1675402746360768309
1675402746396742216
1675402746437505393
1675402746476893778
1675402746536919872
1675402746576755809
1675402746597701799
1675402746657010497
1675402746697231955
1675402746737689976
1675402746796979768
1675402746837110132
1675402746863820861
1675402746938324299
1675402746977112632
1675402746997739663
1675402747044068830
1675402747096737215
1675402747137698517
1675402747177346590
1675402747236960392
1675402747276986278
1675402747317248309
1675402747359234351
1675402747397404976
1675402747438364663
1675402747497842267
1675402747536949038
1675402747563130132
1675402747604318465
1675402747662126278
1675402747710217580
1675402747737179246
1675402747797363465
1675402747837103101
1675402747877667371
1675402747918409038
1675402747970415705
1675402748017581225
1675402748042729142
1675402748097011746
1675402748137570809
1675402748176865548
1675402748236992111
1675402748277603569
1675402748304168673
1675402748343663830
1675402748418344038
1675402748438551486
1675402748479208048
1675402748536990236
1675402748578525861
1675402748618551069
1675402748665899454
1675402748699165652
1675402748737174611
1675402748800251434
1675402748837100756
1675402748877302527
1675402748937008361
1675402748970559923
1675402749005793152
1675402749056969715
1675402749097054558
1675402749147704246
1675402749177160600
1675402749216899871
1675402749281119715
1675402749317137579
1675402749342879558
1675402749397199298
1675402749443267840
1675402749477314089
1675402749537404923
1675402749577080287
1675402749617325027
1675402749676994350
1675402749716733621
1675402749737375183
1675402749784215756
1675402749838510600
1675402749878625287
1675402749936922631
1675402749977183412
1675402750016928568
1675402750057122787
1675402750105834298
1675402750139813516
1675402750177819506
1675402750238483100
1675402750277132318
1675402750317103360
1675402750356886016
1675402750400820547
1675402750448251381
1675402750481210652
1675402750536941381
1675402750577066537
1675402750616979974
1675402750658397318
1675402750717323412
1675402750757039037
1675402750795294506
1675402750839510599
1675402750877612995
1675402750917189974
1675402750980048516
1675402751020200651
1675402751040043203
1675402751107183881
1675402751147595756
1675402751180862891
1675402751219920651
1675402751281176797
1675402751319830964
1675402751360428099
1675402751420224974
1675402751460218255
1675402751500426693
1675402751540309870
1675402751583367005
1675402751620811172
1675402751679951589
1675402751719813932
1675402751753561797
1675402751800450026
1675402751843820859
1675402751880302370
1675402751924265599
1675402751960478099
1675402752019899870
1675402752064506172
1675402752104582838
1675402752140502161
1675402752180723307
1675402752226357838
1675402752280554922
1675402752320139088
1675402752360114609
1675402752420032786
1675402752460587213
1675402752481077734
1675402752520746172
1675402752587603880
1675402752620866536
1675402752660390130
1675402752720103047
1675402752762455651
1675402752803489140
1675402752842562317
1675402752900242630
1675402752940020338
1675402752980529869
1675402753020011328
1675402753060607786
1675402753119860651
1675402753143746067
1675402753187012369
1675402753231100911
1675402753284239817
1675402753319820182
1675402753360512317
1675402753400618463
1675402753460036640
1675402753500394453
1675402753532296275
1675402753580413359
1675402753620588515
1675402753660648307
1675402753720062994
1675402753760643723
1675402753799877942
1675402753840087005
1675402753887931327
1675402753927151379
1675402753961266223
1675402754020454921
1675402754061260025
1675402754100542161
1675402754160136484
1675402754199779296
1675402754239846744
1675402754282929765
1675402754320127994
1675402754363527681
1675402754420669556
1675402754460326848
1675402754500274244
1675402754550301119
1675402754590703463
1675402754625067160
1675402754660390025
1675402754705144348
1675402754764451692
1675402754800198150
1675402754839856535
1675402754880481587
1675402754926010754
1675402754960505077
1675402755020504296
1675402755060917160
1675402755100828931
1675402755160027889
1675402755200975754
1675402755227808514
1675402755280144087
1675402755321033202
1675402755361049139
1675402755407216848
1675402755460004816
1675402755499749400
1675402755540050337
1675402755599987681
1675402755639685702
1675402755679840389
1675402755723587993
1675402755760190858
1675402755800566483
1675402755860006483
1675402755900309035
1675402755930738514
1675402755979911847
1675402756031089504
1675402756060274816
1675402756104660649
1675402756140107420
1675402756186761535
1675402756239946431
1675402756280451847
1675402756321040649
1675402756360046899
1675402756401103514
1675402756461826066
1675402756500941743
1675402756539864660
1675402756599952889
1675402756620415024
1675402756674650076
1675402756707463410
1675402756761096378
1675402756800118097
1675402756841456378
1675402756900095701
1675402756940404660
1675402756980063045
1675402757029713514
1675402757079632628
1675402757120101951
1675402757163385441
1675402757200492316
1675402757239941482
1675402757300045024
1675402757334872368
1675402757370728409
1675402757404657524
1675402757440418514
1675402757511338097
1675402757539900076
1675402757582564816
1675402757620412211
1675402757679605441
1675402757706927732
1675402757760188618
1675402757800205909
1675402757841273826
1675402757900467368
1675402757939798878
1675402757980320701
1675402758027548045
1675402758061521326
1675402758107466899
1675402758147985857
1675402758204565492
1675402758240213253
1675402758283048669
1675402758340343097
1675402758379904867
1675402758420108201
1675402758460384555
1675402758503489971
1675402758543300596
1675402758600226274
1675402758640183617
1675402758680658148
1675402758719895648
1675402758780089659
1675402758808995492
1675402758847302263
1675402758881978930
1675402758920612523
1675402758991532732
1675402759020445232
1675402759059964555
1675402759100501742
1675402759146784138
1675402759200262523
1675402759240206221
1675402759280931898
1675402759339634867
1675402759379925700
1675402759401145857
1675402759468328825
1675402759501669294
1675402759539955909
1675402759599941325
1675402759639819971
1675402759682046846
1675402759720115752
1675402759779903773
1675402759819888356
1675402759860056481
1675402759900206481
1675402759943233565
1675402759980022106
1675402760040121273
1675402760079608096
1675402760115252263
1675402760161981325
1675402760184874398
1675402760240108304
1675402760286889033
1675402760320394137
1675402760359951846
1675402760419811794
1675402760460295804
1675402760500312367
1675402760540492679
1675402760580622262
1675402760640344502
1675402760681317523
1675402760719701898
1675402760779639814
1675402760808971846
1675402760847950752
1675402760881638773
1675402760947962627
1675402760981622575
1675402761023328200
1675402761079882314
1675402761120082991
1675402761160151273
1675402761203231689
1675402761240338564
1675402761290184658
1675402761340853772
1675402761380337627
1675402761420173668
1675402761460441533
1675402761520021220
1675402761551080960
1675402761586324814
1675402761625173720
1675402761665318877
1675402761720528824
1675402761760097731
1675402761800156429
1675402761840571793
1675402761880681064
1675402761940355439
1675402761980931689
1675402762020016220
1675402762080050491
1675402762120039345
1675402762160207522
1675402762199874449
1675402762249613095
1675402762288462366
1675402762321933355
1675402762379939553
1675402762422247418
1675402762459731220
1675402762519980803
1675402762560258303
1675402762600124293
1675402762644100491
1675402762680432678
1675402762720504397
1675402762781649918
1675402762820028668
1675402762860416793
1675402762911230855
1675402762960221324
1675402762980858928
1675402763039457678
1675402763065785699
1675402763106038563
1675402763160767522
1675402763200364918
1675402763239922418
1675402763281031428
1675402763320596011
1675402763382995907
1675402763420364188
1675402763460241740
1675402763519907105
1675402763560135490
1675402763587889292
1675402763641357730
1675402763681106167
1675402763722236949
1675402763768664084
1675402763820177990
1675402763859964553
1675402763900183303
1675402763959710126
1675402763999883199
1675402764040328511
1675402764083818719
1675402764120325230
1675402764160090907
1675402764200608459
1675402764259937365
1675402764289539292
1675402764327177938
1675402764371508980
1675402764440245334
1675402764471487886
1675402764500253146
1675402764546127000
1675402764586574136
1675402764640557052
1675402764680297677
1675402764720909709
1675402764760556115
1675402764820205646
1675402764859870854
1675402764901022417
1675402764959930177
1675402764981897938
1675402765035532261
1675402765068164656
1675402765121453094
1675402765159693927
1675402765206183615
1675402765259483875
1675402765302600125
1675402765340167000
1675402765389973979
1675402765423157521
1675402765463633458
1675402765520339344
1675402765560671063
1675402765599504031
1675402765640323562
1675402765700212208
1675402765731477260
1675402765760171062
1675402765799827208
1675402765851566635
1675402765912124604
1675402765940194812
1675402765980171948
1675402766025605854
1675402766067929135
1675402766121961739
1675402766160855646
1675402766200355125
1675402766260556896
1675402766300196323
1675402766340001739
1675402766387907781
1675402766421478771
1675402766467602573
1675402766508659031
1675402766560418770
1675402766599934343
1675402766659348666
1675402766702250333
1675402766741633718
1675402766779646375
1675402766819890750
1675402766863750333
1675402766900653458
1675402766951234187
1675402766999674968
1675402767041754031
1675402767064806635
1675402767140223562
1675402767179771062
1675402767199624708
1675402767239394135
1675402767279975020
1675402767339781166
1675402767379626687
1675402767419503562
1675402767459783249
1675402767508481947
1675402767560836270
1675402767600494760
1675402767639909343
1675402767699412260
1675402767740237155
1675402767765719603
1675402767827860228
1675402767868157103
1675402767902296999
1675402767940241999
1675402767999742885
1675402768039410749
1675402768079905489
1675402768140084395
1675402768179427051
1675402768219283093
1675402768259596478
1675402768300369759
1675402768339965749
1675402768390828249
1675402768439339134
1675402768482438457
1675402768507128457
1675402768545724759
1675402768619647363
1675402768640304291
1675402768679644291
1675402768720115384
1675402768760695593
1675402768819327520
1675402768859984863
1675402768900229186
1675402768941060332
1675402769000631426
1675402769039900072
1675402769080258457
1675402769139851478
1675402769169399290
1675402769203468092
1675402769246022519
1675402769302337103
1675402769348885280
1675402769380012780
1675402769439302780
1675402769479414186
1675402769520139915
1675402769564147415
1675402769599552051
1675402769644248248
1675402769681176842
1675402769740407467
1675402769780145436
1675402769819288613
1675402769879429811
1675402769920061790
1675402769957802311
1675402769985555384
1675402770025404602
1675402770079659550
1675402770120360540
1675402770161501686
1675402770199935280
1675402770240130071
1675402770307080227
1675402770341455279
1675402770380019654
1675402770440500123
1675402770480712884
1675402770522556425
1675402770564672571
1675402770608293977
1675402770648554759
1675402770685819498
1675402770739989186
1675402770782529550
1675402770819705696
1675402770880046321
1675402770919827363
1675402770960005175
1675402771005604238
1675402771043498092
1675402771082048248
1675402771120547571
1675402771179951165
1675402771219352415
1675402771259556112
1675402771320920175
1675402771360165331
1675402771391473977
1675402771426033664
1675402771479788925
1675402771519853196
1675402771559511060
1675402771619210487
1675402771659372675
1675402771699886477
1675402771740426112
1675402771781448248
1675402771819598977
1675402771880101268
1675402771919467779
1675402771950486685
1675402771999384914
1675402772041621998
1675402772089676477
1675402772122343039
1675402772179525227
1675402772219193820
1675402772259467518
1675402772320457362
1675402772359698039
1675402772399888352
1675402772424703664
1675402772479671789
1675402772522646737
1675402772560203039
1675402772619175799
1675402772659407414
1675402772680273716
1675402772733561008
1675402772785657101
1675402772819173091
1675402772859415383
1675402772906389028
1675402772947002049
1675402773000026008
1675402773040163299
1675402773088858560
1675402773121524497
1675402773179936997
1675402773219437258
1675402773259333299
1675402773320512882
1675402773348582362
1675402773381829757
1675402773429014914
1675402773482039862
1675402773519859601
1675402773566888924
1675402773619149549
1675402773659370747
1675402773699999132
1675402773751197726
1675402773784673716
1675402773819647830
1675402773859738351
1675402773920325955
1675402773963597257
1675402773999875486
1675402774059455330
1675402774100060070
1675402774120154184
1675402774160739653
1675402774213234861
1675402774259353976
1675402774299282049
1675402774359218403
1675402774399519028
1675402774439241997
1675402774480753455
1675402774519606997
1675402774561350278
1675402774619393142
1675402774659353767
1675402774699721424
1675402774749045538
1675402774789084340
1675402774821809080
1675402774869007778
1675402774920196059
1675402774960121892
1675402775019112569
1675402775059317309
1675402775100206267
1675402775140119132
1675402775160592569
1675402775224175278
1675402775264365903
1675402775312055330
1675402775360643298
1675402775399649028
1675402775436861423
1675402775500217569
1675402775542694965
1675402775560005121
1675402775600029496
1675402775639460694
1675402775700769600
1675402775739528871
1675402775800061423
1675402775840136788
1675402775880199704
1675402775921837569
1675402775959830121
1675402775999620069
1675402776059363819
1675402776099369913
1675402776128993454
1675402776179701267
1675402776228680642
1675402776259364236
1675402776302789913
1675402776363025225
1675402776399663142
1675402776439198715
1675402776500705433
1675402776540141423
1675402776579457308
1675402776604414808
1675402776659637100
1675402776700837569
1675402776740169444
1675402776799332517
1675402776839141423
1675402776865523089
1675402776905865798
1675402776960483610
1675402777012058558
1675402777039444183
1675402777099875277
1675402777139871839
1675402777179428558
1675402777227253662
1675402777260958766
1675402777300399860
1675402777361760068
1675402777399709027
1675402777439599652
1675402777499332256
1675402777532219339
1675402777568798662
1675402777604789443
1675402777659088297
1675402777702859704
1675402777739907620
1675402777799240433
1675402777839137412
1675402777879236683
1675402777904209495
1675402777960014443
1675402778008465797
1675402778039664079
1675402778099485589
1675402778139990537
1675402778179570276
1675402778239094860
1675402778279226787
1675402778299423662
1675402778346890485
1675402778393416995
1675402778439594391
1675402778479933141
1675402778539694964
1675402778579665589
1675402778619711110
1675402778668060641
1675402778705467151
1675402778740664443
1675402778800146526
1675402778840050016
1675402778879310745
1675402778923333662
1675402778962180849
1675402779003353453
1675402779059402776
1675402779100319391
1675402779149723141
1675402779179956266
1675402779219330120
1675402779279221839
1675402779320049651
1675402779346052516
1675402779399462151
1675402779439772984
1675402779480227932
1675402779539762672
1675402779579358245
1675402779599311734
1675402779679491370
1675402779719847463
1675402779746748609
1675402779779881890
1675402779839659703
1675402779879223505
1675402779919973140
1675402779979750588
1675402780019411005
1675402780059130119
1675402780099503244
1675402780142902307
1675402780180213609
1675402780239223192
1675402780279143869
1675402780318495432
1675402780359058713
1675402780402214599
1675402780439470796
1675402780489873401
1675402780539745692
1675402780579683505
1675402780619139494
1675402780659397307
1675402780705293348
1675402780740252828
1675402780785211369
1675402780840175171
1675402780879557880
1675402780920166525
1675402780979520067
1675402781019177984
1675402781039303348
1675402781079404234
1675402781159202202
1675402781179884077
1675402781219157411
1675402781278935952
1675402781320437619
1675402781359631838
1675402781400988088
1675402781447771734
1675402781481889494
1675402781539660900
1675402781580914338
1675402781619352515
1675402781679107567
1675402781709052879
1675402781742353140
1675402781789740275
1675402781842626317
1675402781879187410
1675402781919992879
1675402781960208504
1675402782019028869
1675402782059124233
1675402782091566473
1675402782139491942
1675402782179832098
1675402782219657254
1675402782279771681
1675402782319536473
1675402782359422514
1675402782419828244
1675402782459282723
1675402782480016212
1675402782520151785
1675402782579635119
1675402782619289754
1675402782679954598
1675402782719962462
1675402782760277358
1675402782800721473
1675402782841825587
1675402782880512306
1675402782939917723
1675402782980878504
1675402783018996420
1675402783059170691
1675402783096633608
1675402783150233347
1675402783183502410
1675402783219435118
1675402783283064806
1675402783319578608
1675402783359325379
1675402783398934285
1675402783459037514
1675402783499698712
1675402783520392045
1675402783585435951
1675402783619321785
1675402783659634806
1675402783719365170
1675402783760048243
1675402783787004441
1675402783860128764
1675402783899724076
1675402783920783608
1675402783960938347
1675402784019541837
1675402784059338295
1675402784099864128
1675402784159127514
1675402784199549753
1675402784239525326
1675402784284862774
1675402784324969232
1675402784360363087
1675402784419429649
1675402784459523712
1675402784489725639
1675402784539384232
1675402784590648659
1675402784623586889
1675402784659485743
1675402784699971576
1675402784768270795
1675402784799530743
1675402784839818816
1675402784880116784
1675402784925746784
1675402784960268451
1675402785020059857
1675402785059660013
1675402785100175430
1675402785159679024
1675402785199871940
1675402785227283555
1675402785266445065
1675402785320042826
1675402785360144909
1675402785400418295
1675402785459355013
1675402785499551159
1675402785538960430
1675402785588732357
1675402785622343659
1675402785659634180
1675402785722445430
1675402785760721471
1675402785800733503
1675402785859416263
1675402785889774857
1675402785926673555
1675402785960054648
1675402786019432148
1675402786064039023
1675402786099654336
1675402786140004440
1675402786199126732
1675402786239546107
1675402786266122825
1675402786319910169
1675402786366155065
1675402786399849596
1675402786459732357
1675402786499794752
1675402786540021315
1675402786599225898
1675402786639769388
1675402786659341002
1675402786707164440
1675402786760480742
1675402786799370273
1675402786839824440
1675402786899417929
1675402786939699231
1675402786962825586
1675402787028766367
1675402787062237096
1675402787100376783
1675402787159834544
1675402787199322565
1675402787239207981
1675402787279486419
1675402787322859127
1675402787370571523
1675402787404192929
1675402787440131940
1675402787499760690
1675402787539717773
1675402787579943450
1675402787619611315
1675402787671569179
1675402787705457721
1675402787760318398
1675402787800118450
1675402787840059439
1675402787899790898
1675402787940451471
1675402787960892512
1675402788027642356
1675402788067437877
1675402788100456783
1675402788140443502
1675402788201078918
1675402788238934283
1675402788279478554
1675402788340623814
1675402788379372304
1675402788419332773
1675402788459384700
1675402788508660273
1675402788539885273
1675402788599447668
1675402788638925116
1675402788679829439
1675402788703208866
1675402788763413866
1675402788799736731
1675402788844059074
1675402788881072772
1675402788939793189
1675402788979722147
1675402789020118449
1675402789060292095
1675402789099618918
1675402789147252043
1675402789199692616
1675402789240088033
1675402789279332460
1675402789339617356
1675402789379506366
1675402789400705741
1675402789440242772
1675402789507617876
1675402789540853397
1675402789579840376
1675402789639508033
1675402789679338501
1675402789720230480
1675402789762252616
1675402789808439803
1675402789849120012
1675402789899358553
1675402789939801001
1675402789980078553
1675402790039646678
1675402790064974595
1675402790109719491
1675402790144386626
1675402790184475689
1675402790243931991
1675402790279414595
1675402790319428136
1675402790359704855
1675402790419747980
1675402790440314230
1675402790499419907
1675402790540073188
1675402790580786886
1675402790639814490
1675402790679239282
1675402790719581313
1675402790759481418
1675402790807470897
1675402790847691834
1675402790882076209
1675402790939321313
1675402790981328397
1675402791019772459
1675402791079205219
1675402791120282355
1675402791159561417
1675402791202666730
1675402791240122251
1675402791282870844
1675402791340310792
1675402791379430688
1675402791419560323
1675402791470080584
1675402791510280740
1675402791547103084
1675402791582803657
1675402791625410896
1675402791685305480
1675402791722665375
1675402791759281209
1675402791799870792
1675402791849518084
1675402791882291209
1675402791939734542
1675402791980503188
1675402792019640688
1675402792079151313
1675402792119454646
1675402792147703552
1675402792200928917
1675402792240508865
1675402792280713709
1675402792321354073
1675402792379178031
1675402792419002615
1675402792459748136
1675402792519197458
1675402792559301886
1675402792599431781
1675402792642388552
1675402792679289750
1675402792719672354
1675402792779487927
1675402792818925115
1675402792846807719
1675402792886196833
1675402792930640948
1675402792990698135
1675402793019147354
1675402793059436469
1675402793104478292
1675402793159773969
1675402793200051729
1675402793239427406
1675402793279388760
1675402793319537198
1675402793380065114
1675402793419574125
1675402793458936625
1675402793519003916
1675402793546939906
1675402793588410166
1675402793627695739
1675402793679466625
1675402793720910531
1675402793766713343
1675402793819138031
1675402793859481260
1675402793900325687
1675402793949139229
1675402793983129437
1675402794020092614
1675402794082983968
1675402794119819750
1675402794159692927
1675402794218989385
1675402794255349750
1675402794284424489
1675402794319597302
1675402794359652979
1675402794419570062
1675402794464259645
1675402794499817249
1675402794539935687
1675402794585136104
1675402794626275583
1675402794680230218
1675402794719960166
1675402794760390843
1675402794819368135
1675402794859238447
1675402794900093708
1675402794947247822
1675402794980739749
1675402795019133447
1675402795081502666
1675402795119295322
1675402795159306051
1675402795219305322
1675402795259333291
1675402795299479593
1675402795338928187
1675402795381151364
1675402795430246832
1675402795459388551
1675402795519514489
1675402795559760530
1675402795599979436
1675402795639079124
1675402795700081416
1675402795724635009
1675402795779279124
1675402795799205947
1675402795839802197
1675402795899312978
1675402795939430895
1675402795979618082
1675402796019307145
1675402796066703915
1675402796119885113
1675402796160008343
1675402796200036415
1675402796259291155
1675402796299085582
1675402796321014436
1675402796387687457
1675402796421574332
1675402796459600634
1675402796519594697
1675402796559085582
1675402796599243290
1675402796641305061
1675402796699279853
1675402796739741780
1675402796779684644
1675402796819876415
1675402796859914384
1675402796918963030
1675402796959425582
1675402796998977821
1675402797041591832
1675402797079042457
1675402797104173186
1675402797159066780
1675402797204898915
1675402797239609332
1675402797279927405
1675402797320800217
1675402797380037405
1675402797419332717
1675402797459197821
1675402797499425634
1675402797560105113
1675402797600463811
1675402797639082457
1675402797699036936
1675402797727478498
1675402797760885581
1675402797819211206
1675402797861232144
1675402797899508446
1675402797959279019
1675402797999045529
1675402798039115738
1675402798082042613
1675402798122987404
1675402798179187456
1675402798218987508
1675402798258998133
1675402798299775113
1675402798350007144
1675402798379441571
1675402798439177404
1675402798459122925
1675402798519171519
1675402798544922977
1675402798585411571
1675402798639069227
1675402798679459852
1675402798719290685
1675402798759783654
1675402798799908550
1675402798859595060
1675402798899670425
1675402798939922560
1675402798999766154
1675402799039526727
1675402799079659591
1675402799118980425
1675402799168018862
1675402799201775373
1675402799259048289
1675402799299159383
1675402799339514383
1675402799399367716
1675402799439453237
1675402799479357248
1675402799520401675
1675402799564605633
1675402799599901258
1675402799639357404
1675402799680915320
1675402799740439487
1675402799779389956
1675402799817906154
1675402799878956362
1675402799920756987
1675402799940498966
1675402799985893654
1675402800025769070
1675402800079016154
1675402800119147351
1675402800159661570
1675402800199818653
1675402800239676570
1675402800299674903
1675402800340616466
1675402800382067664
1675402800442736726
1675402800480273914
1675402800511866726
1675402800561120060
1675402800601191622
1675402800648768757
1675402800682126205
1675402800739320268
1675402800779237664
1675402800819758497
1675402800878860164
1675402800919338862
1675402800959764487
1675402801003893445
1675402801043457507
1675402801098723497
1675402801123857143
1675402801179163549
1675402801205003705
1675402801259212611
1675402801291309174
1675402801359407247
1675402801379224591
1675402801419657924
1675402801465292403
1675402801505840997
1675402801559712351
1675402801599476309
1675402801639897559
1675402801680409174
1675402801739341413
1675402801779524382
1675402801826889695
1675402801879021934
1675402801901336726
1675402801948688132
1675402802001958340
1675402802039522767
1675402802079334330
1675402802138913705
1675402802178963601
1675402802219925528
1675402802259511153
1675402802310461621
1675402802345307403
1675402802379441621
1675402802419176101
1675402802479398809
1675402802521677819
1675402802559120319
1675402802618587350
1675402802658959382
1675402802679130059
1675402802719697142
1675402802771793861
1675402802818935580
1675402802858848913
1675402802899377663
1675402802945981830
1675402802987221152
1675402803039745579
1675402803079994746
1675402803139312194
1675402803179503079
1675402803219273444
1675402803258928861
1675402803307856465
1675402803341434225
1675402803388179121
1675402803428589590
1675402803481360788
1675402803519090736
1675402803559095371
1675402803619399433
1675402803659159538
1675402803699152975
1675402803739514538
1675402803790134902
1675402803839192194
1675402803859637402
1675402803919491256
1675402803959339017
1675402803999096933
1675402804058737246
1675402804099392350
1675402804119180735
1675402804159328964
1675402804199581621
1675402804258894173
1675402804299021152
1675402804339285371
1675402804379482662
1675402804426855787
1675402804480510058
1675402804520526933
1675402804578599537
1675402804619574016
1675402804659332766
1675402804681543131
1675402804748195110
1675402804782007766
1675402804819298183
1675402804878872350
1675402804918781829
1675402804959087975
1675402805002187245
1675402805059125839
1675402805098760527
1675402805139360214
1675402805159868339
1675402805220153183
1675402805264473547
1675402805299954641
1675402805359400110
1675402805399620787
1675402805425481360
1675402805465226776
1675402805539304329
1675402805559525474
1675402805599411776
1675402805639889328
1675402805679819537
1675402805739117037
1675402805786692141
1675402805839430943
1675402805879405943
1675402805920452297
1675402805960643599
1675402805999365943
1675402806059509537
1675402806090276880
1675402806129419120
1675402806162064953
1675402806222365943
1675402806259320630
1675402806318883703
1675402806359612089
1675402806399305891
1675402806442862453
1675402806483755526
1675402806538810578
1675402806579303130
1675402806599489901
1675402806659371568
1675402806699158443
1675402806739490057
1675402806799284588
1675402806838639276
1675402806864536672
1675402806905363703
1675402806945787297
1675402806998958911
1675402807039413911
1675402807079597505
1675402807119572193
1675402807160365370
1675402807226936099
1675402807267235786
1675402807318817922
1675402807359684797
1675402807399120057
1675402807438808651
1675402807481266515
1675402807518903078
1675402807561985474
1675402807619225994
1675402807658791099
1675402807698836567
1675402807759310786
1675402807798946411
1675402807838893078
1675402807882619536
1675402807903843963
1675402807959440473
1675402807999648546
1675402808039158078
1675402808099057869
1675402808139157661
1675402808159480161
1675402808238878963
1675402808278969588
1675402808298593650
1675402808346271932
1675402808385993442
1675402808438786411
1675402808478573702
1675402808539519692
1675402808578803911
1675402808618633963
1675402808659731098
1675402808707496619
1675402808758767348
1675402808798991619
1675402808839026150
1675402808868128911
1675402808921892088
1675402808959228390
1675402809002319588
1675402809059458233
1675402809099366879
1675402809138669171
1675402809179240473
1675402809239037973
1675402809279402452
1675402809318779952
1675402809344198390
1675402809399744692
1675402809440019692
1675402809480212556
1675402809538880994
1675402809579498233
1675402809601076410
1675402809639362452
1675402809718648285
1675402809739060577
1675402809779085994
1675402809826259327
1675402809866349483
1675402809919029066
1675402809960105264
1675402810019639014
1675402810059519014
1675402810099307087
1675402810139593077
1675402810187520108
1675402810239013233
1675402810261427556
1675402810299301775
1675402810342451150
1675402810399193910
1675402810439025941
1675402810498951879
1675402810538852452
1675402810579433597
1675402810619229014
1675402810650399587
1675402810703983337
1675402810745462243
1675402810779233858
1675402810839489170
1675402810878913285
1675402810919230524
1675402810979133806
1675402811019316306
1675402811039010160
1675402811079196097
1675402811132769795
1675402811179484378
1675402811218958441
1675402811278920576
1675402811319434743
1675402811360318649
1675402811401050941
1675402811440582712
1675402811481586774
1675402811539364691
1675402811579067139
1675402811620620576
1675402811655472920
1675402811708233701
1675402811739440941
1675402811798934847
1675402811838791930
1675402811879107712
1675402811939133284
1675402811979172868
1675402812019247139
1675402812058951618
1675402812079366253
1675402812144871618
1675402812184708545
1675402812219455941
1675402812279239222
1675402812318792086
1675402812345067816
1675402812419151461
1675402812458927086
1675402812479212138
1675402812519195315
1675402812579306878
1675402812619111305
1675402812665854742
1675402812719372347
1675402812759407034
1675402812800213076
1675402812840658388
1675402812881010992
1675402812938761826
1675402812979241930
1675402813019090055
1675402813041670680
1675402813098988596
1675402813142503440
1675402813178775367
1675402813238770836
1675402813278566044
1675402813318933961
1675402813362960836
1675402813399198701
1675402813450290836
1675402813498845315
1675402813518998232
1675402813579416200
1675402813619514065
1675402813658600211
1675402813718929482
1675402813758875523
1675402813785708752
1675402813826054273
1675402813899093023
1675402813919284690
1675402813959671773
1675402814019038179
1675402814058877346
1675402814106768909
1675402814147910784
1675402814199137919
1675402814239165263
1675402814282592502
1675402814321509065
1675402814358912763
1675402814419232763
1675402814451252867
1675402814489148336
1675402814521745679
1675402814578735106
1675402814622952450
1675402814658818231
1675402814718751513
1675402814758915992
1675402814800309898
1675402814824732398
1675402814879524273
1675402814931262762
1675402814959193596
1675402815019328283
1675402815059138127
1675402815099173596
1675402815159196356
1675402815199220314
1675402815219377919
1675402815266064533
1675402815319187450
1675402815359045262
1675402815418411304
1675402815459279221
1675402815498898387
1675402815539161825
1675402815587872918
1675402815627949429
1675402815679046616
1675402815719242866
1675402815761670262
1675402815799282918
1675402815842598127
1675402815879045106
1675402815922672606
1675402815979050002
1675402816019071877
1675402816059025314
1675402816119231095
1675402816139285314
1675402816199196199
1675402816239381460
1675402816264554324
1675402816319443491
1675402816359265522
1675402816399213022
1675402816458915731
1675402816498479116
1675402816519312710
1675402816599144689
1675402816638781356
1675402816659159272
1675402816698498491
1675402816759172501
1675402816799153387
1675402816839401355
1675402816899392762
1675402816938860470
1675402816978731876
1675402817019417918
1675402817068299793
1675402817118586355
1675402817159159168
1675402817199228334
1675402817229243387
1675402817282801564
1675402817322826303
1675402817359432137
1675402817409789324
1675402817458655574
1675402817498978907
1675402817550394949
1675402817580132345
1675402817620036407
1675402817658999949
1675402817704561720
1675402817759659272
1675402817799402709
1675402817839313022
1675402817899480418
1675402817940546147
1675402817959930990
1675402817999881615
1675402818060024584
1675402818106026199
1675402818139091251
1675402818199112761
1675402818240391147
1675402818280086042
1675402818320740105
1675402818380219740
1675402818419372449
1675402818459105730
1675402818498786094
1675402818541463126
1675402818598855886
1675402818628821615
1675402818663440834
1675402818709646771
1675402818778706042
1675402818799011355
1675402818838573542
1675402818898883438
1675402818939312344
1675402818979334219
1675402819031375469
1675402819079051511
1675402819118425521
1675402819158999011
1675402819205195834
1675402819238598334
1675402819298795209
1675402819319230886
1675402819365975573
1675402819419630469
1675402819458755052
1675402819498952761
1675402819559374740
1675402819578884479
1675402819639375313
1675402819680277448
1675402819707926823
1675402819759379115
1675402819799387761
1675402819841645833
1675402819899621250
1675402819938712344
1675402819979398802
1675402820038447604
1675402820062645677
1675402820099309479
1675402820158690938
1675402820198916615
1675402820239071198
1675402820298844948
1675402820339083021
1675402820379173021
1675402820419071562
1675402820458972240
1675402820511912187
1675402820559750781
1675402820599424739
1675402820639125573
1675402820678815885
1675402820725755677
1675402820759419010
1675402820799083177
1675402820859753750
1675402820898869166
1675402820939097812
1675402820999103073
1675402821018980312
1675402821079048489
1675402821118883177
1675402821148388906
1675402821199437083
1675402821239514687
1675402821279474323
1675402821339320885
1675402821378782656
1675402821402202552
1675402821458806458
1675402821503554322
1675402821538885937
1675402821599073229
1675402821639337031
1675402821679086874
1675402821723693958
1675402821779305520
1675402821818526718
1675402821858802708
1675402821899339114
1675402821939327395
1675402821985720781
1675402822039011406
1675402822079122968
1675402822099448020
1675402822166506301
1675402822199615103
1675402822238789374
1675402822299048385
1675402822320391562
1675402822378784010
1675402822418625364
1675402822458541718
1675402822498939062
1675402822541837187
1675402822579154010
1675402822638950832
1675402822679072603
1675402822719316457
1675402822779082759
1675402822819751874
1675402822843580051
1675402822882977603
1675402822938996405
1675402822979482499
1675402823039317239
1675402823078653645
1675402823118900311
1675402823164322968
1675402823206185259
1675402823258937968
1675402823298919791
1675402823339667863
1675402823379990311
1675402823418933280
1675402823478817030
1675402823506157082
1675402823539225988
1675402823599194270
1675402823640491249
1675402823679712603
1675402823739230363
1675402823758656613
1675402823819717134
1675402823859094374
1675402823881758280
1675402823939240780
1675402823979721457
1675402824020078749
1675402824078970936
1675402824118760780
1675402824158661353
1675402824198568176
1675402824238446040
1675402824283252082
