1675402734499300449
1675402734702598574
1675402734904044720
1675402735102864303
1675402735303945970
1675402735512248470
1675402735711731647
1675402735913134616
1675402736113744147
1675402736310268470
1675402736505800188
1675402736715924199
1675402736915429251
1675402737117385032
1675402737318669459
1675402737520732323
1675402737727756125
1675402737928651021
1675402738106759823
1675402738308779302
1675402738507638260
1675402738700384719
1675402738910847010
1675402739111212896
1675402739310036073
1675402739510893000
1675402739711092010
1675402739920163624
1675402740120337531
1675402740320791176
1675402740519410239
1675402740720249197
1675402740915026489
1675402741124994145
1675402741325617843
1675402741525571749
1675402741705408520
1675402741905025759
1675402742114684769
1675402742315271280
1675402742514945186
1675402742715066280
1675402742915229717
1675402743111112686
1675402743320715081
1675402743520496592
1675402743723807738
1675402743923226123
1675402744122745810
1675402744333576123
1675402744533532633
1675402744732464768
1675402744931867581
1675402745133387633
1675402745327468466
1675402745519198258
1675402745717215862
1675402745916546435
1675402746121111330
1675402746319408049
1675402746527231486
1675402746728335966
1675402746926286590
1675402747126604299
1675402747327311955
1675402747522601382
1675402747732575601
1675402747933512840
1675402748133551486
1675402748330922371
1675402748533611954
1675402748740707319
1675402748943131225
1675402749121105548
1675402749322722319
1675402749523510496
1675402749715672839
1675402749926726693
1675402750127845600
1675402750327770548
1675402750526226693
1675402750725237579
1675402750941236224
1675402751136183881
1675402751335631016
1675402751536970547
1675402751735553464
1675402751930824609
1675402752145890286
1675402752340042734
1675402752545144245
1675402752740844401
1675402752920690494
1675402753121214869
1675402753331511901
1675402753532150182
1675402753731689557
1675402753930644817
1675402754124908723
1675402754335820233
1675402754535374192
1675402754734971952
1675402754936682056
1675402755137606692
1675402755335685025
1675402755545304973
1675402755744964920
1675402755946457577
1675402756145496379
1675402756340713358
1675402756530871691
1675402756731280233
1675402756932350962
1675402757131521587
1675402757340280232
1675402757530733461
1675402757741144347
1675402757940762003
1675402758140427576
1675402758340041847
1675402758536161378
1675402758745363409
1675402758945344294
1675402759144770023
1675402759344921325
1675402759544711846
1675402759744820700
1675402759956547627
1675402760156845231
1675402760335556794
1675402760536506012
1675402760731039658
1675402760940506533
1675402761140155960
1675402761340125231
1675402761542748460
1675402761739830439
1675402761939933356
1675402762150777262
1675402762350598043
1675402762550646585
1675402762751200334
1675402762947362314
1675402763154909136
1675402763355465595
1675402763556986688
1675402763756637105
1675402763935233199
1675402764136528876
1675402764347438980
1675402764547842417
1675402764747237938
1675402764947281584
1675402765140138719
1675402765350732261
1675402765551908927
1675402765751606323
1675402765951657052
1675402766149962000
1675402766351898406
1675402766560054031
1675402766760387104
1675402766962904135
1675402767160400541
1675402767356539083
1675402767566144760
1675402767747598510
1675402767948148145
1675402768145164187
1675402768344853822
1675402768547966999
1675402768757353457
1675402768956464759
1675402769158130644
1675402769355033353
1675402769552255957
1675402769760306998
1675402769962681530
1675402770160161061
1675402770363749342
1675402770562570436
1675402770759853613
1675402770970738456
1675402771172601425
1675402771350652414
1675402771551164810
1675402771746578664
1675402771945645852
1675402772157426737
1675402772356591425
1675402772556571841
1675402772755060904
1675402772957316008
1675402773166624810
1675402773367688091
1675402773567327466
1675402773766407361
1675402773963006841
1675402774164718195
1675402774369435070
1675402774569242934
1675402774771481528
1675402774970327569
1675402775152696736
1675402775359940590
1675402775561709444
1675402775761802100
1675402775960457361
1675402776156592933
1675402776355463975
1675402776566908610
1675402776766493402
1675402776967297933
1675402777166562516
1675402777366625173
1675402777577237308
1675402777775184443
1675402777976677881
1675402778174945224
1675402778372624443
1675402778572071005
1675402778762697776
1675402778960106005
1675402779162447307
1675402779362745693
1675402779559871995
1675402779772701682
1675402779974302828
1675402780170536005
1675402780369097828
1675402780567219182
1675402780766491578
1675402780976361838
1675402781177291317
1675402781376285484
1675402781576662150
1675402781775015067
1675402781987100535
1675402782184343348
1675402782384664181
1675402782564662723
1675402782760314806
1675402782961996420
1675402783172046889
1675402783371134858
1675402783572501316
1675402783771871941
1675402783972075378
1675402784182716003
1675402784380051732
1675402784581337149
1675402784780022878
1675402784976561993
1675402785174814909
1675402785387743242
1675402785586500378
1675402785785198034
1675402785987457148
1675402786167410013
1675402786375414440
1675402786577118502
1675402786776420690
1675402786978928606
1675402787170882304
1675402787370437825
1675402787583291835
1675402787780254283
1675402787981675429
1675402788182797460
1675402788380266314
1675402788590394804
1675402788792757200
1675402788991336054
1675402789192060012
1675402789386829803
1675402789587447564
1675402789794881887
1675402789978197824
1675402790176568241
1675402790376631574
1675402790577408501
1675402790776526365
1675402790986750428
1675402791187486209
1675402791386642511
1675402791581727511
1675402791784921573
1675402791992428605
1675402792191991104
1675402792392043761
1675402792592246781
1675402792791029958
1675402792991141521
1675402793203112354
1675402793401590062
1675402793582553969
1675402793776782250
1675402793977537198
1675402794187420218
1675402794384745791
1675402794585228343
1675402794785131572
1675402794985288343
1675402795185042145
1675402795397204176
1675402795596855947
1675402795794996832
1675402795990340218
1675402796190247926
1675402796399971728
1675402796600222353
1675402796800746728
1675402796999898655
1675402797200462665
1675402797381534852
1675402797590674852
1675402797789814592
1675402797989273186
1675402798185092769
1675402798384606258
1675402798594712144
1675402798795378914
1675402798995506154
1675402799195021831
1675402799396454748
1675402799597155997
1675402799806855789
1675402800006485841
1675402800207437976
1675402800399838758
1675402800603865216
1675402800812440268
1675402800989856257
1675402801189868549
1675402801389892924
1675402801591590372
1675402801789853653
1675402802000060111
1675402802201888965
1675402802400112871
1675402802595625111
1675402802795208392
1675402803005670163
1675402803205025215
1675402803406557767
1675402803604877558
1675402803805506569
1675402804004513340
1675402804213923235
1675402804414256777
1675402804614672923
1675402804790178704
1675402804989634120
1675402805199913443
1675402805400412401
1675402805600102297
1675402805799609589
1675402805999652297
1675402806199384328
1675402806409543078
1675402806609509484
1675402806809441880
1675402807004597609
1675402807205223807
1675402807414844328
1675402807614771671
1675402807815277713
1675402808014958911
1675402808214774640
1675402808394798859
1675402808604717348
1675402808804203494
1675402809004215421
1675402809199326515
1675402809400264171
1675402809600219014
1675402809809739483
1675402810009495629
1675402810209769691
1675402810409298545
1675402810609597452
1675402810819777087
1675402811019240316
1675402811219228285
1675402811415603024
1675402811617231982
1675402811816478389
1675402812024767711
1675402812204605784
1675402812404321565
1675402812604499795
1675402812804558440
1675402813014968440
1675402813214703961
1675402813414415055
1675402813609817242
1675402813810337450
1675402814010313804
1675402814219652086
1675402814419079013
1675402814619534585
1675402814819274481
1675402815019787137
1675402815230133804
1675402815429450835
1675402815629983648
1675402815804979533
1675402816005072450
1675402816204535314
1675402816414645106
1675402816614387762
1675402816814375939
1675402817014073803
1675402817215996564
1675402817425181251
1675402817625153386
1675402817825869168
1675402818020893751
1675402818221716563
1675402818422340886
1675402818632730469
1675402818829609480
1675402819029351719
1675402819229620625
1675402819429222969
1675402819619390677
1675402819819109167
1675402820019454219
1675402820214906667
1675402820414860937
1675402820614715677
1675402820824743333
1675402821024339948
1675402821224661406
1675402821424424947
1675402821624374531
1675402821834366614
1675402822034017187
1675402822234568333
1675402822429393645
1675402822629771353
1675402822830294218
1675402823039459686
1675402823220654009
1675402823420269322
1675402823620188540
1675402823820044790
1675402824030793280
