1675402730203738072,0.058151245,-0.052246094,0.009414673
1675402730396714738,-0.55345154,0.054656982,0.53256226
1675402730591164999,-1.2414246,-1.6755676,0.42285156
1675402730784857082,0.24897766,0.28800964,-1.0704803
1675402730978968436,2.2082825,4.468796,1.881607
1675402731173409113,-2.0731812,7.0261536,8.240402
1675402731367439634,-0.55503845,1.4226379,0.52046204
1675402731561395675,3.761734,0.9715729,-3.3921509
1675402731757264009,0.6928406,-2.7902832,0.7888794
1675402731949526873,-1.3800812,-0.0579834,4.8593597
1675402732143769582,0.47988892,0.43034363,1.4197845
1675402732338302863,-0.1421051,-3.6399994,-2.7578278
1675402732531721248,0.03541565,-0.70928955,2.5195923
1675402732725796456,0.52386475,1.5614319,-4.556717
1675402732919928800,0.64201355,0.34396362,-3.2346802
1675402733113934008,-0.5385437,-2.8286438,-0.9300995
1675402733307708071,-1.2591248,-4.3537445,0.09640503
1675402733502072185,-0.09310913,-0.29548645,-0.56944275
1675402733696151664,-0.038009644,-0.7889557,0.13317871
1675402733890344789,1.0675354,1.4640503,0.4888153
1675402734084192289,1.7926483,1.8565979,0.28320312
1675402734278889893,3.006195,4.896042,1.8464203
1675402734472387549,1.3555145,4.270035,1.340744
1675402734668319476,1.3370667,-4.198105,-3.1688232
1675402734861292341,0.16981506,-0.72676086,1.5266876
1675402735055102601,-1.0652466,-0.58052063,3.2305298
1675402735249170726,-0.21955872,-2.239151,-0.06791687
1675402735442721664,1.3624725,-1.3544922,-2.6624146
1675402735637238851,0.24189758,-2.2325592,-3.1989899
1675402735831012028,-0.5623779,-0.8579712,-1.5094452
1675402736025288747,-1.3049469,-2.2347565,-1.8543549
1675402736219134997,-0.9616394,-5.208969,0.40672302
1675402736413050257,-1.1582184,-1.6637115,0.5275421
1675402736607037236,-0.46536255,-1.0991516,0.38056946
1675402736801186871,-0.38424683,1.3798828,1.5436707
1675402736995568330,-0.8152771,0.3657074,0.613678
1675402737189586038,-0.88845825,-0.9039154,1.5977936
1675402737387065048,-0.9438019,-1.8516235,3.8035278
1675402737592711090,-1.3907166,-2.4496613,4.834549
1675402737792462236,-1.7039642,-1.9535065,5.149521
1675402737969233069,-1.2383575,-1.7061157,3.4228363
1675402738159840829,-0.8621826,-1.5349426,1.9286346
1675402738353927235,-0.5066681,-1.4698181,1.6957855
1675402738547892808,-0.4659729,-1.3658447,1.6503296
1675402738742037652,-0.48944092,-1.1788025,2.1798248
1675402738936014839,-0.95700073,-1.9395905,4.4280853
1675402739130150152,-1.547699,-1.5045166,6.519577
1675402739324259735,-0.2632904,-0.75279236,5.7781067
1675402739518261870,-0.421875,-0.7294464,0.4389801
1675402739712483172,-0.97299194,-0.37820435,-0.4249115
1675402739906172651,-0.55418396,0.52856445,-0.26339722
1675402740100596141,0.10456848,0.84573364,-0.015136719
1675402740294428485,0.66999817,0.64694214,0.63812256
1675402740489341297,0.7856903,0.65966797,0.54867554
1675402740682745099,0.6235657,0.6811676,0.28344727
1675402740877424422,0.4428711,0.56192017,0.22503662
1675402741070808380,0.31556702,0.42997742,0.26976013
1675402741265854109,0.15159607,0.3782959,0.154068
1675402741458900463,0.0017089844,0.46858215,0.09957886
1675402741653153067,-0.10983276,0.5001068,0.043121338
1675402741847070515,-0.20452881,0.44657898,0.04838562
1675402742040944526,-0.24996948,0.4398651,0.082351685
1675402742235001348,-0.19230652,0.46064758,0.07537842
1675402742429029578,-0.013931274,0.38757324,0.0770874
1675402742623155098,0.16125488,0.18440247,0.08808899
1675402742818362077,0.23260498,-0.004470825,0.06866455
1675402743011392077,0.16308594,-0.08106995,0.04360962
1675402743208614629,0.02796936,-0.05834961,0.042144775
1675402743399435567,-0.07759094,0.02558899,-0.001953125
1675402743593649160,-0.13781738,0.07652283,-0.027114868
1675402743787831087,-0.122665405,0.07249451,-0.018798828
1675402743982028848,-0.102142334,0.036087036,0.0015869141
1675402744176295202,-0.08552551,0.024841309,0.023208618
1675402744370325202,-0.06524658,0.04573059,0.02418518
1675402744564341087,-0.057922363,0.05014038,0.010131836
1675402744758313014,-0.038864136,0.03437805,0.01966858
1675402744952394160,-0.016616821,0.015319824,0.04067993
1675402745147172285,0.002319336,0.028015137,0.046310425
1675402745340745045,0.03236389,0.056732178,0.034820557
1675402745534728743,0.05545044,0.04096985,0.017227173
1675402745728751295,0.06645203,-0.021942139,-0.004760742
1675402745922789524,0.0690155,-0.1134491,-0.0395813
1675402746116862285,0.06474304,-0.22279358,-0.0677948
1675402746310978170,0.05960083,-0.3182068,-0.078186035
1675402746505363274,0.05984497,-0.3742981,-0.085510254
1675402746698895878,0.06742859,-0.37979126,-0.08709717
1675402746893010149,0.07829285,-0.35095215,-0.08355713
1675402747086879628,0.08294678,-0.31381226,-0.07659912
1675402747281429940,0.077438354,-0.28730774,-0.073898315
1675402747475159992,0.06877136,-0.28059387,-0.07574463
1675402747669775669,0.06535339,-0.2853546,-0.069747925
1675402747863135669,0.06730652,-0.2862091,-0.06462097
1675402748057327284,0.06315613,-0.27593994,-0.060958862
1675402748251686815,0.046173096,-0.25064087,-0.049591064
1675402748445361346,0.029800415,-0.19836426,-0.04324341
1675402748639490773,0.018310547,-0.13838196,-0.036758423
1675402748833644836,0.012329102,-0.093170166,-0.029067993
1675402749028475929,0.015380859,-0.06813049,-0.02406311
1675402749221671971,0.020751953,-0.064819336,-0.020019531
1675402749416787439,0.01953125,-0.07460022,-0.014770508
1675402749609803012,0.016601562,-0.0750885,-0.016479492
1675402749803838116,0.016601562,-0.064086914,-0.012817383
1675402749997680721,0.013305664,-0.049301147,-0.0078125
1675402750192044627,0.0051116943,-0.032318115,-0.0063476562
1675402750387161970,-0.0013580322,-0.013259888,-0.0052490234
1675402750580253116,-0.0027008057,0.0030975342,7.4768066E-4
1675402750774810668,-0.0023345947,0.013977051,0.0057525635
1675402750968639574,-0.0017089844,0.022766113,0.008056641
1675402751162552960,0.001953125,0.031799316,0.009292603
1675402751356427074,0.0018157959,0.035964966,0.011978149
1675402751550659991,-0.0035552979,0.038406372,0.014175415
1675402751744655876,-0.009780884,0.0460968,0.010498047
1675402751938840511,-0.009292603,0.05380249,0.009780884
1675402752133084001,-0.0032958984,0.052581787,0.011230469
1675402752327136553,-0.0014648438,0.04182434,0.012954712
1675402752520866657,-0.0057525635,0.034500122,0.0073242188
1675402752715396188,-0.0042877197,0.034988403,0.004760742
1675402752910314469,0.0027923584,0.03303528,0.0064849854
1675402753103192282,0.0040283203,0.023254395,0.007217407
1675402753296984521,8.392334E-4,0.016296387,0.0018463135
1675402753491650094,3.5095215E-4,0.014465332,-4.8828125E-4
1675402753685473219,0.004272461,0.012878418,2.593994E-4
1675402753879358271,0.0063323975,0.0067749023,0.0010986328
1675402754073420823,0.004272461,7.7819824E-4,-9.613037E-4
1675402754267520094,0.0021820068,-0.0025177002,-0.004135132
1675402754462370615,0.004760742,-0.0028839111,-0.0030517578
1675402754656057698,0.00730896,-0.004714966,-0.0016937256
1675402754849955615,0.0061035156,-0.007888794,-0.0015869141
1675402755043948010,0.0038909912,-0.008743286,-0.0040283203
1675402755238929260,0.0038909912,-0.008132935,-0.0031585693
1675402755432473531,0.0055999756,-0.0074005127,-0.0021820068
1675402755625888635,0.007446289,-0.007888794,-0.0025634766
1675402755820443947,0.008666992,-0.011428833,-0.0037841797
1675402756014778947,0.007675171,-0.016082764,-0.0025634766
1675402756208958322,0.004623413,-0.018157959,-0.0040130615
1675402756402540197,0.005355835,-0.015472412,-0.004272461
1675402756596316760,0.009277344,-0.013885498,-0.0038909912
1675402756791636916,0.010986328,-0.017425537,-0.0026855469
1675402756984765770,0.0074310303,-0.021209717,-0.002670288
1675402757178529728,0.0021820068,-0.019012451,-0.0040283203
1675402757372740249,0.0036621094,-0.011550903,-0.004272461
1675402757566768061,0.010864258,-0.008377075,-0.0034179688
1675402757760889780,0.0107421875,-0.017181396,-7.171631E-4
1675402757954846290,0.00390625,-0.02279663,-0.0052490234
1675402758149080249,0.00390625,-0.017181396,-0.005126953
1675402758342912749,0.010131836,-0.011184692,-0.0031585693
1675402758538048426,0.010131836,-0.0152282715,-0.0018310547
1675402758731188790,0.0027923584,-0.019134521,-0.005004883
1675402758925964103,0.0018310547,-0.01423645,-0.004638672
1675402759119264050,0.0066986084,-0.008255005,-0.0020599365
1675402759314111967,0.008529663,-0.008865356,-4.8828125E-4
1675402759507308113,0.004760742,-0.010574341,-0.0032806396
1675402759701356758,0.0040283203,-0.008377075,-0.0034179688
1675402759895761967,0.0043945312,-0.0060577393,6.1035156E-4
1675402760089605977,0.002319336,-0.0034942627,-7.171631E-4
1675402760283685404,0.0018310547,6.5612793E-4,-0.003540039
1675402760477851029,0.0064697266,0.0016479492,-0.0019378662
1675402760671840144,0.006591797,-0.0041046143,0.0018463135
1675402760865788268,0.0019378662,-0.0050811768,-0.0015869141
1675402761060194102,-0.005584717,0.014480591,1.0681152E-4
1675402761254274102,-0.002166748,0.019378662,0.0031585693
1675402761450617174,-0.0014190674,0.017913818,0.006225586
1675402761642911237,-0.003753662,0.017669678,0.0031738281
1675402761836419414,-0.0024108887,0.019866943,5.950928E-4
1675402762031036393,-0.0016784668,0.016815186,0.0045166016
1675402762224573633,-0.0053253174,0.013748169,0.004135132
1675402762418537174,-0.0038757324,0.019134521,0.0017089844
1675402762612537174,0.0012512207,0.019989014,0.0020599365
1675402762806429934,-0.0019073486,0.011062622,0.0063323975
1675402763000385091,-0.0077819824,0.012649536,0.0024414062
1675402763195231601,-0.0049591064,0.023651123,0.0024261475
1675402763390000976,4.119873E-4,0.024505615,0.004760742
1675402763582772590,-0.0017852783,0.016693115,0.005493164
1675402763777027955,-0.0058288574,0.015472412,0.0018157959
1675402763970923528,-0.0046081543,0.018508911,0.0020599365
1675402764164993267,-0.0026397705,0.017044067,0.0043945312
1675402764359003736,-0.0018005371,0.016067505,0.0032806396
1675402764553304621,-0.0014343262,0.015335083,0.0024261475
1675402764747217121,-0.0042419434,0.012039185,0.0030517578
1675402764942539881,-0.0056915283,0.013015747,0.0021820068
1675402765135761288,-0.0028839111,0.01828003,0.0028076172
1675402765330180194,-5.79834E-4,0.017166138,0.0030517578
1675402765523709777,-0.00289917,0.010696411,0.0032806396
1675402765718267590,-0.0050811768,0.01020813,0.0020599365
1675402765912032798,-0.00289917,0.014984131,0.001083374
1675402766106364152,-6.866455E-4,0.01399231,0.0017089844
1675402766301269256,-0.0019073486,0.008865356,0.002670288
1675402766494519048,-0.0056915283,0.008255005,0.001449585
1675402766688145610,-0.0061798096,0.013137817,0.0015869141
1675402766882138162,-0.0018005371,0.017166138,0.0020599365
1675402767076252797,2.89917E-4,0.015335083,0.0053710938
1675402767270192224,-0.0024108887,0.012161255,0.0036621094
1675402767464396599,-0.006790161,0.013137817,0.001953125
1675402767659137120,-0.0058135986,0.017669678,0.0021820068
1675402767852995662,6.5612793E-4,0.019622803,0.003036499
1675402768046973682,-3.2043457E-4,0.011672974,0.004623413
1675402768244578005,-0.0077667236,0.0060577393,0.0016937256
1675402768435049984,-0.008636475,0.013259888,0.0013427734
1675402768629090870,2.746582E-4,0.021087646,0.0029296875
1675402768822843265,0.0025939941,0.016799927,0.006210327
1675402769017313057,-0.0045928955,0.009841919,0.0034179688
1675402769211025505,-0.01083374,0.013504028,0.0014648438
1675402769404834099,-0.006072998,0.023651123,0.0023040771
1675402769598884411,0.0030975342,0.024871826,0.0045166016
1675402769792980400,0.0011444092,0.013748169,0.005355835
1675402769987277275,-0.0072784424,0.0072784424,8.544922E-4
1675402770181040973,-0.009124756,0.013137817,2.4414062E-4
1675402770375203421,-6.866455E-4,0.021331787,0.0032958984
1675402770569384150,0.0027160645,0.017669678,0.006713867
1675402770764347327,-0.0036315918,0.010696411,0.0030517578
1675402770958362952,-0.0103302,0.012161255,8.544922E-4
1675402771152135087,-0.0053253174,0.021209717,0.0023040771
1675402771345711181,0.0019989014,0.021942139,0.004257202
1675402771539856077,6.5612793E-4,0.012771606,0.0035247803
1675402771733678993,-0.0042266846,0.007156372,5.950928E-4
1675402771929046962,-0.005584717,0.009719849,0.001083374
1675402772121831077,-0.0019226074,0.014724731,0.003036499
1675402772316046493,2.746582E-4,0.01411438,0.0035247803
1675402772510118993,-0.002029419,0.01008606,0.0018310547
1675402772704139097,-0.0031280518,0.009475708,3.5095215E-4
1675402772897939826,-0.0014343262,0.01020813,0.0026855469
1675402773093179514,-0.0019226074,0.01008606,0.0026855469
1675402773286404878,-0.003616333,0.010574341,0.0014648438
1675402773480793941,-0.002166748,0.011428833,0.0017089844
1675402773674415816,7.7819824E-4,0.011428833,0.0017089844
1675402773868907795,-7.6293945E-5,0.0074005127,0.0026855469
1675402774063135138,-0.0036315918,0.005569458,4.8828125E-4
1675402774256880711,-0.0022735596,0.009963989,3.5095215E-4
1675402774451493940,0.0014953613,0.010574341,0.0020751953
1675402774645144044,-7.019043E-4,0.0058135986,0.0026855469
1675402774839493055,-0.005203247,0.005203247,7.324219E-4
1675402775033765242,-0.0031433105,0.011550903,3.6621094E-4
1675402775227367794,0.0021209717,0.013504028,0.0025634766
1675402775421418471,4.119873E-4,0.007522583,0.0034179688
1675402775615342638,-0.0050964355,0.00642395,3.5095215E-4
1675402775809376909,-0.004348755,0.011306763,-3.8146973E-4
1675402776003784044,9.0026855E-4,0.013381958,0.001953125
1675402776197303783,0.0011291504,0.009109497,0.0031738281
1675402776391618158,-0.003616333,0.0058135986,0.0020599365
1675402776585997794,-0.007171631,0.01008606,2.4414062E-4
1675402776779845502,-0.0022735596,0.017044067,0.0018157959
1675402776974160919,0.0011444092,0.016311646,0.004135132
1675402777167914356,-0.0019226074,0.010696411,0.003036499
1675402777361866700,-0.0054473877,0.010818481,7.324219E-4
1675402777556828158,-0.0034942627,0.015945435,0.0021820068
1675402777750760241,-0.0014343262,0.017425537,0.004623413
1675402777944400606,-0.0030059814,0.015838623,0.0035247803
1675402778138672689,-0.0039978027,0.016204834,0.001953125
1675402778332559564,-0.003616333,0.016693115,0.0032806396
1675402778531082585,-0.0042266846,0.017547607,0.0040130615
1675402778721174199,-0.0030059814,0.019989014,0.0024261475
1675402778914680866,-5.645752E-4,0.019256592,0.0029144287
1675402779108640657,-0.0033721924,0.014480591,0.0043792725
1675402779302481334,-0.00642395,0.015457153,0.0024261475
1675402779496957428,-0.0042266846,0.021575928,0.0029296875
1675402779691138053,2.746582E-4,0.02230835,0.0032806396
1675402779885568105,2.746582E-4,0.015335083,0.0043792725
1675402780082369667,-0.006668091,0.010696411,0.0032806396
1675402780273077115,-0.008026123,0.016815186,0.0013275146
1675402780467409251,-0.0016784668,0.02218628,0.003036499
1675402780661242792,0.0010223389,0.017059326,0.004257202
1675402780855321594,-0.0027770996,0.010574341,0.0024414062
1675402781049340917,-0.0060577393,0.0104522705,0.0015869141
1675402781243508677,-0.0031280518,0.015594482,0.0024414062
1675402781437815136,-3.3569336E-4,0.016937256,0.00390625
1675402781632339875,-0.0019226074,0.012649536,0.0027923584
1675402781825710552,-0.004714966,0.010818481,1.0681152E-4
1675402782019708052,-0.002166748,0.012283325,0.0012054443
1675402782213716854,0.0012664795,0.011795044,0.0031738281
1675402782407698573,-8.239746E-4,0.0072784424,0.0031585693
1675402782601524666,-0.0065612793,0.005935669,0.0012054443
1675402782796118625,-0.00642395,0.011917114,6.1035156E-4
1675402782990876906,0.0011444092,0.017547607,0.001449585
1675402783186571593,0.004928589,0.011062622,0.0031585693
1675402783381517583,-0.0014190674,0.0014190674,0.0017089844
1675402783572707947,-0.008392334,0.0025177002,1.0681152E-4
1675402783766448051,-0.0019073486,0.013137817,2.2888184E-4
1675402783960684249,0.0044403076,0.015090942,0.0031738281
1675402784154706176,9.0026855E-4,0.0069122314,0.0032806396
1675402784348957322,-0.0058288574,0.003616333,-2.4414062E-4
1675402784542776489,-0.0058135986,0.009719849,0.001083374
1675402784737732582,-7.6293945E-5,0.015457153,0.0025482178
1675402784930954770,0.0019836426,0.013015747,0.0028076172
1675402785125074770,-0.0011901855,0.0072784424,0.0012207031
1675402785319091905,-0.0038757324,0.006790161,9.613037E-4
1675402785513311072,-0.0037384033,0.010940552,0.001953125
1675402785707242165,-0.0016784668,0.014846802,0.0023040771
1675402785901359353,4.5776367E-5,0.01399231,0.001953125
1675402786096403988,-0.0011749268,0.009841919,0.0027923584
1675402786292730863,-0.0041046143,0.009597778,0.0024261475
1675402786483532165,-0.0049591064,0.01449585,0.0023040771
1675402786677584457,-0.0019226074,0.0184021,0.0028076172
1675402786871663675,-7.019043E-4,0.014968872,0.0031738281
1675402787065717217,-0.0038604736,0.010940552,0.0021972656
1675402787259808363,-0.0045928955,0.013381958,0.0012054443
1675402787453951383,-0.0016784668,0.015823364,0.0026855469
1675402787648198571,-0.0020446777,0.013504028,0.004135132
1675402787841981592,-0.0038757324,0.013504028,0.0020751953
1675402788036213310,-0.0027618408,0.016571045,0.0021972656
1675402788230290498,-0.0022888184,0.015960693,0.00390625
1675402788424564820,-0.0039978027,0.015335083,0.0026855469
1675402788618376018,-0.0033721924,0.016921997,0.0021972656
1675402788812834768,-5.645752E-4,0.017410278,0.0040130615
1675402789006346904,-0.002029419,0.013504028,0.0034179688
1675402789200492268,-0.00289917,0.016082764,0.0023040771
1675402789395115653,-0.0014343262,0.016311646,0.0020751953
1675402789589211539,-0.002166748,0.013015747,0.0026855469
1675402789784332789,-0.004119873,0.011672974,0.0024261475
1675402789976827632,-0.004470825,0.014602661,0.0021820068
1675402790171219924,-0.0025177002,0.016921997,0.0023040771
1675402790365228049,-8.087158E-4,0.015213013,0.00340271
1675402790559172528,-0.0025177002,0.013137817,0.0031738281
1675402790753084611,-0.003616333,0.013137817,0.0023040771
1675402790947160601,-0.003616333,0.01449585,0.0024261475
1675402791141378517,-0.0020446777,0.014968872,0.0023040771
1675402791335422736,-0.0019226074,0.013137817,0.0026855469
1675402791530075444,-0.0037384033,0.011306763,0.0025634766
1675402791723569194,-0.0050811768,0.013137817,0.0025482178
1675402791917506642,-0.0038757324,0.016082764,0.0024261475
1675402792111797215,-9.460449E-4,0.017410278,0.0018310547
1675402792306586173,4.119873E-4,0.01399231,0.0024414062
1675402792500911746,-0.0025177002,0.009353638,0.0029296875
1675402792693986694,-0.0054473877,0.011062622,0.0018310547
1675402792888607423,-0.0036315918,0.016693115,0.0023040771
1675402793082008100,-0.0018005371,0.016921997,0.003540039
1675402793276533933,-0.0034942627,0.01423645,0.003036499
1675402793470409766,-0.0038757324,0.014480591,0.0015869141
1675402793664640600,-0.0031280518,0.015716553,0.0023040771
1675402793858867266,-0.002029419,0.013015747,0.0025482178
1675402794053289662,-0.0018005371,0.014007568,0.0031738281
1675402794246489610,-0.0031433105,0.015350342,0.0025482178
1675402794440511329,-0.0027618408,0.016311646,0.0029296875
1675402794634771901,-0.0019226074,0.016189575,0.0024261475
1675402794829445443,-0.0025177002,0.0152282715,0.0025482178
1675402795023569818,-0.0045928955,0.014373779,0.0030517578
1675402795216793516,-0.004470825,0.015960693,0.0031738281
1675402795411059037,-0.0033721924,0.017654419,0.0035247803
1675402795605153776,-0.003250122,0.016937256,0.0027923584
1675402795799024766,-0.0010528564,0.017410278,0.0018310547
1675402795993572682,6.5612793E-4,0.01399231,0.0032806396
1675402796187227786,-0.004486084,0.008987427,0.0036621094
1675402796381345078,-0.008987427,0.012527466,9.765625E-4
1675402796576556588,-0.003250122,0.021087646,0.001953125
1675402796769399349,0.0035858154,0.019256592,0.003768921
1675402796963320703,-5.79834E-4,0.008865356,0.0048828125
1675402797157548515,-0.008132935,0.007888794,3.5095215E-4
1675402797351719348,-0.0045928955,0.017669678,4.7302246E-4
1675402797545874504,0.003829956,0.019622803,0.0034179688
1675402797740351379,0.001373291,0.009353638,0.0048828125
1675402797933940129,-0.008743286,0.004714966,-2.4414062E-4
1675402798127979348,-0.0065612793,0.0143585205,-4.8828125E-4
1675402798322090390,0.0024871826,0.019378662,0.0031738281
1675402798516133358,0.0010223389,0.011062622,0.0054779053
1675402798710168931,-0.007293701,0.008621216,9.765625E-4
1675402798904079035,-0.005569458,0.017059326,9.765625E-4
1675402799098798723,0.0029754639,0.019622803,0.0037841797
1675402799292493098,0.0024871826,0.011795044,0.0056152344
1675402799486409764,-0.005218506,0.0060577393,0.001083374
1675402799680789660,-0.008026123,0.010696411,-5.0354004E-4
1675402799874648358,5.340576E-4,0.017654419,0.0013275146
1675402800068987629,0.0030975342,0.012649536,0.0053710938
1675402800262972160,-0.0038757324,0.0060577393,9.765625E-4
1675402800456912055,-0.0070343018,0.008743286,-2.4414062E-4
1675402800651448357,-0.0030212402,0.016204834,0.0032806396
1675402800845105232,-7.6293945E-5,0.017166138,0.004623413
1675402801039785649,-4.5776367E-4,0.014724731,0.0015716553
1675402801233268670,-0.0019226074,0.011672974,0.0016937256
1675402801427292420,-0.0025177002,0.0104522705,0.0025482178
1675402801621281222,-0.0026550293,0.012771606,0.0020599365
1675402801815998253,-0.0027770996,0.013626099,0.0017089844
1675402802009585961,-0.0037384033,0.012039185,0.0020599365
1675402802203213305,-0.0045928955,0.012161255,0.0025482178
1675402802397630180,-0.0016784668,0.016555786,0.0028076172
1675402802591519346,-4.5776367E-4,0.016693115,0.00340271
1675402802785864659,-0.0025177002,0.01411438,0.0025482178
1675402802979893148,-0.003753662,0.014480591,0.001953125
1675402803175032784,-0.0017852783,0.016693115,0.0026855469
1675402803367759606,-0.002166748,0.014724731,0.0035247803
1675402803561866742,-0.004348755,0.012527466,0.001953125
1675402803756573669,-0.0056915283,0.015335083,0.001953125
1675402803950153044,-0.0010528564,0.019989014,0.0035247803
1675402804144226064,-2.1362305E-4,0.013015747,0.0036468506
1675402804338595283,-0.0038604736,0.011306763,0.001953125
1675402804534017418,-0.005706787,0.01473999,0.0013275146
1675402804729307523,-0.003616333,0.017669678,0.0029296875
1675402804920664762,-0.0014190674,0.017532349,0.003768921
1675402805114803772,-7.6293945E-5,0.015945435,0.0029296875
1675402805308844502,-7.019043E-4,0.012893677,0.002670288
1675402805502618095,-0.0049591064,0.010696411,0.0031738281
1675402805696876793,-0.004852295,0.015472412,0.0014648438
1675402805891110283,4.5776367E-5,0.019500732,0.0017089844
1675402806084870699,7.6293945E-4,0.0124053955,0.0032806396
1675402806279168928,-0.005340576,0.006668091,0.0020599365
1675402806473066845,-0.005569458,0.013381958,4.8828125E-4
1675402806667819970,0.0012664795,0.019744873,0.0018157959
1675402806862247834,0.0027313232,0.013870239,0.0052490234
1675402807055223147,-0.0043640137,0.008255005,0.0023040771
1675402807249373928,-0.0058288574,0.01399231,3.6621094E-4
1675402807443616897,0.0010223389,0.019744873,0.0021972656
1675402807637549136,0.002243042,0.012893677,0.0048828125
1675402807831986480,-0.0043640137,0.0074005127,0.001449585
1675402808026176167,-0.0061950684,0.011184692,-7.324219E-4
1675402808219801323,-9.1552734E-5,0.016189575,0.0010986328
1675402808414961792,0.0035705566,0.013259888,0.0034179688
1675402808607753667,-4.5776367E-4,0.0069122314,0.002670288
1675402808801873198,-0.008743286,0.008621216,0.0012207031
1675402808996332833,-0.006439209,0.019256592,0.0016937256
1675402809190323198,0.0013885498,0.021209717,0.003036499
1675402809385528406,0.0019836426,0.015457153,0.0034179688
1675402809578447625,-0.001663208,0.008743286,8.544922E-4
1675402809772519239,-0.0038757324,0.009231567,0.0015716553
1675402809967013979,-0.0019226074,0.013870239,0.0024261475
1675402810160659500,-7.6293945E-5,0.015472412,0.0023040771
1675402810354861270,-0.0015411377,0.012039185,0.0025482178
1675402810549181479,-0.004348755,0.010818481,0.0018157959
1675402810742821374,-0.0027618408,0.01423645,8.392334E-4
1675402810936897520,2.746582E-4,0.015823364,0.0020751953
1675402811130933197,-0.0010528564,0.011917114,0.0035247803
1675402811325021270,-0.0053253174,0.010696411,0.0021972656
1675402811520442572,-0.0026550293,0.016937256,0.0012054443
1675402811712891843,0.0024719238,0.01838684,0.0029296875
1675402811907434343,2.89917E-4,0.011795044,0.004501343
1675402812101109759,-0.0063171387,0.009231567,0.001083374
1675402812295438613,-0.0058135986,0.016693115,8.392334E-4
1675402812489524655,0.0011444092,0.020111084,0.0027923584
1675402812683584759,5.187988E-4,0.013137817,0.004623413
1675402812877545697,-0.0060577393,0.008377075,0.0015716553
1675402813071912988,-0.0066833496,0.014480591,3.5095215E-4
1675402813265960957,0.0012664795,0.021331787,0.0024261475
1675402813460056790,0.0039520264,0.015945435,0.004638672
1675402813654430436,-0.0030059814,0.008010864,0.0020751953
1675402813849403092,-0.0093688965,0.0069122314,3.6621094E-4
1675402814043267727,-0.0043640137,0.01864624,0.0016937256
1675402814236320071,0.0044403076,0.02230835,0.0029296875
1675402814430798769,0.0030975342,0.0124053955,0.004257202
1675402814624219290,-0.006072998,0.004714966,0.0018157959
1675402814820757831,-0.0104522705,0.011062622,7.171631E-4
1675402815013528039,-0.002532959,0.024017334,0.0018157959
1675402815206341060,0.0046844482,0.02279663,0.0036468506
1675402815400584602,0.0013885498,0.009719849,0.004257202
1675402815594797362,-0.00680542,0.005569458,5.950928E-4
1675402815789014862,-0.005569458,0.01449585,1.0681152E-4
1675402815983003247,0.0023651123,0.021209717,0.0032806396
1675402816177073508,0.0021209717,0.01423645,0.0057373047
1675402816371139237,-0.005218506,0.007888794,8.544922E-4
1675402816565658143,-0.008636475,0.011550903,0.0
1675402816759311893,-0.0020446777,0.019378662,0.001953125
1675402816953423351,0.005783081,0.018157959,0.0032958984
1675402817147306112,0.0014953613,0.008010864,0.004760742
1675402817341472309,-0.009475708,0.0042266846,1.2207031E-4
1675402817537689184,-0.007522583,0.017059326,1.2207031E-4
1675402817730205122,0.005050659,0.025115967,0.0025634766
1675402817925322622,0.0056610107,0.013870239,0.0063476562
1675402818117640695,-0.0060577393,0.0026397705,1.0681152E-4
1675402818311630642,-0.009963989,0.009109497,-1.373291E-4
1675402818506556892,-0.0010528564,0.021209717,0.0016937256
1675402818699949028,0.003829956,0.0184021,0.005126953
1675402818894072934,-0.0021514893,0.008255005,0.0018157959
1675402819088179965,-0.005218506,0.007156372,1.2207031E-4
1675402819282307100,-0.004470825,0.012893677,0.0020751953
1675402819476388038,2.746582E-4,0.018157959,0.0029296875
1675402819670864704,0.002243042,0.016571045,0.0024261475
1675402819864407308,-0.0022735596,0.009109497,0.0029296875
1675402820058361475,-0.00680542,0.008621216,8.544922E-4
1675402820252311423,-0.0028839111,0.017425537,0.001083374
1675402820446293194,0.0030975342,0.01852417,0.0029296875
