1675402730449939113
1675402730653398280
1675402730854265988
1675402731049754426
1675402731250844842
1675402731460842030
1675402731660388957
1675402731859922811
1675402732060541821
1675402732259998852
1675402732455366769
1675402732665783852
1675402732864788696
1675402733065301039
1675402733265287810
1675402733465554529
1675402733674742289
1675402733874968539
1675402734054797914
1675402734255011664
1675402734455609320
1675402734651073122
1675402734861428018
1675402735061414476
1675402735259719789
1675402735461095049
1675402735660688538
1675402735870656143
1675402736069387861
1675402736270865309
1675402736470179684
1675402736669782861
1675402736865579944
1675402737075375153
1675402737274899007
1675402737477798486
1675402737656787965
1675402737857756246
1675402738066557027
1675402738264363069
1675402738464602600
1675402738665243642
1675402738864594683
1675402739059768746
1675402739270057704
1675402739469196558
1675402739669408224
1675402739870064370
1675402740069884110
1675402740280265151
1675402740480193224
1675402740678985359
1675402740879327703
1675402741079133536
1675402741274559682
1675402741464271557
1675402741664910307
1675402741864541401
1675402742064699213
1675402742264530567
1675402742474298744
1675402742674421036
1675402742874471452
1675402743074392338
1675402743275234109
1675402743469618379
1675402743679855879
1675402743880272129
1675402744080470254
1675402744280284421
1675402744480437962
1675402744690693170
1675402744889813535
1675402745070521712
1675402745269284472
1675402745470430879
1675402745665286347
1675402745874834680
1675402746075392910
1675402746275535253
1675402746474749732
1675402746674503586
1675402746885524680
1675402747084062753
1675402747284263638
1675402747485225357
1675402747684260513
1675402747879947180
1675402748090040878
1675402748290258273
1675402748489254888
1675402748690145929
1675402748869321086
1675402749069879106
1675402749279741033
1675402749479288846
1675402749680256241
1675402749879212075
1675402750074393273
1675402750284895200
1675402750485333012
1675402750684858793
1675402750884619626
1675402751084927178
1675402751284565720
1675402751494490512
1675402751694738376
1675402751894168897
1675402752094406397
1675402752289900668
1675402752479408011
1675402752679883167
1675402752879775042
1675402753079571761
1675402753280579626
1675402753480023115
1675402753689707438
1675402753889597386
1675402754089823375
1675402754289435771
1675402754485596083
1675402754695548479
1675402754894753635
1675402755094746916
1675402755295029156
1675402755494675979
1675402755694714000
1675402755905139625
1675402756104113062
1675402756285807020
1675402756484894833
1675402756680241603
1675402756890296968
1675402757089541759
1675402757289730718
1675402757489779676
1675402757689520145
1675402757889443009
1675402758099716290
1675402758299745405
1675402758499697436
1675402758699548061
1675402758894859155
1675402759104296342
1675402759304484311
1675402759504672644
1675402759704369988
1675402759885196967
1675402760084597800
1675402760294753217
1675402760494896706
1675402760694514727
1675402760894887800
1675402761089579987
1675402761299860820
1675402761499656914
1675402761699200820
1675402761898775872
1675402762099223580
1675402762299016497
1675402762509223320
1675402762709162955
1675402762909599309
1675402763109357538
1675402763304138840
1675402763514513632
1675402763694295142
1675402763894820246
1675402764094521861
1675402764294751080
1675402764494636548
1675402764704042173
1675402764904151861
1675402765104327850
1675402765305002642
1675402765499826444
1675402765709032225
1675402765909518579
1675402766109759777
1675402766309474048
1675402766509631704
1675402766709413266
1675402766919467329
1675402767119790037
1675402767299371495
1675402767499550714
1675402767694629828
1675402767894688318
1675402768105078005
1675402768304789672
1675402768504700609
1675402768706337745
1675402768905006963
1675402769114711859
1675402769314894619
1675402769514751807
1675402769714056442
1675402769909740453
1675402770109728630
1675402770319764463
1675402770519103369
1675402770719821181
1675402770919350140
1675402771099939306
1675402771309315035
1675402771508972223
1675402771709207483
1675402771909566337
1675402772104389670
1675402772304922483
1675402772514055972
1675402772714319410
1675402772914705556
1675402773114306753
1675402773314454149
1675402773524699618
1675402773724290764
1675402773924214930
1675402774124428524
1675402774319877534
1675402774519532899
1675402774709869513
1675402774909682378
1675402775109910659
1675402775310027430
1675402775509891388
1675402775719776440
1675402775919551596
1675402776119643002
1675402776319816960
1675402776515549200
1675402776715263002
1675402776924852794
1675402777124757116
1675402777324564773
1675402777524778575
1675402777725427325
1675402777935385710
1675402778134144512
1675402778335101543
1675402778516076387
1675402778712990241
1675402778909718782
1675402779120028782
1675402779320168991
1675402779520298470
1675402779719677949
1675402779920283522
1675402780129564042
1675402780329035292
1675402780530386230
1675402780729980032
1675402780926587688
1675402781124708782
1675402781335535813
1675402781534952427
1675402781735175292
1675402781935322583
1675402782114140969
1675402782324462792
1675402782524546750
1675402782724820343
1675402782925395135
1675402783120429718
1675402783320247843
1675402783530954406
1675402783730097791
1675402783929902895
1675402784130037114
1675402784330170760
1675402784539663937
1675402784740221645
1675402784940213207
1675402785140033311
1675402785334754665
1675402785535031332
1675402785744941749
1675402785924824092
1675402786124089769
1675402786324588832
1675402786524765655
1675402786724353311
1675402786934436071
1675402787134056956
1675402787334665029
1675402787529752165
1675402787730084352
1675402787939759300
1675402788139427946
1675402788339435081
1675402788539839352
1675402788739316018
1675402788939616122
1675402789149360706
1675402789349309872
1675402789529786955
1675402789724375966
1675402789924716226
1675402790134654768
1675402790334303726
1675402790534642320
1675402790734389820
1675402790933804976
1675402791134129455
1675402791344379767
1675402791544424455
1675402791744215809
1675402791939538100
1675402792139827267
1675402792349055756
1675402792549412006
1675402792749592735
1675402792949611173
1675402793150795548
1675402793329138673
1675402793539204141
1675402793739169141
1675402793939333725
1675402794134489089
1675402794334737891
1675402794544619297
1675402794744918203
1675402794944551016
1675402795144469766
1675402795344551953
1675402795545013359
1675402795754371641
1675402795953973203
1675402796154466901
1675402796349358047
1675402796549125911
1675402796759721901
1675402796939500390
1675402797139693150
1675402797339053619
1675402797539421119
1675402797739034713
1675402797949454400
1675402798149431327
1675402798349570598
1675402798544703515
1675402798744589608
1675402798954430025
1675402799154476171
1675402799354013462
1675402799554602316
1675402799754590858
1675402799954677941
1675402800164373722
1675402800364747420
1675402800564369555
1675402800739795753
1675402800939521847
1675402801149307003
1675402801349502107
1675402801549289763
1675402801749617732
1675402801950038044
1675402802149309451
1675402802359369503
1675402802559446117
1675402802758868148
1675402802954416638
1675402803154479554
1675402803364035648
1675402803564145388
1675402803764321950
1675402803964406429
1675402804163889085
1675402804344478877
1675402804554466846
1675402804754905127
1675402804954774710
1675402805150366429
1675402805349667210
1675402805549789606
1675402805759328356
1675402805960455335
1675402806159660803
1675402806359471064
1675402806559275855
1675402806769569084
1675402806969671272
1675402807169485907
1675402807365366324
1675402807564440021
1675402807764259188
1675402807974653928
1675402808154565542
1675402808354349709
1675402808553920177
1675402808754152521
1675402808964805073
1675402809164420333
1675402809364468562
1675402809559797573
1675402809759992052
1675402809959510489
1675402810169283198
1675402810369109447
1675402810569424135
1675402810768854916
1675402810969998406
1675402811179111947
1675402811379221999
1675402811579485853
1675402811754611634
1675402811954370645
1675402812154391009
1675402812364511634
1675402812564896530
1675402812764499863
1675402812964528561
1675402813164525749
1675402813374201426
1675402813574288457
1675402813774773977
1675402813969868613
1675402814169361634
1675402814369981373
1675402814579887623
1675402814779786946
1675402814979923769
1675402815179960539
1675402815379323039
1675402815569351633
1675402815769446841
1675402815969765852
1675402816164611268
1675402816364265643
1675402816564481581
1675402816774541893
1675402816973984028
1675402817174475174
1675402817374644497
1675402817574602674
1675402817784308195
1675402817984547049
1675402818184718611
1675402818379684392
1675402818579711840
1675402818779612673
1675402818989009965
1675402819170159496
1675402819369561059
1675402819569147204
1675402819769297517
1675402819979472204
