1675402730322876405
1675402730366208801
1675402730406254895
1675402730451615624
1675402730506073853
1675402730545895051
1675402730586175051
1675402730626167863
1675402730668297655
1675402730725632499
1675402730765564009
1675402730805814270
1675402730852869894
1675402730887501874
1675402730925669478
1675402730986667863
1675402731025842499
1675402731065852082
1675402731125782186
1675402731165758592
1675402731205763905
1675402731246092394
1675402731295644478
1675402731345779113
1675402731385875363
1675402731426047915
1675402731466109842
1675402731505503071
1675402731550161769
1675402731585649478
1675402731630422498
1675402731686116144
1675402731705653228
1675402731765796457
1675402731810688071
1675402731846151300
1675402731905704269
1675402731946079946
1675402731971889217
1675402732026194686
1675402732066673071
1675402732106522134
1675402732165526040
1675402732205526092
1675402732226615936
1675402732293754581
1675402732326781300
1675402732365914269
1675402732427058227
1675402732465760206
1675402732506238748
1675402732547715883
1675402732606144738
1675402732645998540
1675402732686025883
1675402732725964998
1675402732775801873
1675402732805982862
1675402732865445779
1675402732905692237
1675402732936569998
1675402732985628071
1675402733046112029
1675402733066160675
1675402733125247081
1675402733145383071
1675402733186034737
1675402733257121352
1675402733285954789
1675402733325987341
1675402733366105050
1675402733412608644
1675402733465966873
1675402733505547029
1675402733545433279
1675402733606025727
1675402733633627237
1675402733666467654
1675402733725913695
1675402733767378070
1675402733805773539
1675402733865606612
1675402733905903070
1675402733946134685
1675402733987831716
1675402734046125310
1675402734085597445
1675402734125848643
1675402734165799945
1675402734206090570
1675402734246208852
1675402734305774737
1675402734336285414
1675402734365643383
1675402734425599529
1675402734451241456
1675402734506446456
1675402734556976091
1675402734586207966
1675402734626766820
1675402734686945049
1675402734726198487
1675402734766363799
1675402734806466091
1675402734846434164
1675402734906771247
1675402734946609060
1675402734986605830
1675402735025947289
1675402735074920674
1675402735107947601
1675402735165796716
1675402735205667132
1675402735245933174
1675402735305885622
1675402735345881507
1675402735385725830
1675402735428148382
1675402735469495361
1675402735525503851
1675402735566024841
1675402735606077601
1675402735645977861
1675402735686032393
1675402735725987028
1675402735785536507
1675402735805770257
1675402735865733590
1675402735890620518
1675402735931169945
1675402735986061872
1675402736025602601
1675402736066225518
1675402736106383486
1675402736146415517
1675402736206139997
1675402736246317236
1675402736286358226
1675402736345938330
1675402736386060882
1675402736413257236
1675402736467053017
1675402736505706767
1675402736547941507
1675402736605715309
1675402736645690153
1675402736685660309
1675402736734336403
1675402736785302913
1675402736825940048
1675402736866003955
1675402736909833694
1675402736949750257
1675402737005784423
1675402737045982288
1675402737085396298
1675402737110624475
1675402737165727184
1675402737225960882
1675402737245957652
1675402737306601142
1675402737326244319
1675402737373183538
1675402737425480569
1675402737465957548
1675402737506150100
1675402737546481090
1675402737586918121
1675402737645875465
1675402737686763798
1675402737727295829
1675402737785811454
1675402737813094163
1675402737855164736
1675402737908563121
1675402737948002965
1675402737985825308
1675402738027772444
1675402738085485777
1675402738125975569
1675402738168192756
1675402738225564735
1675402738265504683
1675402738305744944
1675402738349825204
1675402738390272965
1675402738426525673
1675402738465226194
1675402738526144944
1675402738550469423
1675402738605613121
1675402738625908225
1675402738706086975
1675402738725614996
1675402738765650725
1675402738824867131
1675402738865636141
1675402738905702964
1675402738946223485
1675402738986028225
1675402739026929058
1675402739086066037
1675402739125808173
1675402739166774527
1675402739213810152
1675402739247137287
1675402739285772808
1675402739348396506
1675402739385513850
1675402739425580568
1675402739485956402
1675402739525780308
1675402739565898850
1675402739605591402
1675402739655854058
1675402739705557964
1675402739745789474
1675402739785666037
1675402739830201037
1675402739865590516
1675402739905857079
1675402739965820881
1675402739990931922
1675402740046096558
1675402740065749110
1675402740106355412
1675402740165504058
1675402740205586089
1675402740246285047
1675402740291698797
1675402740333119839
1675402740385866089
1675402740426142078
1675402740466448224
1675402740525770464
1675402740565391245
1675402740587657078
1675402740654201349
1675402740687461141
1675402740725794630
1675402740785557807
1675402740825524005
1675402740865495151
1675402740908382651
1675402740965300203
1675402741005588068
1675402741045721245
1675402741085369109
1675402741136150932
1675402741185394109
1675402741205689474
1675402741265212547
1675402741297198693
1675402741350305151
1675402741405291974
1675402741445303432
1675402741466142338
1675402741505460411
1675402741545471192
1675402741585819161
1675402741645733849
1675402741685784317
1675402741726211922
1675402741773183588
1675402741826486817
1675402741866238797
1675402741905735151
1675402741965369578
1675402741993953224
1675402742027225046
1675402742085351036
1675402742127799005
1675402742165276296
1675402742225198588
1675402742265177807
1675402742307727807
1675402742345141921
1675402742405136088
1675402742445407546
1675402742485456453
1675402742525508380
1675402742565844109
1675402742610028171
1675402742645389890
1675402742705548275
1675402742725423640
1675402742790592077
1675402742811006244
1675402742885113067
1675402742905559994
1675402742945580723
1675402742985650671
1675402743025968744
1675402743085241661
1675402743132840359
1675402743185148171
1675402743225303744
1675402743266707598
1675402743305614056
1675402743345507494
1675402743387781140
1675402743434410879
1675402743467988327
1675402743525423535
1675402743565669369
1675402743605687702
1675402743665414733
1675402743705104473
1675402743745157285
1675402743785372442
1675402743829747650
1675402743866083431
1675402743916659108
1675402743946128014
1675402744005750514
1675402744045446712
1675402744085626973
1675402744145587233
1675402744185400514
1675402744206045254
1675402744251602598
1675402744292132025
1675402744346293119
1675402744385795202
1675402744426504316
1675402744466226921
1675402744506391608
1675402744573271504
1675402744613935775
1675402744665363066
1675402744706087598
1675402744746992806
1675402744774622962
1675402744828090045
1675402744865582702
1675402744910786035
1675402744945650566
1675402745005936868
1675402745045573118
1675402745095540931
1675402745145687597
1675402745185364889
1675402745228900410
1675402745270152024
1675402745310502076
1675402745365411712
1675402745385536712
1675402745445938118
1675402745470896295
1675402745525527337
1675402745585717233
1675402745625393274
1675402745645213066
1675402745685450514
1675402745732325358
1675402745772857649
1675402745825599420
1675402745885807389
1675402745925488274
1675402745965561920
1675402746006456712
1675402746053821816
1675402746093346712
1675402746145511555
1675402746167523587
1675402746215073482
1675402746268449472
1675402746305344316
1675402746345349732
1675402746405549211
1675402746445895357
1675402746485559732
1675402746525340305
1675402746585526555
1675402746625091347
1675402746665290201
1675402746690795982
1675402746745963586
1675402746785419888
1675402746825837805
1675402746885407076
1675402746925744315
1675402746945567753
1675402746986036659
1675402747065165045
1675402747085284992
1675402747125311607
1675402747165469628
1675402747212613482
1675402747265189419
1675402747306561242
1675402747353806347
1675402747393272128
1675402747445620305
1675402747485770721
1675402747534050409
1675402747575073794
1675402747608248534
1675402747645414524
1675402747707907336
1675402747745625461
1675402747788049055
1675402747826456086
1675402747885279836
1675402747925521503
1675402747965535044
1675402748006037284
1675402748065525200
1675402748105449315
1675402748137379367
1675402748185732180
1675402748226108325
1675402748251109211
1675402748325575200
1675402748365457857
1675402748385473377
1675402748425316398
1675402748466202596
1675402748525705929
1675402748565691190
1675402748625666815
1675402748665761711
1675402748705648013
1675402748746849784
1675402748786630044
1675402748827487544
1675402748885426242
1675402748925611450
1675402748947818221
1675402749015136763
1675402749048440356
1675402749085635460
1675402749145556867
1675402749188909835
1675402749225652544
1675402749265423794
1675402749325428377
1675402749365420044
1675402749405078273
1675402749429983221
1675402749490661398
1675402749530927856
1675402749565808169
1675402749625652335
1675402749665390044
1675402749692196554
1675402749765053637
1675402749805307908
1675402749825573481
1675402749865861762
1675402749905707543
1675402749946041033
1675402750005048221
1675402750065192439
1675402750105609002
1675402750145546866
1675402750187634731
1675402750227786710
1675402750265248637
1675402750324920252
1675402750354696189
1675402750390166606
1675402750425549158
1675402750488659470
1675402750535022387
1675402750565169887
1675402750625144731
1675402750665605720
1675402750708979939
1675402750745325304
1675402750785692387
1675402750845363376
1675402750870403741
1675402750925164314
1675402750965018845
1675402751005370512
1675402751065211814
1675402751104994574
1675402751131817439
1675402751171518116
1675402751245349262
1675402751265452595
1675402751305957439
1675402751365742803
1675402751405122282
1675402751445597387
1675402751493938637
1675402751545583897
1675402751585582387
1675402751627546918
1675402751665153324
1675402751705339314
1675402751748264105
1675402751795054053
1675402751828938272
1675402751885773584
1675402751925359574
1675402751965724939
1675402752024977126
1675402752065733741
1675402752105595043
1675402752149055355
1675402752182016345
1675402752225801084
1675402752265449626
1675402752305650563
1675402752365191449
1675402752405394834
1675402752438013376
1675402752505570980
1675402752545346970
1675402752565672490
1675402752611872751
1675402752652484574
1675402752705701865
1675402752745383844
1675402752804940667
1675402752845301292
1675402752885309469
1675402752925868428
1675402752974109313
1675402753025426969
1675402753065318219
1675402753107162751
1675402753143884834
1675402753185463480
1675402753225691240
1675402753269286501
1675402753325422282
1675402753365391553
1675402753405262542
1675402753456431605
1675402753485601032
1675402753545423584
1675402753585764625
1675402753622599677
1675402753666072802
1675402753705741761
1675402753745206084
1675402753805818271
1675402753845586032
1675402753865624625
1675402753945556917
1675402753985513584
1675402754005377438
1675402754045360354
1675402754105576761
1675402754145241396
1675402754186196448
1675402754245546396
1675402754285361344
1675402754325306604
1675402754365841813
1675402754405580354
1675402754454392698
1675402754505555250
1675402754528295146
1675402754575748427
1675402754629188792
1675402754665339469
1675402754705196396
1675402754765423948
1675402754805124833
1675402754845920719
1675402754885457854
1675402754925119312
1675402754970752698
1675402755026108427
1675402755046141656
1675402755105705875
1675402755145530614
1675402755185674833
1675402755245876239
1675402755285829625
1675402755306051708
1675402755345792593
1675402755425565354
1675402755445956083
1675402755485374781
1675402755545476864
1675402755585750458
1675402755626521448
1675402755667656135
1675402755706064312
1675402755764804000
1675402755805183687
1675402755845445041
1675402755885051239
1675402755934753687
1675402755968745718
1675402756005053270
1675402756069071447
1675402756105196343
1675402756148498427
1675402756184895718
1675402756225226760
1675402756285691395
1675402756325196291
1675402756350511760
1675402756405666864
1675402756445968322
1675402756486238687
1675402756545698999
1675402756585178791
1675402756612064937
1675402756685409572
1675402756725338062
1675402756746195926
1675402756785964780
1675402756845656603
1675402756885224520
1675402756932612332
1675402756985885718
1675402757025332437
1675402757066782905
1675402757107744832
1675402757147736030
1675402757205025197
1675402757245535509
1675402757285487957
1675402757308672957
1675402757375304364
1675402757408847020
1675402757445737645
1675402757505504103
1675402757545345509
1675402757585496759
1675402757629822020
1675402757665486968
1675402757725199051
1675402757765476551
1675402757785763009
1675402757845465926
1675402757886060145
1675402757925606290
1675402757985438217
1675402758025131811
1675402758052517697
1675402758125113061
1675402758164908947
1675402758185915457
1675402758226364780
1675402758285486394
1675402758324996967
1675402758373323113
1675402758425271811
1675402758465049103
1675402758505238582
1675402758547849207
1675402758588239623
1675402758625247853
1675402758684969207
1675402758715344103
1675402758748874311
1675402758805462644
1675402758849241394
1675402758885478113
1675402758925598425
1675402758965463738
1675402759025419884
1675402759065223842
1675402759105261238
1675402759145056915
1675402759191280248
1675402759225089884
1675402759285066759
1675402759325129884
1675402759365302436
1675402759425100352
1675402759465185248
1675402759492529623
1675402759532336029
1675402759585234154
1675402759625477696
1675402759671955925
1675402759725646602
1675402759765211446
1675402759805319467
1675402759854397383
1675402759905015456
1675402759945210300
1675402759985429206
1675402760025176238
1675402760065726446
1675402760105218217
1675402760154975873
1675402760189761967
1675402760245604727
1675402760284808998
1675402760325213685
1675402760365263946
1675402760405457592
1675402760465218946
1675402760505000508
1675402760531156654
1675402760585273477
1675402760625649935
1675402760665806498
1675402760725694779
1675402760765242591
1675402760785544466
1675402760865000508
1675402760905358841
1675402760925071550
1675402760972746602
1675402761025228164
1675402761065241654
1675402761105747070
1675402761165016862
1675402761205437383
1675402761245693841
1675402761285486185
1675402761334620716
1675402761384981237
1675402761425220039
1675402761465403633
1675402761496037799
1675402761548774883
1675402761584955768
1675402761629606237
1675402761685427070
1675402761705195924
1675402761765276706
1675402761810010976
1675402761844985404
1675402761885470560
1675402761925351028
1675402761971381393
1675402762025425143
1675402762065870195
1675402762105339153
1675402762165306445
1675402762205267539
1675402762225451966
1675402762292700091
1675402762325910664
1675402762364854466
1675402762425376132
1675402762465174830
1675402762505355247
1675402762546376080
1675402762605282330
1675402762645041809
1675402762685360195
1675402762725487278
1675402762765729205
1675402762814999361
1675402762865342799
1675402762889236966
1675402762925336914
1675402762989068476
1675402763025158163
1675402763065157382
1675402763125308945
1675402763145054882
1675402763205138893
1675402763245300768
1675402763285062226
1675402763325148528
1675402763365162747
1675402763405292642
1675402763465478997
1675402763505301028
1675402763545018111
1675402763584822174
1675402763632426340
1675402763666386861
1675402763724792590
1675402763766451080
1675402763805344517
1675402763865259465
1675402763905143684
1675402763946857590
1675402763985114465
1675402764028299413
1675402764085130507
1675402764125114830
1675402764165252955
1675402764205092851
1675402764245472955
1675402764296158788
1675402764329079048
1675402764365325871
1675402764424654569
1675402764449443684
1675402764505240975
1675402764545391496
1675402764585383111
1675402764625827902
1675402764685289309
1675402764705164725
1675402764765235090
1675402764805455715
1675402764845646496
1675402764904784829
1675402764944968215
1675402764972161965
1675402765025042538
1675402765065096392
1675402765106114881
1675402765164943579
1675402765204643111
1675402765244960663
1675402765286699829
1675402765344808579
1675402765384800923
1675402765425318267
1675402765468458163
1675402765508370090
1675402765565056704
1675402765605044569
1675402765644724308
1675402765669096965
1675402765725150819
1675402765769643631
1675402765805056183
1675402765865538058
1675402765889785662
1675402765944968735
1675402765985160610
1675402766025393996
1675402766065636391
1675402766105834725
1675402766145231183
1675402766205288006
1675402766245555037
1675402766285438475
1675402766344742693
1675402766365434360
1675402766412944829
1675402766466743423
1675402766506133006
1675402766546201131
1675402766593483370
1675402766645246652
1675402766685607537
1675402766733424516
1675402766785120297
1675402766825051235
1675402766865502589
1675402766909007172
1675402766948415402
1675402766984988995
1675402767045033214
1675402767076323891
1675402767109717849
1675402767164959568
1675402767184960037
1675402767245283683
1675402767289787485
1675402767324831703
1675402767370567693
1675402767424627328
1675402767468497537
1675402767508400245
1675402767548128891
1675402767588126287
1675402767648554933
1675402767688664672
1675402767727940870
1675402767775541807
1675402767808637693
1675402767848446391
1675402767909563474
1675402767948073839
1675402767989076599
1675402768028098526
1675402768088340037
1675402768127932953
1675402768167858266
1675402768218249359
1675402768267789984
1675402768308094359
1675402768348124359
1675402768391895766
1675402768428445453
1675402768472743213
1675402768507939776
1675402768552629099
1675402768608364984
1675402768628263838
1675402768679825818
1675402768727917484
1675402768768198370
1675402768807938578
1675402768854104203
1675402768894758786
1675402768948403265
1675402768988405817
1675402769028643682
1675402769087986651
1675402769128043578
1675402769148826651
1675402769215949724
1675402769249707536
1675402769288397796
1675402769347882224
1675402769389886599
1675402769427672901
1675402769468325244
1675402769528125921
1675402769567831859
1675402769607862588
1675402769649110557
1675402769698814255
1675402769747893525
1675402769787879255
1675402769827780713
1675402769859730453
1675402769893253630
1675402769968137952
1675402769987890244
1675402770048226494
1675402770068510348
1675402770108354098
1675402770168103942
1675402770208091807
1675402770248459359
1675402770289094775
1675402770334843057
1675402770388365348
1675402770428347119
1675402770468598681
1675402770528121754
1675402770555750713
1675402770589355088
1675402770648341806
1675402770689853994
1675402770727982483
1675402770787948994
1675402770827699775
1675402770868108942
1675402770910658994
1675402770967997171
1675402771007819515
1675402771048329098
1675402771088896910
1675402771128424098
1675402771178492796
1675402771208241233
1675402771268993004
1675402771298711910
1675402771332675712
1675402771373202848
1675402771448142327
1675402771467707639
1675402771508104150
1675402771548752275
1675402771588294306
1675402771647817066
1675402771688505191
1675402771729050087
1675402771768272275
1675402771828767483
1675402771868403993
1675402771908132431
1675402771948915816
1675402771996405348
1675402772029875191
1675402772088330504
1675402772127796493
1675402772167851077
1675402772228026597
1675402772267934045
1675402772308176962
1675402772350483056
1675402772391835191
1675402772447961806
1675402772487979254
1675402772528273993
1675402772567812066
1675402772608235504
1675402772639483941
1675402772707963733
1675402772728132118
1675402772787898472
1675402772813216285
1675402772853454410
1675402772909785347
1675402772947561649
1675402772988406806
1675402773028373368
1675402773067900503
1675402773128416962
1675402773168624826
1675402773208335035
1675402773268045347
1675402773308736024
1675402773336107274
1675402773389711857
1675402773427763472
1675402773469856649
1675402773528038003
1675402773567785868
1675402773608012534
1675402773656726336
1675402773707672795
1675402773747816336
1675402773791175347
1675402773831723211
1675402773868127326
1675402773907919670
1675402773947827534
1675402774008158472
1675402774033087170
1675402774087882638
1675402774147625243
1675402774187571336
1675402774208128263
1675402774248081961
1675402774294219826
1675402774333880503
1675402774388218628
1675402774428216388
1675402774468192430
1675402774509046440
1675402774568878263
1675402774615699774
1675402774655858472
1675402774708194513
1675402774729560711
1675402774776531336
1675402774829842951
1675402774868023211
1675402774908237794
1675402774968048732
1675402775007625555
1675402775047852638
1675402775096893419
1675402775147826284
1675402775187663523
1675402775228421596
1675402775273171440
1675402775312367378
1675402775347851596
1675402775387793523
1675402775448187430
1675402775473086023
1675402775528525607
1675402775548594096
1675402775627989877
1675402775647950294
1675402775688017898
1675402775728549669
1675402775774475607
1675402775828226857
1675402775868505086
1675402775908318211
1675402775948779721
1675402776007939356
1675402776048165190
1675402776096031908
1675402776136531440
1675402776169393575
1675402776208106440
1675402776269888002
1675402776308384565
1675402776347823523
1675402776408089565
1675402776447983888
1675402776488598158
1675402776528158262
1675402776578120242
1675402776627986179
1675402776667887169
1675402776688178627
1675402776748552117
1675402776788126700
1675402776827698367
1675402776887997481
1675402776927958054
1675402776947768939
1675402776987710502
1675402777028083106
1675402777088197429
1675402777127908835
1675402777167942325
1675402777214145189
1675402777255368262
1675402777308819460
1675402777348962064
1675402777407726595
1675402777448387377
1675402777488012377
1675402777509903783
1675402777576360866
1675402777609807741
1675402777648138783
1675402777708016179
1675402777748085189
1675402777787904772
1675402777831007845
1675402777888239304
1675402777928230710
1675402777967993002
1675402778007955033
1675402778058573679
1675402778108153210
1675402778127997064
1675402778188040293
1675402778219842637
1675402778273296751
1675402778328157168
1675402778367878939
1675402778387716960
1675402778427753626
1675402778468439147
1675402778508088626
1675402778568180241
1675402778607814355
1675402778648205085
1675402778697881595
1675402778750089824
1675402778787716074
1675402778827684199
1675402778888255449
1675402778916690293
1675402778949852532
1675402779007545189
1675402779050449616
1675402779087873782
1675402779147905449
1675402779187864251
1675402779227780814
1675402779271161230
1675402779327598001
1675402779367454459
1675402779407891751
1675402779428374251
1675402779488209251
1675402779532693938
1675402779567636803
1675402779628323418
1675402779668180449
1675402779693766022
1675402779733757949
1675402779807710240
1675402779828198105
1675402779868231074
1675402779908259928
1675402779948500709
1675402780007955969
1675402780055718522
1675402780108098313
1675402780148886178
1675402780189369199
1675402780229712428
1675402780268142063
1675402780310365917
1675402780356870136
1675402780390353626
1675402780448091542
1675402780487990917
1675402780528256646
1675402780567747844
1675402780627855032
1675402780667470761
1675402780708103990
1675402780752375605
1675402780807709980
1675402780847847688
1675402780868170032
1675402780928151334
1675402780967740188
1675402781000160657
1675402781068318625
1675402781108097115
1675402781127912948
1675402781174028157
1675402781214260917
1675402781268237740
1675402781308402531
1675402781348502063
1675402781388146177
1675402781428951542
1675402781495629823
1675402781535793052
1675402781587822948
1675402781628011177
1675402781669615552
1675402781697227063
1675402781751068573
1675402781787705292
1675402781830833104
1675402781888207583
1675402781927952010
1675402781967899823
1675402782017637635
1675402782067927792
1675402782108045083
1675402782147722687
1675402782172546906
1675402782228370656
1675402782268110187
1675402782307783364
1675402782367754562
1675402782407516229
1675402782427632479
1675402782507707948
1675402782547690916
1675402782567538260
1675402782607908885
1675402782655042114
1675402782695693312
1675402782748034771
1675402782807369927
1675402782848041229
1675402782887922114
1675402782927856020
1675402782969724354
1675402783008033468
1675402783068434770
1675402783096747739
1675402783140031645
1675402783188021437
1675402783230441281
1675402783268034927
1675402783311196020
1675402783367936489
1675402783408226489
1675402783447764197
1675402783507981176
1675402783548225812
1675402783587829093
1675402783613143416
1675402783668160343
1675402783708182218
1675402783748319093
1675402783807823208
1675402783848128468
1675402783868231072
1675402783908175343
1675402783987728989
1675402784007856853
1675402784047991853
1675402784108251176
1675402784147865551
1675402784188491905
1675402784229302166
1675402784289529718
1675402784327960655
1675402784368473364
1675402784408099822
1675402784456694978
1675402784497773468
1675402784530840759
1675402784567793989
1675402784631262739
1675402784670782061
1675402784707979041
1675402784747947530
1675402784808145811
1675402784848146436
1675402784888144197
1675402784908590863
1675402784972987426
1675402785013585759
1675402785048009509
1675402785107784509
1675402785148157478
1675402785185600238
1675402785247949457
1675402785288305863
1675402785308414249
1675402785347965967
1675402785387931957
1675402785448373676
1675402785487927478
1675402785548192894
1675402785588245238
1675402785628520447
1675402785669538832
1675402785709162634
1675402785767546696
1675402785807747269
1675402785848182686
1675402785870817894
1675402785937492582
1675402785971227217
1675402786017305186
1675402786047716592
1675402786107851123
1675402786147859821
1675402786191492165
1675402786247595238
1675402786287782009
1675402786327958519
1675402786348365498
1675402786407874977
1675402786447961488
1675402786488087165
1675402786547381175
1675402786587421279
1675402786614513467
1675402786688237217
1675402786728257217
1675402786748036227
1675402786787762842
1675402786847568727
1675402786887778415
1675402786934812998
1675402786987609300
1675402787027533154
1675402787067805238
1675402787109630654
1675402787149657008
1675402787187829665
1675402787248098779
1675402787277118206
1675402787310732321
1675402787367802581
1675402787410823415
1675402787447975133
1675402787507965654
1675402787547982373
1675402787587730862
1675402787631552008
1675402787667642581
1675402787708438727
1675402787755615498
1675402787788576696
1675402787847857842
1675402787887367789
1675402787927818310
1675402787987760862
1675402788027754769
1675402788054506852
1675402788094873154
1675402788167601435
1675402788187866696
1675402788228743623
1675402788287981279
1675402788327828258
1675402788367696018
1675402788416442112
1675402788467570029
1675402788507992789
1675402788548283362
1675402788590334664
1675402788627693518
1675402788670305758
1675402788717837112
1675402788754104352
1675402788787792216
1675402788847787008
1675402788898355133
1675402788927988206
1675402788987797268
1675402789027797216
1675402789071903101
1675402789093120133
1675402789147805810
1675402789188381070
1675402789228296435
1675402789287739508
1675402789327971070
1675402789360906487
1675402789427939508
1675402789468103830
1675402789487825601
1675402789534764247
1675402789587949924
1675402789627949299
1675402789668075393
1675402789727490289
1675402789767676330
1675402789807300601
1675402789847889299
1675402789890063309
1675402789930458362
1675402789987476278
1675402790030153101
1675402790057620184
1675402790111049455
1675402790148192997
1675402790194773518
1675402790227967372
1675402790287955809
1675402790327933153
1675402790378462111
1675402790408214351
1675402790467733622
1675402790507834976
1675402790533630028
1675402790588270393
1675402790628003986
1675402790667801643
1675402790727951070
1675402790767552059
1675402790787972267
1675402790867909507
1675402790907782945
1675402790927965965
1675402790968201434
1675402791027688674
1675402791067676903
1675402791108481330
1675402791167829819
1675402791207920236
1675402791247452684
1675402791287942371
1675402791328180965
1675402791376562059
1675402791427194611
1675402791450829819
1675402791507353153
1675402791531479767
1675402791587549194
1675402791630836278
1675402791674243205
1675402791707875444
1675402791768187944
1675402791807914142
1675402791848177007
1675402791887709663
1675402791928240913
1675402791967826486
1675402792027972840
1675402792067713152
1675402792107450548
1675402792167172527
1675402792207385704
1675402792227973465
1675402792268224350
1675402792328413256
1675402792367797006
1675402792427716277
1675402792467878829
1675402792508768361
1675402792547918204
1675402792589705444
1675402792648087683
1675402792687257319
1675402792728437527
1675402792767878881
1675402792807620652
1675402792857687944
1675402792897091850
1675402792927935600
1675402792991457058
1675402793027843204
1675402793071495912
1675402793107764089
1675402793147538933
1675402793208082162
1675402793247681225
1675402793268146537
1675402793328358464
1675402793368447423
1675402793408105287
1675402793467412944
1675402793507601173
1675402793534568985
1675402793607684766
1675402793647900391
1675402793668093881
1675402793708566485
1675402793767900079
1675402793807456173
1675402793855221537
1675402793907572839
1675402793947873464
1675402793989271381
1675402794030354922
1675402794070619558
1675402794108231850
1675402794167395131
1675402794207632266
1675402794231437474
1675402794298084402
1675402794331910860
1675402794367658204
1675402794428096224
1675402794452437162
1675402794511945079
1675402794547734089
1675402794587238360
1675402794627727683
1675402794673238620
1675402794708238620
1675402794767960391
1675402794807825651
1675402794847607630
1675402794908140235
1675402794947666172
1675402794974686745
1675402795027626641
1675402795068043464
1675402795108509766
1675402795155369037
1675402795207919557
1675402795247593776
1675402795295710599
1675402795347410547
1675402795387377266
1675402795427587422
1675402795470699557
1675402795510055078
1675402795547617682
1675402795607676328
1675402795638124922
1675402795674938776
1675402795707680495
1675402795772014349
1675402795807808828
1675402795867801588
1675402795887680130
1675402795947802682
1675402795987410547
1675402796027649453
1675402796068115286
1675402796114263203
1675402796148395443
1675402796207676640
1675402796248008463
1675402796287878307
1675402796347830807
1675402796387417838
1675402796414991953
1675402796455543307
1675402796507827630
1675402796547786015
1675402796607607786
1675402796647775182
1675402796687372265
1675402796727598932
1675402796776996796
1675402796810814348
1675402796848365703
1675402796907850338
1675402796950780859
1675402796987601588
1675402797031396432
1675402797067827994
1675402797111949244
1675402797167422942
1675402797187436640
1675402797247314869
1675402797292469088
1675402797327889452
1675402797368290650
1675402797427655077
1675402797453842682
1675402797508115859
1675402797547894036
1675402797587739400
1675402797647624036
1675402797687867369
1675402797708506952
1675402797775001796
1675402797808229921
1675402797847482838
1675402797908848671
1675402797947619713
1675402797987476327
1675402798028952369
1675402798087630233
1675402798127214921
1675402798167445181
1675402798208278827
1675402798257662681
1675402798288176588
1675402798347322212
1675402798387590077
1675402798418234817
1675402798471774660
1675402798507519087
1675402798551908254
1675402798607808098
1675402798627376952
1675402798687769504
1675402798732338462
1675402798768085650
1675402798808124869
1675402798848435025
1675402798894173983
1675402798947875441
1675402798987943931
1675402799027822733
1675402799087848671
1675402799127900441
1675402799148318202
1675402799207339035
1675402799248675493
1675402799287566952
1675402799347709295
1675402799387507368
1675402799427760441
1675402799469422629
1675402799527875077
1675402799567559035
1675402799607819868
1675402799647817004
1675402799687649035
1675402799731619712
1675402799787751691
1675402799811497629
1675402799847524504
1675402799892096587
1675402799932780910
1675402799988103931
1675402800039158931
1675402800067279295
1675402800107913826
1675402800167578253
1675402800207430181
1675402800247809556
1675402800288308566
1675402800328044451
1675402800388130337
1675402800427797472
1675402800467758045
1675402800507792212
1675402800555364555
1675402800588839972
1675402800647730805
1675402800688784764
1675402800727607160
1675402800787523930
1675402800827251639
1675402800867546899
1675402800907163201
1675402800950954034
1675402801007830024
1675402801047824243
1675402801087548357
1675402801127163357
1675402801167314086
1675402801198787263
1675402801252019555
1675402801287577263
1675402801347736847
1675402801372781013
1675402801427622368
1675402801467533357
1675402801507768045
1675402801548285128
1675402801607339920
1675402801627699867
1675402801687634190
1675402801728219763
1675402801768356274
1675402801827832211
1675402801867838826
1675402801895305388
1675402801947963513
1675402801987271794
1675402802030046794
1675402802074492940
1675402802127966378
1675402802167607576
1675402802215757576
1675402802267762836
1675402802307476690
1675402802350339138
1675402802390823878
1675402802430760492
1675402802487517367
1675402802527865023
1675402802567727992
1675402802591601794
1675402802647052211
1675402802707091377
1675402802727588200
1675402802787022627
1675402802812180909
1675402802853270336
1675402802907166377
1675402802947310388
1675402802987525492
1675402803027606638
1675402803067755961
1675402803128047679
1675402803167537367
1675402803207382367
1675402803267560284
1675402803288443929
1675402803335377159
1675402803388713044
1675402803427487627
1675402803467363304
1675402803527054711
1675402803567536065
1675402803607754971
1675402803656638148
1675402803707220075
1675402803747665388
1675402803787519658
1675402803831366065
1675402803871399450
1675402803907413096
1675402803967212054
1675402803998778252
1675402804032226950
1675402804087523669
1675402804107500908
1675402804167211117
1675402804212466846
1675402804247381898
1675402804293085491
1675402804347192523
1675402804387465752
1675402804427526950
1675402804467877210
1675402804507996325
1675402804567576273
1675402804607452314
1675402804647394762
1675402804695299345
1675402804729031273
1675402804767561637
1675402804829323095
1675402804867517158
1675402804907725179
1675402804967200908
1675402805007724450
1675402805047522731
1675402805087473564
1675402805140467574
1675402805187775804
1675402805227459710
1675402805268038981
1675402805311253252
1675402805347660179
1675402805387691429
1675402805447674345
1675402805476918824
1675402805507475595
1675402805547528564
1675402805587969085
1675402805647867470
1675402805687978303
1675402805728041064
1675402805773817470
1675402805814534397
1675402805867735074
1675402805907818980
1675402805948281272
1675402806007034970
1675402806047641480
1675402806068881064
1675402806135585282
1675402806168991949
1675402806215787522
1675402806247341012
1675402806307417209
1675402806347695491
1675402806389727418
1675402806447445230
1675402806487449761
1675402806527789814
1675402806567901741
1675402806617830230
1675402806667051220
1675402806707848511
1675402806747571584
1675402806779295543
1675402806827611011
1675402806887477938
1675402806907841897
1675402806967926897
1675402806987652418
1675402807027664345
1675402807086925386
1675402807127686115
1675402807167993355
1675402807207607574
1675402807254540751
1675402807308148667
1675402807348411584
1675402807386942990
1675402807447203563
1675402807476424292
1675402807509014188
1675402807567289813
1675402807609227938
1675402807647608251
1675402807707443771
1675402807747108094
1675402807787191480
1675402807827424709
1675402807887682782
1675402807927793355
1675402807967429292
1675402808007543459
1675402808047612209
1675402808097686636
1675402808127534188
1675402808187640438
1675402808207629917
1675402808267766636
1675402808292378250
1675402808367479188
1675402808387619136
1675402808427681271
1675402808467633615
1675402808507718250
1675402808567740959
1675402808607905125
1675402808647937677
1675402808687967834
1675402808748999136
1675402808788152521
1675402808827391427
1675402808869212156
1675402808916261011
1675402808950833927
1675402808987550802
1675402809047560438
1675402809087258510
1675402809147117365
1675402809187288510
1675402809226920906
1675402809270083615
1675402809311916010
1675402809367516896
1675402809407621531
1675402809447539344
1675402809486947573
1675402809527627781
1675402809567381844
1675402809627213667
1675402809647178979
1675402809707748146
1675402809733315281
1675402809773501687
1675402809827440854
1675402809867338458
1675402809907977260
1675402809947703041
1675402809988012000
1675402810054862468
1675402810095077521
1675402810147673250
1675402810187006635
1675402810228687312
1675402810256173458
1675402810309212260
1675402810347662208
1675402810389688718
1675402810447581375
1675402810487017833
1675402810527670281
1675402810570423093
1675402810627430437
1675402810667219656
1675402810710970541
1675402810751693406
1675402810791082729
1675402810847610749
1675402810867588145
1675402810927720697
1675402810952760124
1675402811007358770
1675402811067585801
1675402811107262728
1675402811127444864
1675402811167448718
1675402811213334343
1675402811253614760
1675402811307433666
1675402811347279655
1675402811387932624
1675402811428475228
1675402811487853822
1675402811535843405
1675402811575067520
1675402811627369187
1675402811649001791
1675402811696393770
1675402811750064916
1675402811787593353
1675402811827378666
1675402811887294707
1675402811927857103
1675402811967449551
1675402812007530749
1675402812066981478
1675402812107133457
1675402812147417520
1675402812191937728
1675402812232272155
1675402812267326530
1675402812307770384
1675402812367361686
1675402812407368457
1675402812427297572
1675402812467698613
1675402812547411790
1675402812567483613
1675402812607087832
1675402812647436947
1675402812693777155
1675402812747686061
1675402812787981582
1675402812847117572
1675402812887576790
1675402812927322884
1675402812967230957
1675402813015350228
1675402813055802676
1675402813089469707
1675402813127536582
1675402813190113196
1675402813227321113
1675402813267107103
1675402813327362623
1675402813367575905
1675402813407594915
1675402813447441738
1675402813498501009
1675402813547656582
1675402813587357103
1675402813607865123
1675402813667550071
1675402813707567988
1675402813747342415
1675402813807332832
1675402813847433196
1675402813867432623
1675402813907725592
1675402813947676790
1675402814007209446
1675402814047424186
1675402814087888456
1675402814127817727
1675402814174615384
1675402814228475956
1675402814268472363
1675402814309642258
1675402814367844133
1675402814407582467
1675402814429613196
1675402814496167102
1675402814529760227
1675402814567568873
1675402814627134081
1675402814667019498
1675402814707325696
1675402814750468612
1675402814807574133
1675402814847097415
1675402814887394602
1675402814907322519
1675402814973168769
1675402815012417206
1675402815047403769
1675402815106981998
1675402815147843300
1675402815172825904
1675402815247081998
1675402815287370539
1675402815307626633
1675402815347375019
1675402815387589185
1675402815427836321
1675402815487564862
1675402815547560331
1675402815587519133
1675402815627541112
1675402815668991060
1675402815708789602
1675402815747198977
1675402815807334081
1675402815836462466
1675402815869961893
1675402815927561268
1675402815970469550
1675402816007155487
1675402816066937362
1675402816107375435
1675402816147488977
1675402816191208143
1675402816247464549
1675402816287731945
1675402816326832831
1675402816347454341
1675402816407816216
1675402816452411945
1675402816498881268
1675402816547426581
1675402816587332778
1675402816613374185
1675402816653619810
1675402816727523820
1675402816747406372
1675402816787303768
1675402816827592101
1675402816867710799
1675402816927556580
1675402816975215851
1675402817027380174
1675402817067065487
1675402817109108039
1675402817149110278
1675402817187061112
1675402817227243455
1675402817276300643
1675402817310382153
1675402817367357726
1675402817407176997
1675402817456964289
1675402817487737309
1675402817547502518
1675402817587738455
1675402817630893195
1675402817651830643
1675402817707807413
1675402817758771163
1675402817787758715
1675402817847073403
1675402817886994393
1675402817919532049
1675402817987492570
1675402818027115747
1675402818047252465
1675402818093824913
1675402818133824028
1675402818187697622
1675402818227161267
1675402818287498976
1675402818327504497
1675402818367608611
1675402818407365174
1675402818456037517
1675402818507119757
1675402818547045851
1675402818589161424
1675402818625607986
1675402818666983923
1675402818707029809
1675402818750309653
1675402818807172517
1675402818847281580
1675402818887029028
1675402818937203038
1675402818986799132
1675402819027453611
1675402819067071215
1675402819092618142
1675402819147636996
1675402819190535850
1675402819227508455
1675402819287876527
1675402819327674444
1675402819347365850
1675402819427434757
1675402819467372152
1675402819487403246
1675402819527282048
1675402819574319184
1675402819613979600
1675402819667062465
1675402819727454652
1675402819767186111
1675402819807345850
1675402819847682204
1675402819896253038
1675402819935971788
1675402819987116996
1675402820009685173
1675402820056359235
1675402820110269808
1675402820147169860
1675402820186912308
1675402820247143506
