1675401831975167531,-0.09614563,-0.08717346,-0.053710938
1675401832169117011,-0.8023071,-0.983551,0.02520752
1675401832364018365,0.09164429,-0.63243103,-0.35473633
1675401832557058833,0.07698059,-0.17829895,-0.7934723
1675401832754556854,0.53634644,-0.7243042,-0.003982544
1675401832944741125,0.49163818,-0.031097412,-0.7562103
1675401833139268729,-0.03504944,0.2583313,-1.0126495
1675401833333458312,0.30323792,0.38319397,-1.6704254
1675401833527581385,1.9629822,-1.205307,-1.9652405
1675401833721474041,3.1023712,-4.6239777,-3.336029
1675401833915681385,-0.15673828,-0.90426636,-3.2623596
1675401834109717479,0.50276184,0.3471527,3.497757
1675401834303996906,-0.4323578,-1.835846,0.92430115
1675401834498545864,0.24742126,1.1186829,-0.67178345
1675401834700227530,-0.8302765,0.40859985,0.095962524
1675401834886233416,0.91607666,1.1723175,0.7228241
1675401835080243520,-0.14427185,0.6422119,0.080566406
1675401835274221905,-0.31420898,0.63768005,0.42338562
1675401835468310134,-0.24591064,0.41482544,-0.017791748
1675401835662419353,-0.0037841797,0.43084717,0.0496521
1675401835856180342,-0.042007446,0.8726196,-1.0418549
1675401836050662269,-0.03126526,1.0623627,-0.82192993
1675401836244340499,0.08467102,0.9456787,-0.10746765
1675401836439029040,-0.72813416,1.0732422,0.579895
1675401836632678571,-0.42710876,1.0728607,-0.39285278
1675401836826930290,0.19230652,0.8738556,0.42936707
1675401837021173936,-0.17408752,0.33468628,0.797348
1675401837215040602,-0.05593872,-0.31977844,0.58366394
1675401837408900394,0.10826111,-0.74702454,0.22923279
1675401837603457165,-0.12753296,-0.8604126,0.4574585
1675401837797991904,-0.56588745,-0.22743225,0.83106995
1675401837992476123,-0.743042,0.0385437,-0.017547607
1675401838185418102,-0.9128723,0.031463623,-0.8909607
1675401838380162529,-0.8743744,0.15252686,-1.2132568
1675401838573794612,-0.42515564,0.99772644,-0.77648926
1675401838767665237,-0.12350464,1.2290039,0.20651245
1675401838961699925,-0.3442688,0.98049927,0.7457886
1675401839155825914,-0.09429932,0.28607178,1.2019958
1675401839349872841,0.35443115,-0.33517456,1.0761566
1675401839543841747,0.48773193,-0.35203552,0.41433716
1675401839738312737,0.29200745,-0.12931824,0.067855835
1675401839932340758,0.6111145,0.32955933,-0.44502258
1675401840126482893,0.17080688,0.37391663,-0.8551636
1675401840320932372,0.10887146,0.25003052,-0.11491394
1675401840514741799,0.26731873,-0.055282593,0.1267395
1675401840708776695,0.47123718,-0.3186798,0.035110474
1675401840902928257,0.48980713,-0.3267517,0.28825378
1675401841096886747,0.41282654,-0.17451477,0.5159912
1675401841291098101,0.21258545,0.056747437,0.29753113
1675401841485476017,0.050704956,-0.06982422,-0.21949768
1675401841678888778,0.0018463135,-0.8075104,-0.2288971
1675401841872944351,0.059753418,-1.5600891,-0.30366516
1675401842067089403,0.40220642,-1.3530121,-0.5300598
1675401842261163517,0.33573914,-0.8963318,0.16485596
1675401842455393309,0.062072754,-0.41960144,0.23632812
1675401842649262215,-0.1823883,-0.08105469,0.16046143
1675401842843330704,-0.06315613,0.36340332,0.3815918
1675401843038098152,0.062194824,0.70658875,0.16156006
1675401843231541538,0.005996704,0.8825226,0.026428223
1675401843426469715,-0.14781189,0.8947296,0.0056762695
1675401843619942527,-0.21269226,0.82510376,-0.045028687
1675401843813964506,-0.20071411,0.6195984,-0.007156372
1675401844008512631,-0.057281494,0.2607727,-0.028411865
1675401844203719975,0.06097412,-0.19223022,-0.1803894
1675401844396488933,0.0839386,-0.6028595,-0.18687439
1675401844591123568,0.1348877,-0.8332825,-0.12553406
1675401844785214349,0.15357971,-0.9060974,0.052947998
1675401844979195547,0.09579468,-0.8678589,0.0619812
1675401845172630443,0.0761261,-0.7014618,0.029129028
1675401845366658880,0.04399109,-0.51660156,0.03767395
1675401845560823828,0.019683838,-0.34825134,-0.0060577393
1675401845754874193,-0.024047852,-0.2127533,0.008850098
1675401845949105234,-0.07939148,-0.072753906,0.023864746
1675401846142826016,-0.12557983,0.09864807,0.08325195
1675401846337671797,-0.13082886,0.30793762,0.1255188
1675401846531439870,-0.10505676,0.50842285,0.11000061
1675401846725650703,-0.03944397,0.6812897,0.079574585
1675401846919776484,0.011367798,0.781723,0.043289185
1675401847113875234,0.017471313,0.78808594,0.03352356
1675401847308923984,-0.026504517,0.68081665,-0.044296265
1675401847502577890,-0.07572937,0.47177124,-0.0750885
1675401847695993515,-0.07817078,0.2286377,-0.036346436
1675401847890369713,-0.053253174,0.019973755,-0.023895264
1675401848084156952,-0.02772522,-0.116241455,-0.020355225
1675401848278002629,-0.020141602,-0.16633606,0.035842896
1675401848472248463,-0.03187561,-0.13237,0.05807495
1675401848666594660,-0.041519165,-0.047088623,-0.007888794
1675401848860429921,-0.04750061,0.026687622,-0.05456543
1675401849055254348,-0.05215454,0.05101013,-0.03831482
1675401849248971639,-0.050201416,0.03878784,-0.010574341
1675401849443425129,-0.02760315,0.023895264,-0.008132935
1675401849637750546,-0.002670288,0.008377075,-0.0050811768
1675401849831512108,0.011489868,-0.0040893555,0.018493652
1675401850025565181,0.009780884,-0.005432129,0.015686035
1675401850219882420,-0.0036621094,0.0025177002,-0.005569458
1675401850414111170,-0.015625,-0.0026245117,-0.015701294
1675401850608053826,-0.012084961,-0.030960083,-0.0143585205
1675401850802025545,2.4414062E-4,-0.07336426,-0.0037384033
1675401850996148878,0.007827759,-0.11453247,0.011169434
1675401851189624764,0.0096588135,-0.13200378,0.0154418945
1675401851383691847,0.010025024,-0.116485596,0.014099121
1675401851577561691,0.007217407,-0.079711914,0.0074920654
1675401851774536638,0.005630493,-0.04159546,-0.004714966
1675401851967247211,0.0064849854,-0.016174316,-0.010818481
1675401852160041013,0.0062408447,-0.010925293,-0.00642395
1675401852353861586,0.0020751953,-0.020950317,0.0015106201
1675401852547900128,0.002090454,-0.022903442,0.002380371
1675401852741964190,0.012466431,9.1552734E-4,-6.1035156E-5
1675401852936315180,0.019683838,0.03805542,-0.005203247
1675401853131406221,0.010879517,0.06565857,-0.011062622
1675401853324643200,-0.0031585693,0.076171875,-0.013626099
1675401853523314815,-0.0064697266,0.07446289,-0.011428833
1675401853724438200,9.765625E-4,0.068725586,-0.0037384033
1675401853907875492,0.00831604,0.05833435,5.493164E-4
1675401854102139867,0.007095337,0.042938232,0.002746582
1675401854301156377,6.2561035E-4,0.029632568,0.0037231445
1675401854490464502,-0.003768921,0.020828247,0.0017547607
1675401854684483617,-0.001953125,0.012893677,0.002609253
1675401854880012887,0.0046539307,5.493164E-4,0.002609253
1675401855072078564,0.0116119385,-0.016311646,0.004211426
1675401855267633668,0.017959595,-0.03353882,0.007019043
1675401855460994345,0.022125244,-0.045013428,0.007873535
1675401855654468981,0.020904541,-0.05369568,0.00592041
1675401855850978147,0.01625061,-0.059310913,0.001159668
1675401856043706533,0.011367798,-0.06199646,-0.0016479492
1675401856236831897,0.010025024,-0.061264038,-6.713867E-4
1675401856432202991,0.009414673,-0.056869507,-0.0056915283
1675401856625017053,0.009048462,-0.048553467,0.0014038086
1675401856818493564,0.007461548,-0.036102295,0.0020141602
1675401857013023980,0.003921509,-0.020217896,-0.0042266846
1675401857206327522,-3.6621094E-4,-0.0036010742,-6.713867E-4
1675401857400275803,-0.0020751953,0.016189575,-4.272461E-4
1675401857594454397,-9.765625E-4,0.035491943,-0.003616333
1675401857789012105,-9.765625E-4,0.047821045,-0.0053253174
1675401857988178511,-0.0024261475,0.05052185,-0.0054473877
1675401858176726896,-0.0025482178,0.047576904,-4.272461E-4
1675401858371014709,-0.0015716553,0.043548584,0.002609253
1675401858566184344,-0.0014648438,0.04196167,6.713867E-4
1675401858764820959,-0.003036499,0.03842163,-0.0074005127
1675401858963623771,-0.0043945312,0.031326294,-0.0027618408
1675401859158269917,-0.0040283203,0.022918701,0.0020141602
1675401859342184084,-0.0016937256,0.015701294,-3.2043457E-4
1675401859537145125,6.2561035E-4,0.008621216,0.0028533936
1675401859730140281,0.003921509,0.003112793,0.0038452148
1675401859924111167,0.0029449463,-0.0037231445,-0.0037384033
1675401860121646687,3.8146973E-4,-0.0134887695,-0.0034942627
1675401860312450958,-1.2207031E-4,-0.02204895,0.0067596436
1675401860506322833,0.0062408447,-0.022781372,0.011413574
1675401860700756427,0.011489868,-0.018997192,-0.0021514893
1675401860894499604,0.005874634,-0.023025513,-0.013137817
1675401861090150645,-4.8828125E-4,-0.0340271,-9.3078613E-4
1675401861283469604,-0.0010986328,-0.03829956,0.014099121
1675401861476215697,0.005630493,-0.027175903,0.009338379
1675401861673968822,0.0096588135,-0.0119018555,-0.0070343018
1675401861866156791,0.0048980713,-0.0076293945,-0.011062622
1675401862058257676,-0.0029144287,-0.012145996,-0.003982544
1675401862253602103,-0.0072021484,-0.012756348,0.008834839
1675401862447119551,-1.0681152E-4,-4.272461E-4,0.012268066
1675401862641572572,0.010147095,0.019241333,-0.0022735596
1675401862834937884,0.0050201416,0.024490356,-0.025482178
1675401863029457676,-0.008163452,0.013626099,-0.0041046143
1675401863223654655,-0.013916016,0.008010864,0.024597168
1675401863416913561,-0.0018157959,0.023269653,0.003112793
1675401863611006582,0.003921509,0.036224365,-0.021453857
1675401863805303457,2.4414062E-4,0.031585693,-0.0041046143
1675401864000466634,-0.004623413,0.018997192,0.0099487305
1675401864193656269,-0.005722046,0.013381958,-3.2043457E-4
1675401864388504082,-0.004257202,0.012771606,-0.0070343018
1675401864590609550,9.918213E-4,0.011917114,0.0039520264
1675401864776827727,0.0064849854,0.010574341,0.005554199
1675401864972194394,0.003921509,0.0065460205,-0.004714966
1675401865164756060,-0.0032958984,-0.0022583008,-0.005569458
1675401865357891529,-0.004989624,-0.011413574,9.1552734E-4
1675401865553117727,-2.2888184E-4,-0.014953613,0.0064086914
1675401865746567623,0.0048980713,-0.011047363,0.006881714
1675401865941106737,0.00831604,-0.005554199,-0.004348755
1675401866135807102,0.0035552979,-0.008728027,-0.00630188
1675401866329737414,-0.0038909912,-0.016555786,-6.713867E-4
1675401866523625435,-0.0068206787,-0.019607544,0.0021362305
1675401866716645435,0.0017242432,-0.011291504,0.0178833
1675401866910869133,0.014663696,0.003982544,0.002609253
1675401867106240174,0.00831604,0.0053253174,-0.029510498
1675401867299017205,-0.0071868896,-0.010803223,-0.0050811768
1675401867492640435,-0.0107421875,-0.019241333,0.028396606
1675401867686496632,0.0025787354,-0.0022583008,0.008483887
1675401867880643351,0.008560181,0.016433716,-0.019866943
1675401868074979393,0.003189087,0.01802063,-0.008865356
1675401868268856893,-0.0041503906,0.0074005127,0.005432129
1675401868463157726,-0.008422852,0.0028686523,0.0029907227
1675401868657736736,-0.006454468,0.0076446533,0.0015106201
1675401868852483507,0.005508423,0.01876831,0.007751465
1675401869045217257,0.010513306,0.023773193,-0.008743286
1675401869240403715,-2.4414062E-4,0.014968872,-0.012527466
1675401869434605746,-0.010986328,6.1035156E-5,0.0026245117
1675401869627786527,-0.008041382,-0.0045776367,0.012390137
1675401869822912465,0.005630493,0.00579834,0.009094238
1675401870017561996,0.0068511963,0.011184692,-0.019378662
1675401870216451371,-3.5095215E-4,0.0010375977,-0.017288208
1675401870414441111,-0.006454468,-0.013748169,0.021057129
1675401870600557413,-0.001083374,-0.011413574,0.01361084
1675401870793837569,0.005630493,4.272461E-4,-0.0124053955
1675401870986600173,0.005264282,0.0020141602,-0.011428833
1675401871180678141,0.0019683838,-0.007873535,0.0015106201
1675401871375411579,-0.0025634766,-0.015213013,0.00920105
1675401871568561058,-5.950928E-4,-0.010925293,0.008117676
1675401871763868402,0.0062408447,-0.0021362305,-0.0054473877
1675401871961425172,0.004776001,-0.0017700195,-0.013259888
1675401872152565433,-0.0023040771,-0.0099487305,0.0023651123
1675401872344702776,-0.005355835,-0.012390137,0.011657715
1675401872541041006,0.0014801025,-0.0038452148,0.002609253
1675401872733600068,0.005996704,0.005203247,-0.008621216
1675401872927155745,0.0022125244,0.0058135986,-0.0022735596
1675401873121515849,-0.0025634766,0.0014038086,0.0017547607
1675401873315317307,-0.0036468506,0.0014038086,0.0032348633
1675401873509401995,-7.171631E-4,0.0065460205,0.0028686523
1675401873704074130,0.0012207031,0.011062622,-0.008132935
1675401873897728349,3.6621094E-4,0.0103302,-0.0012969971
1675401874091850692,-4.8828125E-4,0.009109497,0.012756348
1675401874285577359,-7.171631E-4,0.012039185,-0.0027618408
1675401874479676578,-0.0035247803,0.010818481,-0.015823364
1675401874674290432,-0.004272461,0.0051879883,0.004562378
1675401874867994286,-3.5095215E-4,0.0045928955,0.015319824
1675401875065351369,0.0028076172,0.0104522705,-0.0077667236
1675401875257756317,3.8146973E-4,0.010574341,-0.007156372
1675401875451245484,-0.0013275146,0.005569458,0.0067749023
1675401875646041369,-8.544922E-4,0.003250122,-1.9836426E-4
1675401875839539494,-0.001083374,0.0015258789,-0.004348755
1675401876034213452,-3.5095215E-4,-3.0517578E-4,0.004562378
1675401876227682202,0.0023345947,-0.0014038086,-0.0020141602
1675401876423181421,0.0011138916,-0.0037231445,-0.0049591064
1675401876616068816,-0.001953125,-0.006164551,0.006652832
1675401876810019702,-3.6621094E-4,-0.0040893555,0.0035858154
1675401877004829233,0.0029296875,-5.493164E-4,-0.0084991455
1675401877199815483,-2.4414062E-4,-0.002380371,-0.0041046143
1675401877393606368,-0.001449585,-0.005432129,0.007019043
1675401877587109493,0.0019683838,-0.0032348633,0.0048217773
1675401877782086993,0.00440979,9.1552734E-4,-0.002380371
1675401877975622514,9.765625E-4,0.0010375977,-0.0070343018
1675401878169088503,-0.0021972656,-0.0029907227,-0.0025177002
1675401878362788035,-0.0019378662,-0.0049438477,0.0099487305
1675401878557416003,9.765625E-4,3.0517578E-4,0.005065918
1675401878750715014,0.001953125,0.00630188,-0.011917114
1675401878945285326,-2.4414062E-4,0.0037231445,-0.00630188
1675401879138696368,-0.0015716553,-0.0010375977,0.008956909
1675401879332357618,-0.0012054443,7.9345703E-4,0.004196167
1675401879526155899,0.0013580322,0.00642395,-0.004470825
1675401879720262722,0.0017089844,0.008743286,1.8310547E-4
1675401879914259128,4.8828125E-4,0.006668091,-0.005203247
1675401880108523086,-0.0025482178,0.0027618408,5.493164E-4
1675401880302602044,-0.0017089844,0.0018920898,0.008850098
1675401880496562409,0.0016021729,0.005203247,-0.0065460205
1675401880690827877,6.1035156E-4,0.004470825,-0.0042266846
1675401880884446732,2.4414062E-4,0.003112793,0.0134887695
1675401881083044909,0.0022125244,0.0050811768,-0.0060577393
1675401881273016315,-9.765625E-4,0.0021362305,-0.015335083
1675401881467964596,-0.003768921,-0.0049438477,0.012145996
1675401881661886835,0.0012359619,-0.0026245117,0.012756348
1675401881855466367,0.005264282,0.003982544,-0.008987427
1675401882052382148,-1.0681152E-4,0.0026245117,-0.009109497
1675401882244085273,-0.004623413,-0.0040893555,-0.0010528564
1675401882439230012,-0.00340271,-0.0067749023,0.0071258545
1675401882632123658,0.002822876,-5.493164E-4,0.010681152
1675401882826535793,0.0073394775,0.0072784424,-0.012039185
1675401883022485220,0.003189087,0.0038604736,-0.007522583
1675401883215083866,-0.002670288,-0.0048217773,0.011642456
1675401883410152876,-0.0043792725,-0.0068969727,-0.003250122
1675401883604316835,-0.0023040771,-0.005554199,-0.0031280518
1675401883797984647,0.003189087,-9.1552734E-4,0.0025024414
1675401883991759126,0.00440979,7.9345703E-4,0.0020141602
1675401884186546887,6.2561035E-4,0.0012817383,7.9345703E-4
1675401884379667251,-0.00390625,1.8310547E-4,-0.008255005
1675401884573572095,-0.004501343,-0.0017700195,-0.0021362305
1675401884767071990,-2.4414062E-4,-7.9345703E-4,0.010559082
1675401884967472407,0.0045318604,0.0053253174,0.0065307617
1675401885157162251,0.00440979,0.008621216,-0.01399231
1675401885350489074,-0.0021972656,0.0014038086,-0.0050811768
1675401885542675480,-0.005722046,-0.0060424805,0.008850098
1675401885738444073,-0.00340271,-0.0044555664,5.493164E-4
1675401885932881990,0.0027008057,0.0029907227,0.0060272217
1675401886127770688,0.007949829,0.009841919,-3.2043457E-4
1675401886330821782,0.0016021729,0.005935669,-0.018630981
1675401886515528604,-0.008529663,-0.0064086914,-0.001663208
1675401886707667511,-0.008422852,-0.009460449,0.024963379
1675401886901670167,0.0053863525,0.0053253174,0.0045776367
1675401887095575687,0.00819397,0.015945435,-0.016571045
1675401887291176521,1.373291E-4,0.009597778,-0.015945435
1675401887485088604,-0.0074310303,-0.005065918,0.009216309
1675401887677991469,-0.006454468,-0.0079956055,0.020568848
1675401887874045791,0.005508423,0.007156372,0.005554199
1675401888069639125,0.006729126,0.014602661,-0.02658081
1675401888262918135,3.8146973E-4,0.0038604736,-0.015823364
1675401888457650947,-0.007675171,-0.012268066,0.024719238
1675401888650099958,-8.392334E-4,-0.006652832,0.020446777
1675401888843083291,0.005996704,0.008987427,-0.016799927
1675401889044445999,0.002822876,0.009719849,-0.02218628
1675401889232023187,-0.0021972656,-0.0022583008,0.005050659
1675401889425523187,-0.006210327,-0.00982666,0.018737793
1675401889620314332,0.002456665,7.9345703E-4,0.0056610107
1675401889813773186,0.005874634,0.009231567,-0.016189575
1675401890007799228,0.002456665,0.005203247,-0.008377075
1675401890202432093,-0.0032806396,-0.005554199,0.0076141357
1675401890396186415,-0.0035247803,-0.0076293945,0.01373291
1675401890591064540,0.0034332275,-6.1035156E-5,-0.0077667236
1675401890784132197,0.002822876,4.272461E-4,-0.012893677
1675401890977798030,3.8146973E-4,-0.00579834,0.0045776367
1675401891172237405,-0.002670288,-0.008361816,0.008972168
1675401891366777092,-8.544922E-4,-0.0028686523,0.0030975342
1675401891571645477,0.0010986328,0.003250122,-0.010696411
1675401891755183342,0.0011138916,0.0023956299,-0.0070343018
1675401891948178238,-1.0681152E-4,-0.0021362305,0.01361084
1675401892143445790,0.0018463135,-4.272461E-4,5.340576E-4
1675401892336328863,0.0013580322,5.493164E-4,-0.011428833
1675401892530735998,-0.0014648438,-0.0020141602,0.006515503
1675401892724820581,2.4414062E-4,-7.9345703E-4,0.002380371
1675401892920298342,3.8146973E-4,0.0015258789,-0.0069122314
1675401893113394019,-0.0013275146,0.0021362305,0.005554199
1675401893309248758,-3.6621094E-4,0.0025024414,-5.493164E-4
1675401893500896675,-0.001953125,0.0028686523,-0.0070343018
1675401893696695372,-0.001449585,0.0018920898,0.007247925
1675401893890318341,3.6621094E-4,0.0053253174,0.0035858154
1675401894084364851,0.0020751953,0.008132935,-0.009963989
1675401894277995008,-1.2207031E-4,0.0058135986,0.0038452148
1675401894472832924,-0.0023040771,0.0036010742,0.005554199
1675401894666229747,-0.0013275146,0.0049591064,-0.0019073486
1675401894860877872,1.5258789E-5,0.0060424805,-0.0038452148
1675401895055235684,-0.0013275146,0.0033569336,-0.0053253174
1675401895247798653,-0.001449585,-4.272461E-4,0.0040893555
1675401895442102038,0.0013580322,0.0012817383,0.011413574
1675401895636437559,0.0036773682,0.007522583,-0.0058135986
1675401895830949278,-0.0020599365,0.0061798096,-0.011672974
1675401896024249955,-0.0064697266,-1.8310547E-4,4.119873E-4
1675401896218835163,-0.0040283203,-0.0012817383,0.013122559
1675401896412587351,0.0041656494,0.0060577393,0.005432129
1675401896614127194,0.005996704,0.010574341,-0.016189575
1675401896802906882,0.0013427734,0.0022583008,-0.0074005127
1675401896999127246,-0.0041503906,-0.008117676,0.015930176
1675401897195876100,-0.003540039,-0.007019043,0.002746582
1675401897384706048,2.4414062E-4,-6.1035156E-5,-0.008132935
1675401897577414225,0.0035552979,0.0025177002,-1.8310547E-4
1675401897771484746,0.0041656494,0.0010375977,3.0517578E-4
1675401897966587663,-4.8828125E-4,-0.0029907227,-0.0017852783
1675401898159954069,-0.0053710938,-0.007385254,-3.2043457E-4
1675401898353566569,-0.0027923584,-0.0060424805,0.0019989014
1675401898546565839,0.004043579,7.9345703E-4,0.006149292
1675401898741056308,0.0062408447,0.00642395,-0.0042266846
1675401898935173495,0.0033111572,0.0054473877,-0.007888794
1675401899129995006,-0.001083374,-0.0017700195,0.0017547607
1675401899323712558,-0.0038909912,-0.0065307617,0.007019043
1675401899518196047,-0.0026855469,-0.004333496,-0.0027618408
1675401899712409120,7.4768066E-4,-7.9345703E-4,-0.0045928955
1675401899906384485,0.0034332275,0.0012817383,0.008117676
1675401900099854745,0.0027008057,0.0033569336,0.0018920898
1675401900294365005,-0.0031585693,0.0018920898,-0.015213013
1675401900487804537,-0.0075531006,-0.0037231445,-0.004348755
1675401900682294484,-0.0030517578,-0.003479004,0.0211792
1675401900876649276,0.0064849854,0.0084991455,0.0079956055
1675401901070231359,0.007095337,0.016189575,-0.019866943
1675401901264324797,-0.0021972656,0.007156372,-0.013015747
1675401901458429328,-0.007675171,-0.0064086914,0.013122559
1675401901652221255,-0.004638672,-0.00579834,0.016174316
1675401901846403182,0.0041656494,0.0072784424,-0.005203247
1675401902040859432,0.0048980713,0.011795044,-0.016815186
1675401902235097609,4.8828125E-4,0.0028686523,-0.0042266846
1675401902428986515,-0.0047454834,-0.006164551,0.018859863
1675401902623284275,-0.0018310547,-7.9345703E-4,0.008361816
1675401902817879744,0.002090454,0.0065460205,-0.020477295
1675401903013520786,2.4414062E-4,0.0018920898,-0.014602661
1675401903205271306,-0.0015869141,-0.0056762695,0.025344849
1675401903399950213,0.002090454,3.0517578E-4,0.011657715
1675401903593104848,0.002090454,0.0058135986,-0.020965576
1675401903787357452,-0.0017089844,0.0033569336,-0.008132935
1675401903981354119,-0.0026855469,-0.0049438477,0.008605957
1675401904175303650,-7.324219E-4,-0.0068969727,0.0032348633
1675401904369550681,0.002456665,-0.0020141602,0.005783081
1675401904563237452,0.0064849854,0.003967285,0.002380371
1675401904757774431,0.0012207031,0.0018920898,-0.022064209
1675401904952157972,-0.0074310303,-0.008728027,-0.0031280518
1675401905146084691,-0.006454468,-0.010803223,0.027297974
1675401905340413545,0.0057525635,0.0028686523,0.0015106201
1675401905533978701,0.0069732666,0.010574341,-0.023529053
1675401905728212555,-0.001083374,0.0028839111,-0.002029419
1675401905922800889,-0.005355835,-0.00579834,0.016418457
1675401906116925576,-0.0021972656,-0.002380371,4.272461E-4
1675401906311435055,0.0012207031,0.004714966,-0.007888794
1675401906504704170,0.002090454,0.005554199,-0.0019073486
1675401906698323649,0.0028076172,0.0028839111,0.008102417
1675401906892408857,-2.4414062E-4,7.9345703E-4,-0.003616333
1675401907086514117,-0.005844116,-0.0020141602,-0.008621216
1675401907280560055,-0.0031585693,-0.003112793,0.0095825195
1675401907474671513,0.0033111572,0.0015258789,0.005432129
1675401907669199169,0.002822876,0.0053253174,-0.011062622
1675401907863361252,-0.0015869141,0.0031280518,-0.0022735596
1675401908056970211,-0.001083374,7.9345703E-4,0.008972168
1675401908251655888,4.8828125E-4,0.0015258789,4.272461E-4
1675401908445234586,9.765625E-4,0.003250122,-0.003250122
1675401908640169221,-0.0021972656,0.0021362305,-0.005569458
1675401908833793804,0.0,-0.001159668,0.0021209717
1675401909030679898,0.0012207031,-0.0015258789,0.008590698
1675401909227821929,0.0014648438,0.0014038086,-0.0041046143
1675401909416153700,3.8146973E-4,0.0010375977,-0.0074005127
1675401909609791252,-9.765625E-4,-0.0021362305,0.006652832
1675401909804425991,-0.0017089844,-0.002380371,6.1035156E-5
1675401909998364012,-0.001953125,-0.0015258789,-0.008865356
1675401910192326981,0.0010986328,-5.493164E-4,0.008850098
1675401910386589949,0.005264282,0.003112793,0.008728027
1675401910581262189,0.0014801025,0.0037384033,-0.016937256
1675401910775191199,-0.0066986084,-0.003112793,-0.006668091
1675401910968645522,-0.0038909912,-0.0060424805,0.020080566
1675401911162795939,0.0034332275,9.1552734E-4,-7.9345703E-4
1675401911357564168,0.0030670166,0.0053100586,-0.014846802
1675401911552159272,-2.4414062E-4,0.0010375977,0.00541687
1675401911745170834,-1.0681152E-4,-0.0022583008,0.0059051514
1675401911939001303,-0.0016937256,-0.002380371,-0.00642395
1675401912133007188,-0.0032806396,-0.0017700195,-1.9836426E-4
1675401912328174324,9.918213E-4,0.0016479492,0.006515503
1675401912521160834,0.0050201416,0.005203247,-0.0010528564
1675401912715911251,-1.2207031E-4,0.004333496,-0.0072784424
1675401912909416771,-0.005859375,-6.713867E-4,0.0015258789
1675401913103789219,-0.002319336,-9.1552734E-4,0.0076141357
1675401913298042344,0.002822876,0.002746582,-0.004348755
1675401913491935782,0.0045318604,0.0049438477,-0.0042266846
1675401913686004219,-2.4414062E-4,6.713867E-4,0.0045776367
1675401913880154011,2.4414062E-4,-1.8310547E-4,0.0018920898
1675401914074197813,-0.0018157959,-1.8310547E-4,-0.0056915283
1675401914268343802,-0.0036621094,-4.272461E-4,-0.0023956299
1675401914463932760,4.8828125E-4,0.0016479492,0.009216309
1675401914656572604,0.0042877197,0.005203247,0.0012664795
1675401914851047656,0.0,0.004837036,-0.0104522705
1675401915044568021,-0.0048675537,-5.493164E-4,-9.3078613E-4
1675401915238282812,-0.0020751953,-0.003479004,0.007019043
1675401915434027864,6.2561035E-4,-9.1552734E-4,-0.0011749268
1675401915626676510,4.8828125E-4,0.0021362305,-0.0010375977
1675401915820764843,0.0016021729,0.0048217773,0.007507324
1675401916015786301,0.0029449463,0.0051879883,-0.008621216
1675401916210665833,-0.004272461,-0.0012817383,-0.011184692
1675401916404378801,-0.0056152344,-0.006652832,0.01373291
1675401916597080885,0.0014801025,-0.0029907227,0.011779785
1675401916791108801,0.0062408447,0.004699707,-0.012527466
1675401916985223905,-5.950928E-4,0.0021362305,-0.010574341
1675401917179339426,-0.0041503906,-0.0040893555,0.009094238
1675401917373300884,-0.001449585,-0.0037231445,0.009460449
1675401917567109113,4.8828125E-4,0.0025024414,-0.0069122314
1675401917761271301,-3.5095215E-4,0.0044555664,-0.005935669
1675401917955451353,0.0016021729,0.002029419,0.0039520264
1675401918156226978,0.0017242432,-4.272461E-4,0.0032196045
1675401918346262915,-0.0015716553,-0.0022583008,-0.0030059814
1675401918541064113,-0.0025482178,-6.713867E-4,-3.2043457E-4
1675401918732628280,1.2207031E-4,1.8310547E-4,0.004333496
1675401918926117707,0.003189087,0.0028686523,-6.713867E-4
1675401919120512394,3.8146973E-4,0.0033569336,-0.0054473877
1675401919314166300,-0.0021972656,-5.493164E-4,-0.0012969971
1675401919508204842,-0.0013275146,-0.0033569336,0.0072631836
1675401919702745102,-3.5095215E-4,-3.0517578E-4,0.0032196045
1675401919896791769,-8.544922E-4,0.0026397705,-0.009109497
1675401920090833227,-9.613037E-4,0.0014038086,-0.003616333
1675401920284789112,6.1035156E-4,3.0517578E-4,0.0134887695
1675401920479136560,0.0013427734,0.003479004,-0.0010528564
1675401920673054581,-0.0012054443,0.0037384033,-0.01411438
1675401920867280987,-0.0029296875,-0.001159668,0.0036010742
1675401921062422445,-3.5095215E-4,-0.0016479492,0.012390137
1675401921254933956,0.002090454,0.003479004,-0.0033721924
1675401921459734633,6.1035156E-4,0.0053100586,-0.0103302
1675401921644312706,-0.001953125,5.493164E-4,-4.4250488E-4
1675401921837264633,-0.0025482178,-0.002746582,0.008834839
1675401922031814945,-4.8828125E-4,0.0010375977,0.0040893555
1675401922226035726,0.002090454,0.005432129,-0.008743286
1675401922421356455,8.69751E-4,0.0033569336,-0.0045928955
