1675401832050702688
1675401832090917427
1675401832110855292
1675401832158111281
1675401832210839406
1675401832250970604
1675401832290245135
1675401832351016438
1675401832389866958
1675401832429885760
1675401832470172479
1675401832519636437
1675401832569859302
1675401832609965083
1675401832649907427
1675401832683517740
1675401832730389406
1675401832774043677
1675401832821432271
1675401832854167323
1675401832910510031
1675401832950224146
1675401833001514198
1675401833030862739
1675401833090668104
1675401833130994458
1675401833156854354
1675401833210465968
1675401833250948468
1675401833290353677
1675401833350715968
1675401833390568312
1675401833410578364
1675401833477777479
1675401833511393156
1675401833550442427
1675401833610346802
1675401833650794354
1675401833690849927
1675401833731522166
1675401833790476958
1675401833830791437
1675401833870687687
1675401833910759666
1675401833950960916
1675401833999811385
1675401834050771020
1675401834074074718
1675401834120728312
1675401834174782791
1675401834210767947
1675401834250754353
1675401834310464406
1675401834330849822
1675401834390808208
1675401834430570031
1675401834470811176
1675401834510610291
1675401834551331541
1675401834591231020
1675401834651380343
1675401834691655499
1675401834730601489
1675401834790469301
1675401834818431749
1675401834858535187
1675401834892347426
1675401834957963468
1675401834990577634
1675401835030223676
1675401835090624197
1675401835131734509
1675401835170881593
1675401835213501072
1675401835270519978
1675401835310605707
1675401835350857009
1675401835390474301
1675401835430550811
1675401835480472634
1675401835514464509
1675401835550626020
1675401835614462165
1675401835650437165
1675401835690576593
1675401835750449145
1675401835770619092
1675401835810440915
1675401835870473832
1675401835891169874
1675401835951166280
1675401835990565863
1675401836030642790
1675401836090490290
1675401836130090499
1675401836157711540
1675401836210531488
1675401836257821540
1675401836291433467
1675401836350315603
1675401836390477999
1675401836430249978
1675401836478632634
1675401836530353103
1675401836570411905
1675401836612500498
1675401836653508207
1675401836694033467
1675401836750661384
1675401836790258415
1675401836830215082
1675401836857876696
1675401836890464040
1675401836954853884
1675401836990453050
1675401837050631748
1675401837075667321
1675401837130414665
1675401837170800238
1675401837210874040
1675401837251298415
1675401837297510602
1675401837330747009
1675401837391050550
1675401837430868102
1675401837470108936
1675401837530256436
1675401837569942321
1675401837598316175
1675401837650100186
1675401837690164925
1675401837732449092
1675401837777307269
1675401837830106488
1675401837870440446
1675401837917383935
1675401837970205602
1675401838010218779
1675401838050223727
1675401838093880550
1675401838133495290
1675401838170336852
1675401838230389248
1675401838261297998
1675401838294382373
1675401838350475550
1675401838381064144
1675401838430644248
1675401838475074716
1675401838510731435
1675401838556152633
1675401838610367060
1675401838650358206
1675401838691385810
1675401838730616748
1675401838770939508
1675401838831161435
1675401838870631435
1675401838910498935
1675401838957503414
1675401838991170862
1675401839030426800
1675401839091706175
1675401839130692425
1675401839170665497
1675401839230391904
1675401839270651487
1675401839310429143
1675401839350651174
1675401839400066279
1675401839450941331
1675401839490377789
1675401839531014768
1675401839574168518
1675401839610822633
1675401839654307893
1675401839690224091
1675401839734992997
1675401839790370758
1675401839810789560
1675401839870139768
1675401839915391278
1675401839950656955
1675401839990438883
1675401840050573049
1675401840077235185
1675401840130868257
1675401840170973153
1675401840210679768
1675401840270533101
1675401840310980237
1675401840331191643
1675401840398182841
1675401840431618830
1675401840477764507
1675401840518380080
1675401840570278986
1675401840610656434
1675401840651828257
1675401840710499716
1675401840750318205
1675401840790518570
1675401840830603205
1675401840880682945
1675401840910798205
1675401840970246643
1675401841010204455
1675401841041240549
1675401841090234976
1675401841150467580
1675401841174459351
1675401841210104663
1675401841250555861
1675401841292326851
1675401841350146486
1675401841390661017
1675401841430761799
1675401841470416642
1675401841516572736
1675401841570224351
1675401841610739194
1675401841650548882
1675401841709940913
1675401841737922528
1675401841771577163
1675401841829950444
1675401841871561173
1675401841910129663
1675401841970266851
1675401842010294559
1675401842050287163
1675401842092660548
1675401842150345965
1675401842190329038
1675401842230330653
1675401842270562371
1675401842310781486
1675401842360166746
1675401842410103048
1675401842434652111
1675401842470138152
1675401842535091434
1675401842555154559
1675401842610189246
1675401842661605809
1675401842690427111
1675401842730505652
1675401842789973361
1675401842830524298
1675401842870728517
1675401842910563621
1675401842950779611
1675401843010510392
1675401843050459454
1675401843090537111
1675401843130198829
1675401843179013777
1675401843211817735
1675401843270005131
1675401843310339663
1675401843350233152
1675401843410444767
1675401843450157006
1675401843492417267
1675401843530071694
1675401843573852735
1675401843630189194
1675401843670161954
1675401843710397944
1675401843750598464
1675401843790841381
1675401843830501537
1675401843890766850
1675401843910470652
1675401843970142058
1675401843995385964
1675401844036377006
1675401844090600339
1675401844130043100
1675401844170904037
1675401844210867266
1675401844251038464
1675401844310811485
1675401844350894923
1675401844390750495
1675401844449950235
1675401844490779558
1675401844518534870
1675401844571752475
1675401844610591589
1675401844652489766
1675401844710482058
1675401844750304141
1675401844798686849
1675401844830818412
1675401844889978204
1675401844930246954
1675401844973178776
1675401845013898881
1675401845054022891
1675401845110693829
1675401845150275183
1675401845190324974
1675401845215046068
1675401845270199245
1675401845330243047
1675401845350472891
1675401845410310755
1675401845430793880
1675401845476143412
1675401845530401693
1675401845570494037
1675401845610596849
1675401845650786485
1675401845690848620
1675401845750730651
1675401845790802057
1675401845830498359
1675401845890259557
1675401845911600703
1675401845958471328
1675401846012218880
1675401846050958307
1675401846090109714
1675401846150809766
1675401846190284714
1675401846230836589
1675401846279266953
1675401846330265755
1675401846370019609
1675401846410789713
1675401846454298047
1675401846494557526
1675401846529931015
1675401846570298932
1675401846630561015
1675401846655345338
1675401846710352578
1675401846730339974
1675401846810445338
1675401846830528047
1675401846870490807
1675401846916472526
1675401846956171224
1675401847010693828
1675401847050949036
1675401847090714088
1675401847130553671
1675401847190602369
1675401847230067578
1675401847270250494
1675401847318764505
1675401847352092005
1675401847390257682
1675401847452869244
1675401847490273828
1675401847530066953
1675401847590295338
1675401847630336744
1675401847670572786
1675401847710452525
1675401847761210755
1675401847810583880
1675401847850599973
1675401847891137421
1675401847934794609
1675401847970572265
1675401848010522890
1675401848070529244
1675401848095839609
1675401848150043723
1675401848170946588
1675401848210805025
1675401848270250234
1675401848310071119
1675401848350907942
1675401848397024088
1675401848437656900
1675401848490588671
1675401848530628150
1675401848571489556
1675401848630127473
1675401848670428306
1675401848691838463
1675401848758840754
1675401848792679660
1675401848830219348
1675401848890177473
1675401848930919712
1675401848970180025
1675401849013108567
1675401849069922837
1675401849110122473
1675401849149987889
1675401849191283983
1675401849241290494
1675401849290130233
1675401849310131171
1675401849370804973
1675401849402227160
1675401849450428827
1675401849510230494
1675401849550358306
1675401849570052785
1675401849610606327
1675401849650847421
1675401849690637681
1675401849749915962
1675401849790488045
1675401849830989868
1675401849877765858
1675401849930935650
1675401849971653722
1675401850010508618
1675401850070342837
1675401850098759764
1675401850133466952
1675401850170039712
1675401850232614243
1675401850269977472
1675401850330019972
1675401850370455441
1675401850410090441
1675401850453228566
1675401850510225806
1675401850550203774
1675401850589925962
1675401850630674556
1675401850670530545
1675401850721546691
1675401850749977524
1675401850810578201
1675401850830283149
1675401850890163618
1675401850916192264
1675401850990534139
1675401851010202628
1675401851050591430
1675401851090549972
1675401851131108566
1675401851190100701
1675401851237516639
1675401851290525389
1675401851330273097
1675401851371615805
1675401851411448462
1675401851450169243
1675401851492591482
1675401851539910545
1675401851572878253
1675401851630258826
1675401851670616691
1675401851719615545
1675401851750515388
1675401851810519868
1675401851850349555
1675401851890076743
1675401851934228409
1675401851971063201
1675401852015561222
1675401852051375232
1675401852110440440
1675401852150076430
1675401852190095545
1675401852250392472
1675401852290242420
1675401852310554867
1675401852356516274
1675401852396473305
1675401852450239555
1675401852491001847
1675401852530753982
1675401852570815024
1675401852611066378
1675401852678478721
1675401852717910232
1675401852770181638
1675401852810371326
1675401852850314763
1675401852880714451
1675401852930032055
1675401852972527315
1675401853019707888
1675401853053009555
1675401853110362888
1675401853150995909
1675401853193414919
1675401853251071534
1675401853291707732
1675401853333208877
1675401853374578877
1675401853410738513
1675401853450951534
1675401853491473513
1675401853550035440
1675401853576991690
1675401853630164034
1675401853690268721
1675401853730138044
1675401853750612523
1675401853790450075
1675401853851684346
1675401853890042054
1675401853930195908
1675401853990093252
1675401854030339033
1675401854070365856
1675401854110726117
1675401854159962315
1675401854189876273
1675401854249740075
1675401854272373877
1675401854327331585
1675401854370129971
1675401854412937419
1675401854450496950
1675401854493977002
1675401854550438304
1675401854590175492
1675401854631999971
1675401854690452106
1675401854730309971
1675401854770337158
1675401854795745127
1675401854852108512
1675401854890830491
1675401854935671794
1675401854990312262
1675401855030693981
1675401855051790387
1675401855090378981
1675401855170178668
1675401855190692731
1675401855230855804
1675401855270780908
1675401855317706585
1675401855371462627
1675401855411398408
1675401855458066272
1675401855491976064
1675401855550701064
1675401855591755022
1675401855632016585
1675401855679286168
1675401855718834033
1675401855750755231
1675401855812901481
1675401855853545074
1675401855889868408
1675401855930679449
1675401855990254658
1675401856030371585
1675401856070682053
1675401856111344970
1675401856155734397
1675401856190598720
1675401856242023408
1675401856290359814
1675401856330576689
1675401856361298772
1675401856430234345
1675401856470483616
1675401856490411637
1675401856530540855
1675401856570469137
1675401856630546220
1675401856670553251
1675401856731922834
1675401856769697522
1675401856810465387
1675401856854150022
1675401856890163564
1675401856932390543
1675401856990718407
1675401857030226845
1675401857053227730
1675401857119744761
1675401857159426376
1675401857190211897
1675401857249814709
1675401857289822001
1675401857330353459
1675401857373178616
1675401857430598876
1675401857469591324
1675401857510221220
1675401857534494813
1675401857595344865
1675401857635176897
1675401857669921428
1675401857730253667
1675401857770249084
1675401857807811688
1675401857870400803
1675401857909882626
1675401857930534917
1675401857970087001
1675401858010767313
1675401858050587417
1675401858111962261
1675401858170483094
1675401858209933615
1675401858250153980
1675401858292103303
1675401858332811323
1675401858370096948
1675401858430041844
1675401858461862626
1675401858493293146
1675401858550457261
1675401858600353094
1675401858633664084
1675401858670323563
1675401858729905907
1675401858771598459
1675401858810256427
1675401858850723459
1675401858891237625
1675401858937262677
1675401858970712521
1675401859030032782
1675401859070477261
1675401859110276948
1675401859169718719
1675401859209846219
1675401859236690021
1675401859277031323
1675401859350532573
1675401859370369031
1675401859410497833
1675401859470134292
1675401859510928146
1675401859550791323
1675401859598441688
1675401859650158406
1675401859690466531
1675401859732193979
1675401859770169083
1675401859810538823
1675401859849999083
1675401859902867104
1675401859940043042
1675401859973617000
1675401860030078979
1675401860070549969
1675401860109854812
1675401860169821792
1675401860210200281
1675401860250256479
1675401860275664969
1675401860330579396
1675401860373691531
1675401860410651896
1675401860470206427
1675401860510771218
1675401860543885489
1675401860609737156
1675401860650321375
1675401860670368823
1675401860717456270
1675401860757268875
1675401860810539916
1675401860850351739
1675401860909704135
1675401860950438354
1675401860990141479
1675401861030240697
1675401861072574968
1675401861111934968
1675401861169735177
1675401861210063666
1675401861239547677
1675401861293208979
1675401861332740958
1675401861379904812
1675401861413488562
1675401861469659447
1675401861511694760
1675401861554631635
1675401861590658770
1675401861649899916
1675401861689923978
1675401861727285437
1675401861770984968
1675401861810628353
1675401861850335489
1675401861910584239
1675401861950288718
1675401861970054499
1675401862049611582
1675401862089991687
1675401862110558197
1675401862149824916
1675401862209809968
1675401862249988666
1675401862290763509
1675401862349967364
1675401862390231478
1675401862430523666
1675401862470106114
1675401862510520124
1675401862552541791
1675401862609870593
1675401862638983561
1675401862681979447
1675401862729620957
1675401862770298249
1675401862813985593
1675401862849839707
1675401862909708197
1675401862950541270
1675401862990105593
1675401863030309707
1675401863074699082
1675401863110048040
1675401863150933770
1675401863210135592
1675401863249629030
1675401863290780644
1675401863350099082
1675401863390500749
1675401863409852155
1675401863450173353
1675401863530120957
1675401863550174707
1675401863590447988
1675401863649962051
1675401863689595124
1675401863730576113
1675401863772146009
1675401863829894238
1675401863869881946
1675401863910331686
1675401863950185800
1675401863992618613
1675401864039260019
1675401864079191946
1675401864111618092
1675401864173923040
1675401864209776009
1675401864253109707
1675401864289782675
1675401864331135957
1675401864390081425
1675401864431694498
1675401864450950175
1675401864510707102
1675401864552250800
1675401864590791634
1675401864649614654
1675401864689550800
1675401864716156842
1675401864789963717
1675401864830151998
1675401864850152727
1675401864890185904
1675401864950531738
1675401864991277675
1675401865037914133
1675401865089671477
1675401865129614967
1675401865170420800
1675401865213843977
1675401865249963196
1675401865289822935
1675401865349644967
1675401865390106112
1675401865414221581
1675401865466933873
1675401865519912623
1675401865555815383
1675401865590666633
1675401865649791581
1675401865693635800
1675401865729638508
1675401865770353873
1675401865829588508
1675401865869448716
1675401865895184133
1675401865950890591
1675401865990905591
1675401866030234393
1675401866089614966
1675401866129566737
1675401866157792779
1675401866229932831
1675401866269537102
1675401866290514133
1675401866331497570
1675401866390261008
1675401866430718039
1675401866477311841
1675401866529547102
1675401866569764081
1675401866590632310
1675401866652251841
1675401866689960904
1675401866729915695
1675401866789927258
1675401866822514237
1675401866853442101
1675401866909672258
1675401866960835383
1675401866994280122
1675401867029834445
1675401867069587466
1675401867131664185
1675401867171841528
1675401867209731216
1675401867250201060
1675401867295298351
1675401867329916580
1675401867390277153
1675401867429772778
1675401867475561893
1675401867529528976
1675401867569675330
1675401867597549497
1675401867637290487
1675401867690020539
1675401867729540487
1675401867771881841
1675401867829970903
1675401867869425382
1675401867909767309
1675401867958545174
1675401868009511216
1675401868049618091
1675401868089764288
1675401868132735747
1675401868169593195
1675401868213727466
1675401868259678872
1675401868293699028
1675401868349622674
1675401868389540018
1675401868429544184
1675401868490294445
1675401868510778507
1675401868569944965
1675401868609914705
1675401868636265278
1675401868689596320
1675401868730808090
1675401868772140694
1675401868830951111
1675401868869674184
1675401868889592517
1675401868970162361
1675401869010533611
1675401869030110799
1675401869076847049
1675401869131246944
1675401869171815903
1675401869212053976
1675401869269354601
1675401869309609601
1675401869350168455
1675401869392371007
1675401869440044392
1675401869489561892
1675401869529757517
1675401869570301580
1675401869603761892
1675401869649335382
1675401869689516684
1675401869737920173
1675401869777383715
1675401869810597934
1675401869869333038
1675401869909663402
1675401869950451059
1675401870009590486
1675401870049825121
1675401870076380798
1675401870129981163
1675401870170652048
1675401870209656892
1675401870269624496
1675401870309695017
1675401870330133975
1675401870396616631
1675401870430494548
1675401870470343194
1675401870509556319
1675401870569739704
1675401870609568767
1675401870649424808
1675401870709911162
1675401870749915017
1675401870789883194
1675401870829915381
1675401870870019652
1675401870909729600
1675401870970169912
1675401870993439704
1675401871030036371
1675401871093662985
1675401871130093767
1675401871169793350
1675401871229592308
1675401871249361110
1675401871309802360
1675401871353598089
1675401871389957673
1675401871430243089
1675401871470133506
1675401871510341058
1675401871570178350
1675401871610878245
1675401871649693089
1675401871689599860
1675401871737315225
1675401871771674443
1675401871829801839
1675401871871163037
1675401871917011214
1675401871949779547
1675401872009788089
1675401872049691683
1675401872089400016
1675401872132268818
1675401872170098558
1675401872215148141
1675401872270341162
1675401872309586943
1675401872349596631
1675401872401310172
1675401872440408558
1675401872473436266
1675401872520141578
1675401872554832099
1675401872611539808
1675401872649613506
1675401872689825224
1675401872729787464
1675401872789541422
1675401872810468349
1675401872869569026
1675401872909853037
1675401872950766214
1675401873010411735
1675401873049425485
1675401873076521630
1675401873129378089
1675401873170422412
1675401873217565953
1675401873250748141
1675401873309405432
1675401873351666370
1675401873389660120
1675401873449906214
1675401873489330432
1675401873529439026
1675401873573542932
1675401873613175328
1675401873650439130
1675401873709326318
1675401873750600849
1675401873774458036
1675401873829626422
1675401873873864026
1675401873920379755
1675401873949487255
1675401873996171422
1675401874050001526
1675401874089401005
1675401874130135484
1675401874190129599
1675401874229886578
1675401874249950432
1675401874309829651
1675401874349832672
1675401874389658349
1675401874449574182
1675401874470155588
1675401874517925171
1675401874570798036
1675401874611218765
1675401874657409078
1675401874691152984
1675401874749400119
1675401874789400380
1675401874829782776
1675401874889422463
1675401874929422463
1675401874969820015
1675401875013425067
1675401875054357255
1675401875089912463
1675401875149353505
1675401875184754182
1675401875215243088
1675401875269950692
1675401875289340744
1675401875360784286
1675401875391444911
1675401875429637202
1675401875475060432
1675401875529321109
1675401875570598869
1675401875609658661
1675401875650598452
1675401875689457931
1675401875749862723
1675401875789910952
1675401875830437202
1675401875877161108
1675401875916823036
1675401875950547775
1675401875997551265
1675401876050879025
1675401876090675796
1675401876129448244
1675401876189363244
1675401876229917827
1675401876270514233
1675401876318961994
1675401876352873400
1675401876393669962
1675401876449892879
1675401876489332358
1675401876529431264
1675401876570691942
1675401876612579025
1675401876658120327
1675401876696275483
1675401876729530171
1675401876793373973
1675401876831104598
1675401876869967566
1675401876909722150
1675401876955287358
1675401876997334337
1675401877050279806
1675401877089565795
1675401877129935848
1675401877189775170
1675401877230326993
1675401877250831316
1675401877317338660
1675401877350992775
1675401877398151316
1675401877430844754
1675401877491109858
1675401877529453347
1675401877570030379
1675401877630728868
1675401877670120639
1675401877709217149
1675401877749795066
1675401877800709806
1675401877850662097
1675401877889413295
1675401877929308608
1675401877960672566
1675401878010555483
1675401878070247878
1675401878093723556
1675401878136195483
1675401878170568139
1675401878210680378
1675401878269936941
1675401878309623139
1675401878356253764
1675401878390801732
1675401878437476368
1675401878489558764
1675401878529648607
1675401878571262045
1675401878630800951
1675401878657826993
1675401878691111680
1675401878749402982
1675401878792378086
1675401878831637618
1675401878889270534
1675401878931246107
1675401878970141628
1675401879009719024
1675401879069305378
1675401879109242930
1675401879149866263
1675401879190919805
1675401879232280274
1675401879273898399
1675401879309536472
1675401879369756888
1675401879400518347
1675401879434709024
1675401879474262617
1675401879549526055
1675401879571613347
1675401879610673815
1675401879670091836
1675401879709303034
1675401879749561472
1675401879796767617
1675401879830167461
1675401879870123294
1675401879930218607
1675401879969907721
1675401880011305117
1675401880051907617
1675401880097654753
1675401880132163398
1675401880176764388
1675401880229665951
1675401880271558815
1675401880309421523
1675401880369606523
1675401880412657253
1675401880450156732
1675401880492952721
1675401880530068034
1675401880574096002
1675401880630198346
1675401880669375377
1675401880709338971
1675401880760683346
1675401880810429388
1675401880840889804
1675401880870119232
1675401880914905898
1675401880955057357
1675401881011636106
1675401881050233138
1675401881089986002
1675401881129584127
1675401881170359752
1675401881231034336
1675401881270329752
1675401881309884700
1675401881369432461
1675401881409710065
1675401881439606627
1675401881490142669
1675401881530821888
1675401881572698398
1675401881630785533
1675401881670051575
1675401881709251315
1675401881749446523
1675401881809298867
1675401881850624179
1675401881889142356
1675401881933362252
1675401881969972669
1675401882010774387
1675401882052421367
1675401882109276575
1675401882138293450
1675401882170096523
1675401882249906887
1675401882289204700
1675401882321122773
1675401882349611939
1675401882402438918
1675401882436684335
1675401882489227929
1675401882542391575
1675401882577063450
1675401882630382877
1675401882670142148
1675401882710739231
1675401882750053085
1675401882810273970
1675401882831966627
1675401882880499960
1675401882932381158
1675401882971678189
1675401883009751731
1675401883052657720
1675401883109694179
1675401883149388189
1675401883189646887
1675401883249867408
1675401883289628658
1675401883310228085
1675401883374042981
1675401883410992095
1675401883450344074
1675401883491466626
1675401883549602251
1675401883579380949
1675401883617531158
1675401883650709960
1675401883730536939
1675401883761607199
1675401883791306158
1675401883831670012
1675401883876905168
1675401883930566522
1675401883969772095
1675401884010263241
1675401884051308709
1675401884111290793
1675401884149402928
1675401884189932772
1675401884237952251
1675401884277691366
1675401884311713970
1675401884371780168
1675401884411881522
1675401884450110168
1675401884490156678
1675401884550438241
1675401884590319386
1675401884630337668
1675401884680311938
1675401884716128657
1675401884750721261
1675401884790874490
1675401884849796365
1675401884892686834
1675401884915309022
1675401884989395636
1675401885029897824
1675401885050679803
1675401885090285949
1675401885131834386
1675401885190230740
1675401885230248344
1675401885269884178
1675401885316726365
1675401885357623136
1675401885410534074
1675401885450378501
1675401885509644282
1675401885549741938
1675401885589736365
1675401885611276105
1675401885678892303
1675401885713874803
1675401885750735532
1675401885809530740
1675401885852269698
1675401885890224959
1675401885930050584
1675401885989329282
1675401886029419386
1675401886069954438
1675401886112552719
1675401886154683032
1675401886194930011
1675401886243240427
1675401886289785115
1675401886332822250
1675401886355762042
1675401886430185271
1675401886470171417
1675401886490841521
1675401886530408813
1675401886589424438
1675401886630628865
1675401886670526521
1675401886709573552
1675401886749732042
1675401886797233708
1675401886852070896
1675401886890843292
1675401886929275219
1675401886989430167
1675401887019713396
1675401887058312302
1675401887109067979
1675401887158220115
1675401887192183760
1675401887230463396
1675401887289883344
1675401887332234958
1675401887369262562
1675401887429240792
1675401887470387979
1675401887509039854
1675401887533938969
1675401887589962979
1675401887629759073
1675401887669720531
1675401887729227250
1675401887769682875
1675401887807032510
1675401887836384750
1675401887909692718
1675401887930268968
1675401887970238187
1675401888010167145
1675401888050024385
1675401888110497198
1675401888157044073
1675401888209438552
1675401888249780062
1675401888292752406
1675401888332488135
1675401888369677197
1675401888411649593
1675401888459198291
1675401888494189177
1675401888550731208
1675401888590266312
1675401888638921051
1675401888669383135
1675401888729519801
1675401888769288864
1675401888809676781
1675401888854374124
1675401888890472406
1675401888940994489
1675401888976119176
1675401889029679385
1675401889069669645
1675401889109259124
1675401889169293760
1675401889210031364
1675401889241566260
1675401889276532353
1675401889316869124
1675401889369387666
1675401889410194801
1675401889449910166
1675401889490010426
1675401889531114749
1675401889597192718
1675401889631177041
1675401889670172874
1675401889731192614
1675401889771185426
1675401889798430947
1675401889851894749
1675401889891883395
1675401889932665738
1675401889978689228
1675401890029424905
1675401890069604072
1675401890110545426
1675401890169986884
1675401890209412978
1675401890251210790
1675401890275235947
1675401890329934072
1675401890370518290
1675401890414699280
1675401890471180426
1675401890511655842
1675401890530488707
1675401890609423030
1675401890649841415
1675401890669755113
1675401890710962405
1675401890757488967
1675401890796207457
1675401890849698134
1675401890911107509
1675401890949605217
1675401890989145634
1675401891029885582
1675401891071596415
1675401891111951832
1675401891169184071
1675401891198128967
1675401891241314800
1675401891289205530
1675401891332334696
1675401891370142769
1675401891420042978
1675401891469731780
1675401891510167769
1675401891550110842
1675401891609205634
1675401891649378394
1675401891688964384
1675401891714160790
1675401891771044800
1675401891809923186
1675401891850898238
1675401891909175373
1675401891949403654
1675401891970177040
1675401892011068394
1675401892089018759
1675401892109353186
1675401892150401779
1675401892209451311
1675401892249909956
1675401892289704019
1675401892330511363
1675401892369828029
1675401892412387977
1675401892470863394
1675401892508951623
1675401892549385842
1675401892578302665
1675401892638584487
1675401892670144123
1675401892732305321
1675401892769137664
1675401892812601831
1675401892849590373
1675401892910253133
1675401892949228498
1675401892990852508
1675401893010030164
1675401893074264123
1675401893110384852
1675401893150814331
1675401893209269018
1675401893249721727
1675401893287523810
1675401893349529227
1675401893389597039
1675401893409449227
1675401893449574591
1675401893489552925
1675401893552439227
1675401893589210373
1675401893649128550
1675401893689793497
1675401893729778393
1675401893771358550
1675401893809913029
1675401893851631414
1675401893910057299
1675401893950984643
1675401893973749904
1675401894038841154
1675401894078909122
1675401894112765997
1675401894149932299
1675401894212740268
1675401894249544643
1675401894289974383
1675401894349457091
1675401894389996049
1675401894429795424
1675401894450215320
1675401894509823393
1675401894549967560
1675401894590134695
1675401894649442091
1675401894689647612
1675401894717159799
1675401894789260789
1675401894829836362
1675401894850263810
1675401894889490685
1675401894949430528
1675401894989269955
1675401895029954330
1675401895089386726
1675401895129869330
1675401895169579695
1675401895211859018
1675401895250009695
1675401895291379278
1675401895349807716
1675401895381730684
1675401895419101153
1675401895469261830
1675401895519308445
1675401895551240424
1675401895593736674
1675401895649353913
1675401895690116465
1675401895729948757
1675401895769942976
1675401895809556413
1675401895857936465
1675401895890260528
1675401895950021570
1675401895989043132
1675401896029526674
1675401896089812247
1675401896115995215
1675401896157082038
1675401896197340424
1675401896250589694
1675401896289607246
1675401896330135944
1675401896391173549
1675401896430255163
1675401896469334278
1675401896517921257
1675401896551502663
1675401896593043236
1675401896649425111
1675401896689009017
1675401896729243705
1675401896769329642
1675401896822830423
1675401896859244955
1675401896892283600
1675401896949643027
1675401896999617767
1675401897029188444
1675401897088927038
1675401897129016309
1675401897170385996
1675401897197007871
1675401897249691569
1675401897289439382
1675401897329745319
1675401897390036256
1675401897429318600
1675401897462692298
1675401897529139746
1675401897569251777
1675401897589698965
1675401897636318131
1675401897689257611
1675401897729317402
1675401897769086986
1675401897829322975
1675401897869453288
1675401897909608913
1675401897949432038
1675401897998377194
1675401898031364902
1675401898089048079
1675401898131420215
1675401898160583131
1675401898212311777
1675401898252320527
1675401898293908339
1675401898349164954
1675401898390180475
1675401898430269069
1675401898480707194
1675401898509402819
1675401898569432141
1675401898609628548
1675401898635321933
1675401898689692818
1675401898729980214
1675401898769633391
1675401898829648027
1675401898869330266
1675401898889609537
1675401898969392402
1675401899009396152
1675401899029128027
1675401899069660162
1675401899129649902
1675401899169700214
1675401899210147870
1675401899269385735
1675401899309600214
1675401899349682766
1675401899389741724
1675401899430217506
1675401899472340735
1675401899529938547
1675401899553211516
1675401899599351985
1675401899652997089
1675401899689637089
1675401899730483860
1675401899788983443
1675401899809076985
1675401899869270110
1675401899909399797
1675401899949119849
1675401899990126828
1675401900029333808
1675401900069731099
1675401900130540058
1675401900169745474
1675401900209931724
1675401900269108182
1675401900309453964
1675401900330563078
1675401900370017349
1675401900430608859
1675401900469644224
1675401900529717870
1675401900569713651
1675401900609500318
1675401900650878859
1675401900691864745
1675401900749231516
1675401900789615839
1675401900829803339
1675401900869690891
1675401900909393026
1675401900959894172
1675401900993021151
1675401901029448963
1675401901093938234
1675401901129450890
1675401901169426776
1675401901229501984
1675401901249801307
1675401901308968755
1675401901349749015
1675401901370086567
1675401901430598026
1675401901469721255
1675401901510107349
1675401901569571151
1675401901610122297
1675401901636497869
1675401901709090526
1675401901749304901
1675401901770210421
1675401901810069484
1675401901869244536
1675401901908904796
1675401901950461567
1675401902009610265
1675401902049314692
1675401902090589015
1675401902131851932
1675401902172084275
1675401902229619067
1675401902269580213
1675401902309055994
1675401902332741880
1675401902399365265
1675401902433956827
1675401902469126619
1675401902529075473
1675401902553572244
1675401902609511723
1675401902649700421
1675401902689776619
1675401902729967504
1675401902775816098
1675401902810060629
1675401902869655786
1675401902909874796
1675401902949753077
1675401903008996827
1675401903048868390
1675401903076619275
1675401903129398494
1675401903169855629
1675401903216691358
1675401903250201671
1675401903308802556
1675401903348832088
1675401903390281046
1675401903448840369
1675401903489181515
1675401903528994900
1675401903572749379
1675401903612472712
1675401903649641931
1675401903708945473
1675401903742533285
1675401903779251462
1675401903829249275
1675401903873354119
1675401903909269431
1675401903969532608
1675401903989187035
1675401904049120108
1675401904089170629
1675401904129407556
1675401904169665525
1675401904215381254
1675401904249547452
1675401904309591410
1675401904349059483
1675401904389496254
1675401904449184795
1675401904489300160
1675401904516251931
1675401904556699327
1675401904609064275
1675401904649949431
1675401904696089222
1675401904749168077
1675401904789150316
1675401904829259379
1675401904878786722
1675401904929344535
1675401904969162660
1675401905009635629
1675401905052456462
1675401905089167191
1675401905133192764
1675401905169168806
1675401905213732712
1675401905269037972
1675401905289535212
1675401905349537087
1675401905394128337
1675401905429308962
1675401905469479535
1675401905529168128
1675401905555772399
1675401905609731722
1675401905649477660
1675401905689806670
1675401905749127607
1675401905789271618
1675401905809562191
1675401905876935993
1675401905910274743
1675401905949163337
1675401906010614639
1675401906049262555
1675401906089187868
1675401906130381982
1675401906189655159
1675401906229578649
1675401906269033857
1675401906309664482
1675401906359459013
1675401906409501878
1675401906449616566
1675401906488983857
1675401906519927868
1675401906573420368
1675401906609430472
1675401906653524118
1675401906709212972
1675401906729313545
1675401906789636982
1675401906834953492
1675401906868873545
1675401906909286722
1675401906949475836
1675401906995919065
1675401907049599534
1675401907089127555
1675401907128968857
1675401907189563909
1675401907229439326
1675401907250102138
1675401907309004951
1675401907350616305
1675401907389665263
1675401907449563232
1675401907490045471
1675401907529120003
1675401907570799586
1675401907629565367
1675401907669272138
1675401907709592086
1675401907749698232
1675401907790062971
1675401907839061200
1675401907889604586
1675401907913497815
1675401907949165784
1675401908009267763
1675401908033846513
1675401908089592398
1675401908140608752
1675401908169515784
1675401908209556669
1675401908269215315
1675401908309450211
1675401908349884846
1675401908390422919
1675401908429881721
1675401908489803388
1675401908529361929
1675401908569530471
1675401908609678127
1675401908656840002
1675401908690461773
1675401908749292502
1675401908790319742
1675401908830043908
1675401908889284690
1675401908929830888
1675401908969556044
1675401909011502710
1675401909052401669
1675401909109287554
1675401909149289481
1675401909189878960
1675401909229454169
1675401909269585783
1675401909320704794
1675401909354020575
1675401909389506877
1675401909449514325
1675401909474200627
1675401909529265002
1675401909569314533
1675401909609603960
1675401909649509221
1675401909709419793
1675401909730212346
1675401909789874429
1675401909829520418
1675401909870036356
1675401909929281304
1675401909969352814
1675401909997330887
1675401910049636564
1675401910089584429
1675401910130945835
1675401910189599481
1675401910229573647
1675401910269251824
1675401910317882293
1675401910369496147
1675401910409308804
1675401910452319637
1675401910493130262
1675401910532902449
1675401910589569220
1675401910629678960
1675401910669254793
1675401910693916095
1675401910749542449
1675401910809550314
1675401910829648908
1675401910889247606
1675401910914620314
1675401910955417553
1675401911008817814
1675401911049577137
1675401911089824949
1675401911129919585
1675401911169671043
1675401911230045835
1675401911269932501
1675401911309512814
1675401911369543959
1675401911390199168
1675401911437786668
1675401911490210209
1675401911528953178
1675401911569406980
1675401911629671303
1675401911669221772
1675401911708927136
1675401911757445470
1675401911809482553
1675401911849886876
1675401911888980834
1675401911932583334
1675401911972673022
1675401912009632761
1675401912069660730
1675401912099949949
1675401912133461355
1675401912189073074
1675401912209013282
1675401912269165261
1675401912313879220
1675401912348950678
1675401912394603022
1675401912449890105
1675401912488921980
1675401912529161824
1675401912569083542
1675401912609179532
1675401912669288699
1675401912709437813
1675401912756970678
1675401912797727344
1675401912836818074
1675401912869285157
1675401912931093230
1675401912969256146
1675401913009504323
1675401913068855365
1675401913109368230
1675401913149509896
1675401913189180105
1675401913240217032
1675401913289152553
1675401913329070886
1675401913369278542
1675401913413597657
1675401913449390886
1675401913489524532
1675401913549512709
1675401913574360000
1675401913629461511
1675401913649326094
1675401913689651771
1675401913749224011
1675401913789618021
1675401913829726459
1675401913876075261
1675401913916145104
1675401913969942344
1675401914009896198
1675401914049743646
1675401914109220990
1675401914149264531
1675401914170920729
1675401914237651823
1675401914271195156
1675401914309287865
1675401914368768333
1675401914411026562
1675401914449165885
1675401914489614479
1675401914549190052
1675401914589356979
1675401914629077760
1675401914669721927
1675401914719890156
1675401914769213542
1675401914809645885
1675401914848987344
1675401914880943177
1675401914929088906
1675401914988860677
1675401915009308021
1675401915069204010
1675401915089384531
1675401915129791666
1675401915181683177
1675401915228708958
1675401915269788229
1675401915309629218
1675401915356468593
1675401915409502552
1675401915449266093
1675401915489295260
1675401915548929791
1675401915577419687
1675401915610539218
1675401915669314791
1675401915711267135
1675401915749073072
1675401915808808385
1675401915849271458
1675401915889115729
1675401915932127916
1675401915989053020
1675401916028920416
1675401916069122968
1675401916109399687
1675401916148906718
1675401916199841822
1675401916228883801
1675401916288881666
1675401916309059739
1675401916369444739
1675401916394514999
1675401916469304895
1675401916489247655
1675401916528970520
1675401916569512603
1675401916609576249
1675401916669296926
1675401916709126041
1675401916749364947
1675401916789609010
1675401916850523280
1675401916889681457
1675401916929057551
1675401916970221926
1675401917017516770
1675401917052695311
1675401917089130728
1675401917148940832
1675401917188767603
1675401917248933957
1675401917289090416
1675401917331209947
1675401917368835363
1675401917413026770
1675401917468859426
1675401917508934686
1675401917548977603
1675401917588868384
1675401917629112968
1675401917668992238
1675401917728952082
1675401917769369895
1675401917801364217
1675401917834994061
1675401917875101040
1675401917929269478
1675401917969107447
1675401918009737551
1675401918049826978
1675401918090323176
1675401918156768905
1675401918190354269
1675401918229173280
1675401918289777238
1675401918330178332
1675401918365236561
1675401918408991613
1675401918451389009
1675401918491886613
1675401918549032290
1675401918589097811
1675401918628818228
1675401918668957134
1675401918728937967
1675401918769232602
1675401918808842602
1675401918853345155
1675401918889511509
1675401918929629061
1675401918969321821
1675401919029423696
1675401919054604425
1675401919109165571
1675401919169523904
1675401919209451977
1675401919229081769
1675401919268739321
1675401919315573019
1675401919355687654
1675401919408988123
1675401919449185675
1675401919489444477
1675401919530296613
1675401919589648904
1675401919637403696
1675401919677087758
1675401919729060102
1675401919751024217
1675401919798268592
1675401919851704581
1675401919889139842
1675401919929286040
1675401919988839633
1675401920029593956
1675401920069164998
1675401920109548279
1675401920169178956
1675401920209180102
1675401920248876664
1675401920273812967
1675401920329526977
1675401920369360258
1675401920408816456
1675401920469181144
1675401920509413071
1675401920528915206
1675401920569287862
1675401920649024581
1675401920669667862
1675401920709362341
1675401920750077966
1675401920796084477
1675401920848984477
1675401920890213695
1675401920949048800
1675401920989659997
1675401921029432497
1675401921069121247
1675401921109303018
1675401921137936247
1675401921191725362
1675401921229626456
1675401921291996508
1675401921331633852
1675401921369218539
1675401921408962862
1675401921469064216
1675401921509567758
1675401921548504997
1675401921599289320
1675401921650870935
1675401921689696247
1675401921710037393
1675401921769011976
1675401921811537653
1675401921834125153
1675401921908955935
1675401921949142341
