1675401832149080500
1675401832349254667
1675401832548390552
1675401832751079458
1675401832948783729
1675401833159276125
1675401833358503781
1675401833559055760
1675401833759410916
1675401833958671333
1675401834154412479
1675401834365205708
1675401834566631020
1675401834766503155
1675401834967516384
1675401835164697686
1675401835374319301
1675401835574737218
1675401835753532895
1675401835954434665
1675401836153563624
1675401836348964978
1675401836559246436
1675401836758601853
1675401836958275550
1675401837158813467
1675401837359231904
1675401837568263623
1675401837767993519
1675401837969156540
1675401838168782164
1675401838368360185
1675401838564141956
1675401838773927998
1675401838973441695
1675401839174416643
1675401839353928727
1675401839554167216
1675401839763106174
1675401839964093466
1675401840164356903
1675401840363860184
1675401840563720809
1675401840759243518
1675401840969182424
1675401841168877528
1675401841369121017
1675401841568959351
1675401841768059871
1675401841978719194
1675401842178715965
1675401842378430600
1675401842578336850
1675401842778969194
1675401842973835288
1675401843164291017
1675401843363923569
1675401843563461225
1675401843764100704
1675401843964001225
1675401844173789558
1675401844374295183
1675401844573886225
1675401844773437995
1675401844973969141
1675401845168544766
1675401845378152787
1675401845578877214
1675401845778527995
1675401845979087057
1675401846179294870
1675401846389050651
1675401846589087682
1675401846769219765
1675401846968918828
1675401847169315546
1675401847364440703
1675401847574083307
1675401847773850182
1675401847974191848
1675401848173906692
1675401848374209452
1675401848584651848
1675401848784277473
1675401848984136015
1675401849184027785
1675401849383518254
1675401849578782941
1675401849789163150
1675401849989344608
1675401850189194399
1675401850388858618
1675401850568827837
1675401850769187524
1675401850978980389
1675401851178484503
1675401851379276899
1675401851579127368
1675401851776151430
1675401851986676690
1675401852183434920
1675401852383695284
1675401852583615388
1675401852783852367
1675401852985694971
1675401853196292211
1675401853396844086
1675401853595777627
1675401853795369971
1675401853993469450
1675401854179303096
1675401854381759554
1675401854580637158
1675401854781034658
1675401854981622314
1675401855181479398
1675401855390317002
1675401855589304762
1675401855791298043
1675401855992214085
1675401856184539449
1675401856396857314
1675401856595968199
1675401856796753147
1675401856996771220
1675401857193448772
1675401857394043720
1675401857604428824
1675401857804537157
1675401857985044917
1675401858183745074
1675401858379305751
1675401858589302417
1675401858788916323
1675401858988914084
1675401859190035906
1675401859388811948
1675401859589380958
1675401859802044396
1675401860000735177
1675401860200694917
1675401860400422416
1675401860594925281
1675401860805010958
1675401861005236947
1675401861206951895
1675401861405177624
1675401861584617781
1675401861783799187
1675401861994252780
1675401862194216270
1675401862393798249
1675401862594839707
1675401862792219759
1675401863000610905
1675401863198908249
1675401863398551738
1675401863598491217
1675401863798561790
1675401864000110175
1675401864208880540
1675401864411906373
1675401864609144811
1675401864809912363
1675401865005657206
1675401865218714967
1675401865395815644
1675401865598158977
1675401865794079758
1675401865996087831
1675401866194323352
1675401866404394914
1675401866603751424
1675401866804153560
1675401867004198924
1675401867199754601
1675401867409875643
1675401867610299185
1675401867809698872
1675401868008678507
1675401868209531163
1675401868408848507
1675401868618880486
1675401868822043767
1675401868999267517
1675401869202280226
1675401869396516215
1675401869595959340
1675401869807169757
1675401870004209027
1675401870203434288
1675401870403853454
1675401870603611840
1675401870813935069
1675401871013564808
1675401871213371214
1675401871413146318
1675401871613112100
1675401871812849964
1675401872020848662
1675401872221430849
1675401872421986422
1675401872621516995
1675401872802009860
1675401873008679755
1675401873211011839
1675401873411792255
1675401873613389391
1675401873805817255
1675401874006846734
1675401874215658244
1675401874415731422
1675401874616916474
1675401874815605796
1675401875016317046
1675401875226985380
1675401875424117827
1675401875624340536
1675401875827306369
1675401876022493296
1675401876220670483
1675401876412178296
1675401876610862098
1675401876811884129
1675401877011189754
1675401877211199337
1675401877421881733
1675401877622145014
1675401877821227826
1675401878018860431
1675401878217126316
1675401878415741732
1675401878626277618
1675401878826982097
1675401879026092149
1675401879225960795
1675401879425333868
1675401879637245951
1675401879836143347
1675401880036691055
1675401880215998815
1675401880412617617
1675401880608966888
1675401880819119336
1675401881022668815
1675401881222465742
1675401881421072565
1675401881622463398
1675401881832603190
1675401882031204127
1675401882232788346
1675401882429452668
1675401882624134231
1675401882824140585
1675401883034706522
1675401883236347251
1675401883434022720
1675401883636638970
1675401883816041782
1675401884024168866
1675401884225789543
1675401884425635636
1675401884626925272
1675401884820629543
1675401885020788657
1675401885232841417
1675401885431093865
1675401885631294907
1675401885831768188
1675401886031465427
1675401886240767979
1675401886442797563
1675401886653244906
1675401886841252927
1675401887035888500
1675401887234491469
1675401887445664802
1675401887626682198
1675401887826247041
1675401888025652718
1675401888226637927
1675401888425905739
1675401888635726468
1675401888836487718
1675401889035785531
1675401889233030114
1675401889432196780
1675401889640822405
1675401889840809020
1675401890041728499
1675401890241639697
1675401890438832874
1675401890642614801
1675401890852724019
1675401891052702457
1675401891232528082
1675401891426247040
1675401891626820165
1675401891836456675
1675401892035942040
1675401892236499852
1675401892436554123
1675401892635680581
1675401892835709696
1675401893046919956
1675401893245928029
1675401893444383706
1675401893638943862
1675401893840906727
1675401894050917456
1675401894251723758
1675401894451685112
1675401894652790476
1675401894852512612
1675401895033365945
1675401895241871101
1675401895439310216
1675401895641018236
1675401895836757351
1675401896037489851
1675401896245664278
1675401896444537246
1675401896644765371
1675401896845714173
1675401897044159902
1675401897246695215
1675401897455675475
1675401897655709173
1675401897856688392
1675401898048730267
1675401898249567923
1675401898460165579
1675401898638466621
1675401898838355891
1675401899038023600
1675401899238688964
1675401899439315422
1675401899649518756
1675401899848510839
1675401900048648339
1675401900244471672
1675401900443695891
1675401900654370943
1675401900854388495
1675401901053958807
1675401901253779849
1675401901454200057
1675401901653956411
1675401901863765421
1675401902064291307
1675401902263903338
1675401902439534588
1675401902639180369
1675401902848485004
1675401903048477244
1675401903248257504
1675401903447878233
1675401903648174171
1675401903848427712
1675401904058396775
1675401904258303129
1675401904458071775
1675401904653437087
1675401904853913441
1675401905064333910
1675401905263870316
1675401905464135837
1675401905663976826
1675401905863736045
1675401906043589899
1675401906253798336
1675401906454090003
1675401906654229534
1675401906848457867
1675401907048634586
1675401907248597086
1675401907459039690
1675401907658997086
1675401907859357711
1675401908058866982
1675401908258939429
1675401908469134169
1675401908668236929
1675401908868899169
1675401909064066981
1675401909264594064
1675401909463939169
1675401909674349637
1675401909854047450
1675401910054678908
1675401910254123752
1675401910453623179
1675401910664452293
1675401910864137397
1675401911063526668
1675401911259752501
1675401911459252866
1675401911658844272
1675401911868640418
1675401912068730157
1675401912268309324
1675401912468339636
1675401912668481824
1675401912878650053
1675401913079041042
1675401913279167292
1675401913454367500
1675401913654247552
1675401913854380677
1675401914064413125
1675401914264532031
1675401914463362760
1675401914663301458
1675401914863605625
1675401915073452968
1675401915273285989
1675401915473207239
1675401915668982343
1675401915868616354
1675401916069640104
1675401916278962447
1675401916479715989
1675401916678424166
1675401916878555989
1675401917078470989
1675401917268115259
1675401917468061249
1675401917668296770
1675401917863613957
1675401918064296092
1675401918264047603
1675401918475367863
1675401918675220623
1675401918874018123
1675401919074111769
1675401919273862446
1675401919483668331
1675401919683459217
1675401919883551300
1675401920078353071
1675401920278904737
1675401920478858956
1675401920688468175
1675401920869093279
1675401921068944372
1675401921268865258
1675401921471094424
1675401921679959476
