1675401823230860853,-0.26330566,-0.12786865,-0.15769958
1675401823426616895,-0.08206177,-0.11155701,-0.185318
1675401823625259915,0.017700195,0.13218689,-0.040115356
1675401823823583457,-0.7730713,0.059127808,0.29586792
1675401824022569707,0.4473877,-0.227005,1.0703888
1675401824221389551,0.84176636,-0.9167938,2.425415
1675401824419283249,0.7392578,-1.2136841,2.365921
1675401824620781842,1.2594147,-1.0503998,0.13160706
1675401824817107832,1.353241,-0.791275,-0.051651
1675401825020144238,-0.14350891,-0.96066284,0.19006348
1675401825216386061,-1.6630554,-0.2088623,0.22470093
1675401825414142102,0.3140869,-0.15101624,-0.61598206
1675401825612153561,2.0816956,0.24354553,-0.21774292
1675401825810710227,-0.20454407,5.4634857,-0.23669434
1675401826008858977,-2.1958466,0.58221436,-4.6836395
1675401826206274342,-0.34924316,0.10169983,1.1869965
1675401826404734967,-0.6001282,0.47610474,0.57270813
1675401826603163560,-0.72602844,-0.18473816,0.34632874
1675401826801452310,-0.8723297,-0.5350647,0.54455566
1675401826999914133,-1.0027618,-1.044342,-0.3005829
1675401827198441477,-1.2105713,-0.47813416,0.15493774
1675401827397324758,-0.9648895,-0.21002197,0.45152283
1675401827595584341,-0.7488251,0.104263306,-0.55085754
1675401827794034966,-1.1346436,0.79008484,-2.1887207
1675401827992954080,-1.2863312,0.86657715,-3.4901886
1675401828191413143,-1.4825287,0.8627777,-3.8785706
1675401828389984341,-1.1910858,0.41116333,-3.4023438
1675401828588400591,-1.109787,0.41104126,-2.4410706
1675401828786864966,-1.0810089,0.566391,-1.809494
1675401828985108611,-1.0758209,0.78764343,-0.74157715
1675401829184049236,-1.1543121,0.6128082,-0.5266113
1675401829382264497,-0.3052063,-0.38320923,-0.5046692
1675401829580846892,-0.054748535,-1.9991913,0.5213928
1675401829779567621,-0.54515076,-2.2924805,2.9427643
1675401829978255434,-0.12237549,-1.2123413,3.3661041
1675401830176400903,1.053299,-0.7674408,3.1934052
1675401830375361944,0.5858002,-1.449173,2.6482544
1675401830579285121,0.3791504,-1.418869,2.4197998
1675401830772177048,0.56900024,-1.0910187,1.6054535
1675401830988392934,0.7872009,-0.2606659,0.23446655
1675401831170290017,0.72862244,0.7363281,-0.94358826
1675401831368018506,0.51231384,1.0723724,-1.8041229
1675401831566142569,0.62550354,0.91329956,-1.575531
1675401831765143142,0.7407837,0.5887451,-0.5793152
1675401831963991891,0.7271576,0.1515503,0.58761597
1675401832167542777,0.8890991,-0.12107849,0.74876404
1675401832360220902,0.90711975,-0.2563324,0.23710632
1675401832559441214,0.78970337,-0.11351013,-0.10974121
1675401832757553037,0.6235504,0.14268494,-0.1741333
1675401832955931266,0.44622803,0.3098297,-0.14884949
1675401833154401891,0.25030518,0.2900238,-0.14396667
1675401833353179443,0.033950806,0.12956238,-0.028137207
1675401833554590224,-0.15174866,0.016357422,0.1433258
1675401833756339703,-0.22817993,0.103530884,0.13838196
1675401833948730380,-0.22634888,0.2651062,8.239746E-4
1675401834147065693,-0.19873047,0.3127594,-0.11708069
1675401834346628870,-0.1217041,0.23248291,-0.09214783
1675401834544071578,0.0035858154,0.09779358,0.0650177
1675401834743060328,0.14506531,-0.017532349,0.079315186
1675401834942159755,0.19662476,-0.095840454,0.075027466
1675401835139693453,0.17590332,-0.13035583,0.052734375
1675401835338882619,0.12294006,-0.11857605,0.052734375
1675401835537664651,0.0697937,-0.08369446,-0.0025939941
1675401835735570588,0.032348633,-0.07348633,-0.07241821
1675401835933927827,0.010360718,-0.11216736,-0.06417847
1675401836132660640,0.0137786865,-0.15766907,-0.008590698
1675401836330939390,0.03590393,-0.1667633,0.010223389
1675401836529649858,0.0526886,-0.14483643,0.0046691895
1675401836728027098,0.052627563,-0.116744995,-0.0051116943
1675401836926908348,0.056365967,-0.08546448,-0.037353516
1675401837125061056,0.05722046,-0.06713867,-0.010299683
1675401837323873400,0.044204712,-0.08821106,-0.020492554
1675401837522363921,0.026489258,-0.0987854,0.004486084
1675401837720976160,0.008956909,-0.10220337,-0.01676941
1675401837919391629,0.004623413,-0.08479309,-0.014389038
1675401838117975952,0.015930176,-0.046066284,7.6293945E-4
1675401838317494910,0.022460938,-0.013137817,0.0058898926
1675401838514999024,0.026672363,0.016235352,0.006866455
1675401838713476108,0.0178833,0.025772095,0.005279541
1675401838912104180,0.0079193115,0.03816223,0.011077881
1675401839111060951,-0.0046081543,0.05380249,0.018951416
1675401839308890899,-0.018035889,0.07035828,0.014511108
1675401839507280170,-0.019989014,0.09008789,0.0012512207
1675401839707219857,-0.017242432,0.09535217,-0.0028381348
1675401839904901888,-0.01083374,0.08660889,0.0042419434
1675401840102636368,-0.01234436,0.065963745,0.017364502
1675401840301139649,-0.013641357,0.04837036,0.0105896
1675401840500496107,-0.010772705,0.04244995,0.0065612793
1675401840699010951,-0.01260376,0.03303528,0.0018615723
1675401840898168190,-0.006362915,0.02760315,-0.008468628
1675401841096330482,-0.0018615723,0.020019531,0.0069274902
1675401841294560273,-0.0026397705,0.0023040771,0.0022888184
1675401841492864544,-0.0033874512,-0.0064849854,0.0032653809
1675401841691898138,1.0681152E-4,-0.007583618,-0.0063323975
1675401841889636054,0.004623413,-0.009536743,-0.0048675537
1675401842089308554,0.010238647,-0.009719849,0.0035705566
1675401842286745690,0.007797241,-0.016799927,0.001739502
1675401842485485533,0.0035858154,-0.026275635,-0.010055542
1675401842684363189,0.004196167,-0.03463745,-0.0062713623
1675401842882305741,0.006088257,-0.043136597,0.0032653809
1675401843081712408,0.0090789795,-0.04496765,-8.239746E-4
1675401843280390168,0.012191772,-0.041122437,-0.0118255615
1675401843477905064,0.010055542,-0.044296265,-0.0043029785
1675401843677890845,0.0051116943,-0.04850769,0.010101318
1675401843874960168,0.0059661865,-0.040740967,-0.0026550293
1675401844075085689,0.010116577,-0.033111572,-0.017807007
1675401844271836991,0.010055542,-0.040252686,-0.007736206
1675401844471296730,0.005844116,-0.049972534,0.0129852295
1675401844670247512,0.0027923584,-0.044906616,0.0019836426
1675401844867505949,0.006942749,-0.025970459,-0.016464233
1675401845066122303,0.010787964,-0.014129639,-0.0067596436
1675401845264554751,0.0040130615,-0.01612854,0.01473999
1675401845462821834,-0.005706787,-0.014602661,0.0069885254
1675401845661598397,-0.00491333,-0.0014190674,-0.015975952
1675401845859671782,9.613037E-4,0.0072021484,-0.011154175
1675401846058737094,-7.6293945E-5,0.007019043,0.01902771
1675401846257214021,-0.004776001,0.012939453,0.013824463
1675401846455722407,-0.006866455,0.023391724,-0.020812988
1675401846654015532,-0.005203247,0.028030396,-0.011154175
1675401846852584802,-0.006729126,0.024002075,0.024887085
1675401847053204854,-0.009963989,0.026443481,0.011138916
1675401847250513969,-0.008071899,0.041107178,-0.018478394
1675401847448728396,-0.0063171387,0.043121338,-0.006515503
1675401847647071052,-0.008865356,0.031936646,0.018356323
1675401847845787771,-0.008270264,0.03541565,0.008880615
1675401848044123344,-0.005996704,0.044036865,-0.012313843
1675401848242943083,-0.00869751,0.034622192,-0.0034637451
1675401848441217354,-0.009231567,0.02381897,0.013702393
1675401848641341781,-0.005218506,0.026138306,0.002105713
1675401848838081468,0.0011444092,0.028945923,-0.013717651
1675401849036740479,0.0012054443,0.015197754,0.002960205
1675401849235475166,-0.0046539307,-0.003616333,0.014816284
1675401849434126781,-0.0050964355,-0.010879517,-0.0074920654
1675401849632488864,3.9672852E-4,-0.014862061,-0.015426636
1675401849831236364,0.0063934326,-0.0262146,0.0050354004
1675401850029661416,0.010238647,-0.034820557,0.011566162
1675401850228053187,0.012557983,-0.035247803,-0.006942749
1675401850426754749,0.012008667,-0.041549683,-0.016647339
1675401850625149593,0.00932312,-0.0554657,3.0517578E-5
1675401850823456572,0.007736206,-0.06109619,0.009246826
1675401851022244280,0.010665894,-0.052719116,-0.0050964355
1675401851220763290,0.012863159,-0.04612732,-0.014328003
1675401851419369488,0.012069702,-0.047531128,-0.0013122559
1675401851617851832,0.008895874,-0.047470093,0.011138916
1675401851817409176,0.0066986084,-0.041900635,-0.006210327
1675401852014960634,0.0063323975,-0.035980225,-0.016342163
1675401852212783550,0.006210327,-0.033172607,0.0030822754
1675401852412014384,0.004257202,-0.03024292,0.012298584
1675401852610210582,0.004989624,-0.01600647,-0.006576538
1675401852808812509,0.007858276,-3.2043457E-4,-0.01676941
1675401853008185321,0.0023651123,-0.0045928955,0.0032043457
1675401853207257717,-0.00491333,-0.008621216,0.017807007
1675401853407946310,-0.004714966,0.005859375,-3.0517578E-5
1675401853605847039,-0.0022277832,0.019714355,-0.016342163
1675401853801761414,-0.0028839111,0.017150879,-0.005722046
1675401854001536206,-0.004714966,0.012512207,0.014434814
1675401854198640060,-0.0059509277,0.01763916,0.012054443
1675401854396996206,-0.0042877197,0.026931763,-0.009750366
1675401854595743445,-0.0022277832,0.030044556,-0.012435913
1675401854794504279,-0.004348755,0.023132324,0.009063721
1675401854992933237,-0.005569458,0.016540527,0.011566162
1675401855191173237,-0.004470825,0.018737793,-0.004547119
1675401855389819278,-0.0027008057,0.017944336,-0.010299683
1675401855588189643,-0.0015411377,0.010253906,0.0016174316
1675401855786731726,-4.4250488E-4,0.0048217773,0.011749268
1675401855985332507,-8.69751E-4,0.0026245117,-0.0024108887
1675401856183750163,-0.0019683838,-0.0014190674,-0.009933472
1675401856382130840,-9.918213E-4,-0.009048462,6.4086914E-4
1675401856581100892,0.0024871826,-0.013031006,0.004119873
1675401856779667663,0.005783081,-0.010635376,0.0010070801
1675401856978322611,0.0048675537,-0.012161255,-0.003753662
1675401857176865632,0.0024871826,-0.019424438,-0.007858276
1675401857375229590,0.0023040771,-0.023086548,-8.239746E-4
1675401857573625788,0.0027313232,-0.023529053,0.005340576
1675401857771985944,0.003768921,-0.021194458,-0.0010070801
1675401857970763288,0.0052948,-0.015945435,-0.004180908
1675401858169179225,0.005050659,-0.015289307,-0.007797241
1675401858368162819,0.0035247803,-0.019744873,-0.0013122559
1675401858566910840,0.002166748,-0.021026611,0.008392334
1675401858764738652,7.6293945E-4,-0.015335083,0.0043029785
1675401858963514954,0.0015716553,-0.0069122314,-0.010910034
1675401859161368339,0.0033416748,-0.0026397705,-0.012374878
1675401859360492871,0.0021820068,-0.005142212,0.008392334
1675401859559077246,-0.001373291,-0.0061187744,0.015365601
1675401859757613704,-0.0025787354,0.0027923584,-0.0040740967
1675401859956067037,-0.0010528564,0.011779785,-0.016647339
1675401860154298912,0.001083374,0.009460449,-0.0052337646
1675401860352952818,-9.3078613E-4,2.89917E-4,0.0152282715
1675401860552821412,-0.0038757324,-1.373291E-4,0.008514404
1675401860750151933,-0.0028381348,0.008666992,-0.008956909
1675401860948845735,-7.6293945E-5,0.011779785,-0.011703491
1675401861147516255,0.0011444092,0.007019043,0.002166748
1675401861345839537,-8.239746E-4,0.0016326904,0.011077881
1675401861543757297,-0.0022735596,2.89917E-4,-0.001739502
1675401861742708859,-4.5776367E-4,0.0040893555,-0.0051574707
1675401861941198390,0.0012512207,0.0037231445,-0.0035705566
1675401862140127817,0.0021209717,-7.6293945E-5,-0.0022277832
1675401862338799380,0.0013885498,-0.0034942627,0.006378174
1675401862536578234,-0.0013122559,-0.0073394775,0.0046081543
1675401862734937140,-7.6293945E-5,-0.006668091,-0.009811401
1675401862933607973,0.0043792725,-0.004348755,-0.010482788
1675401863131919588,0.0051116943,-0.01008606,0.007232666
1675401863331203234,0.0012664795,-0.016143799,0.013885498
1675401863530562192,4.5776367E-5,-0.010574341,-0.0067596436
1675401863727979848,0.0020446777,-0.0036773682,-0.017501831
1675401863926713181,0.003768921,-0.0065460205,0.0012512207
1675401864125136410,0.0020599365,-0.0113220215,0.016281128
1675401864323771619,4.7302246E-4,-0.006362915,-7.019043E-4
1675401864522227139,-1.5258789E-5,4.7302246E-4,-0.012496948
1675401864720839796,1.6784668E-4,-5.645752E-4,-0.0014343262
1675401864920077243,0.0023651123,-7.6293945E-5,0.005279541
1675401865119009014,0.0024108887,0.0036468506,0.002105713
1675401865316122556,-0.0017242432,0.0023651123,-0.0034637451
1675401865514605629,-0.004058838,0.001083374,2.746582E-4
1675401865713104535,-0.0020446777,0.0060424805,8.239746E-4
1675401865911722556,0.0011901855,0.011413574,-0.004623413
1675401866110021618,0.0011444092,0.010559082,3.3569336E-4
1675401866308668285,-0.0036773682,0.004638672,0.007598877
1675401866507340472,-0.005508423,0.004638672,-0.0018005371
1675401866705685212,-0.0019073486,0.0099487305,-0.0076141357
1675401866904130889,0.0014953613,0.010009766,0.0011901855
1675401867102699274,0.0019226074,0.0063476562,0.00491333
1675401867301326305,3.5095215E-4,0.005065918,-7.6293945E-4
1675401867499758805,-0.0025939941,6.5612793E-4,-0.004257202
1675401867698319795,-0.0025177002,-0.003250122,-0.0018157959
1675401867896918753,0.0015563965,-8.69751E-4,0.0038146973
1675401868095297138,0.0030212402,2.2888184E-4,-0.001739502
1675401868293894482,0.0015563965,-0.0027618408,-0.004501343
1675401868492812503,2.2888184E-4,-0.005996704,0.002166748
1675401868690724221,4.5776367E-5,-0.008071899,0.0016174316
1675401868889539377,0.0024261475,-0.0054473877,-0.004058838
1675401869088123596,0.003768921,-0.0053253174,-0.004058838
1675401869286573283,0.0016937256,-0.010940552,1.5258789E-4
1675401869485088492,3.3569336E-4,-0.013259888,0.004486084
1675401869683428960,0.0013275146,-0.009597778,3.0517578E-5
1675401869882249742,0.0034637451,-0.0042266846,-0.006881714
1675401870080769064,0.0046844482,-0.003189087,-0.006454468
1675401870279615471,0.0019989014,-0.0064849854,0.0065612793
1675401870477907554,-0.0017852783,-0.008743286,0.004547119
1675401870676845210,-0.0010528564,-0.0034332275,-0.008590698
1675401870875014272,0.0024719238,0.0045166016,-0.002166748
1675401871073761720,0.0023651123,0.0031585693,0.0016174316
1675401871271876720,8.392334E-4,0.0018157959,-8.8500977E-4
1675401871470886772,-0.0011138916,0.0029907227,-5.187988E-4
1675401871669843283,-0.0033721924,0.0013885498,0.0032043457
1675401871869997657,-9.918213E-4,0.006225586,7.019043E-4
1675401872066496720,0.0019378662,0.011352539,-0.010177612
1675401872264816303,8.8500977E-4,0.008483887,-0.0016174316
1675401872463248074,-0.0038604736,4.119873E-4,0.014755249
1675401872662731459,-0.0049591064,0.0029144287,0.0010681152
1675401872860079897,1.6784668E-4,0.014038086,-0.0149383545
1675401873059910209,0.0020599365,0.013122559,-0.003036499
1675401873259831459,-0.0016174316,0.0015106201,0.01260376
1675401873460653178,-0.0033721924,-1.9836426E-4,7.6293945E-4
1675401873654447084,-3.9672852E-4,0.0056762695,-0.010665894
1675401873854748021,0.0016174316,0.0030975342,-7.019043E-4
1675401874051859532,0.0016784668,-6.2561035E-4,0.0105896
1675401874250544115,8.239746E-4,7.7819824E-4,-0.003768921
1675401874448639584,-1.5258789E-5,4.5776367E-5,-0.009994507
1675401874646891979,-3.8146973E-4,-0.005935669,0.0057678223
1675401874845740833,-3.3569336E-4,-0.008926392,0.0061950684
1675401875044268073,0.0023651123,-0.0027618408,-0.006515503
1675401875242648177,0.0029754639,-0.0025177002,-0.005355835
1675401875441225729,2.89917E-4,-0.010345459,0.004486084
1675401875640819219,1.0681152E-4,-0.01008606,0.0026550293
1675401875838256093,0.002243042,-0.004348755,-0.003326416
1675401876036868125,0.003768921,-0.0045928955,-0.0063171387
1675401876236574739,0.0034637451,-0.007095337,7.6293945E-4
1675401876434102916,0.0011444092,-0.008010864,0.0039367676
1675401876632561093,-0.0015563965,-0.009597778,-0.0013122559
1675401876830904999,-5.0354004E-4,-0.0061187744,-0.0026550293
1675401877029851145,0.0029754639,0.0012054443,0.0015563965
1675401877227957655,0.00340271,0.0012664795,-0.0055999756
1675401877426608749,9.613037E-4,-0.0037994385,-0.0046844482
1675401877625125728,-0.0023956299,-0.0074005127,0.01260376
1675401877823667916,-0.0024719238,-0.0042877197,0.0057678223
1675401878022149999,0.0021820068,0.005432129,-0.015548706
1675401878220713488,0.004196167,0.0079956055,-0.008224487
1675401878418826926,-8.69751E-4,-0.0035552979,0.013656616
1675401878617830415,-0.0042266846,-0.008621216,0.0061950684
1675401878816378540,-3.2043457E-4,0.0029754639,-0.009567261
1675401879014961717,0.0030212402,0.0073242188,-0.0066986084
1675401879213298176,0.0012664795,-5.0354004E-4,0.005340576
1675401879411634009,-2.746582E-4,-3.2043457E-4,0.007293701
1675401879610341561,-0.0015563965,0.0016937256,-0.0062713623
1675401879808843123,-0.002090454,-5.0354004E-4,-0.0046844482
1675401880007657759,0.0011444092,3.5095215E-4,0.0039367676
1675401880205863071,0.0023651123,0.0016326904,1.5258789E-4
1675401880404704217,7.171631E-4,-2.593994E-4,-0.0022888184
1675401880603174790,-9.3078613E-4,-0.0034942627,0.0012512207
1675401880801828019,-8.087158E-4,-0.0046539307,-0.0039978027
1675401881000505467,0.0020599365,-0.002090454,-0.0034484863
1675401881198858175,0.0028533936,-0.0017242432,0.008026123
1675401881397933435,2.89917E-4,-0.005142212,-0.0013122559
1675401881595812654,6.4086914E-4,-0.002090454,-0.008956909
1675401881795029529,0.001876831,-0.0018463135,-8.239746E-4
1675401881992823539,-6.866455E-4,-0.01008606,0.006439209
1675401882191324737,9.613037E-4,-0.005264282,0.0030212402
1675401882389574737,0.0025482178,0.0012664795,-0.007675171
1675401882588586716,0.0010223389,-0.0053863525,-0.013656616
1675401882787032341,0.0013275146,-0.0084991455,0.011138916
1675401882986017549,-3.8146973E-4,-0.007217407,0.016998291
1675401883183672862,3.3569336E-4,-0.0015411377,-0.018859863
1675401883383338539,0.0059051514,0.005554199,-0.012496948
1675401883581439684,0.006942749,8.392334E-4,0.0149383545
1675401883779971195,0.001083374,-0.007827759,0.011688232
1675401883978941247,-9.1552734E-5,0.0025024414,-0.008224487
1675401884176908799,0.001876831,0.00592041,-0.017745972
1675401884376189424,0.0022888184,5.950928E-4,0.009002686
1675401884574890361,-0.0015411377,-0.004043579,0.017181396
1675401884772987392,-0.003753662,5.950928E-4,-0.009140015
1675401884971067184,7.7819824E-4,0.007751465,-0.017318726
1675401885169166402,0.0028533936,0.0024261475,0.0050964355
1675401885367586559,1.6784668E-4,-0.004043579,0.0137786865
1675401885566534840,-5.187988E-4,0.0015716553,-9.460449E-4
1675401885764735413,-0.0019836426,0.004760742,-0.010299683
1675401885963600933,-0.0013580322,0.0016937256,-0.0060272217
1675401886162022287,0.002609253,0.00340271,0.005279541
1675401886360413017,4.119873E-4,0.0026855469,0.014678955
1675401886558677808,-0.0024719238,0.0018157959,-0.003692627
1675401886757263225,3.3569336E-4,0.006652832,-0.018722534
1675401886955867704,0.0024108887,0.0018920898,-0.008590698
1675401887154353850,3.3569336E-4,-0.0096588135,0.020980835
1675401887353036454,-0.0026397705,-0.008071899,0.02330017
1675401887551731766,-0.0016174316,0.005065918,-0.022033691
1675401887750314162,0.004989624,0.013183594,-0.032470703
1675401887948897339,0.006454468,3.5095215E-4,0.014434814
1675401888147550099,-0.0038604736,-0.019134521,0.030319214
1675401888346147182,-0.006500244,-0.004776001,0.0016784668
1675401888544544162,-0.012298584,0.007385254,-0.034729004
1675401888743147495,0.0054779053,0.007507324,0.0038146973
1675401888941358016,0.0038909912,-0.0030059814,0.018966675
1675401889139750620,-9.3078613E-4,-0.0027008057,0.005584717
1675401889338629734,-0.0029449463,0.0028686523,-0.013290405
1675401889537222859,-0.0028839111,-0.0019683838,-0.010848999
1675401889735323849,0.0037078857,4.119873E-4,0.0065612793
1675401889934900099,0.003829956,0.0015106201,0.007965088
1675401890132647494,-2.593994E-4,1.6784668E-4,-0.0023498535
1675401890331038328,-0.0023956299,5.950928E-4,-0.0068206787
1675401890529859213,-0.0017852783,0.0016326904,-0.0043182373
1675401890728345984,2.1362305E-4,0.002746582,0.0065612793
1675401890926735515,0.0027923584,0.0025634766,-0.002609253
1675401891125640411,-5.79834E-4,0.001083374,-1.5258789E-4
1675401891324128223,-6.2561035E-4,-3.2043457E-4,-0.0059051514
1675401891523830202,5.340576E-4,-0.0010528564,0.001739502
1675401891724086452,-0.0022277832,-0.0017242432,0.0105896
1675401891918898952,0.0011444092,0.0059814453,-0.0070648193
1675401892118654525,0.0040740967,0.008178711,-0.017440796
1675401892316824316,4.5776367E-4,-0.0019683838,0.0077819824
1675401892515414941,-0.0026397705,-0.00843811,0.019760132
1675401892713758275,-0.001373291,-9.3078613E-4,-0.007980347
1675401892912188274,0.0016937256,0.007385254,-0.021606445
1675401893110662389,0.004196167,0.0018157959,-0.0014953613
1675401893309571556,-5.79834E-4,-0.009292603,0.025497437
1675401893508177597,-0.0073547363,-0.0018463135,0.006134033
1675401893705989368,-0.004852295,0.004211426,-0.016098022
1675401893904639368,0.0039520264,0.0048828125,-0.010482788
1675401894102839368,0.004196167,-0.004776001,0.009185791
1675401894301383482,-3.8146973E-4,-0.0062408447,0.017303467
1675401894500543326,-0.0025939941,-0.0012969971,-0.005783081
1675401894698672388,-0.002090454,7.171631E-4,-0.020492554
1675401894897357597,0.002670288,0.0029296875,2.746582E-4
1675401895095333378,0.002670288,-8.69751E-4,0.01713562
1675401895294334836,0.0018157959,-0.001663208,0.0022277832
1675401895492680617,-9.918213E-4,0.0032958984,-0.009689331
1675401895691206711,-0.0032043457,-0.0012359619,-0.013046265
1675401895890055253,-9.3078613E-4,-0.0062408447,0.007537842
1675401896088307284,0.0022888184,-0.002456665,0.012237549
1675401896286879107,0.0016937256,0.004196167,-0.0014953613
1675401896486084679,8.392334E-4,0.007385254,-0.013290405
1675401896683924940,-0.0025177002,0.0020599365,-0.0014953613
1675401896882679835,-0.0019836426,-0.0014190674,0.007171631
1675401897080954471,0.0016937256,0.0011444092,-0.00289917
1675401897279418950,0.0012664795,0.0025482178,-7.6293945E-4
1675401897477898429,-6.866455E-4,7.7819824E-4,0.004486084
1675401897677767179,-5.645752E-4,0.0017547607,-0.006454468
1675401897875246866,0.0013885498,0.0054779053,-0.0070648193
1675401898073797595,-0.0010070801,5.340576E-4,0.008575439
1675401898273069366,-0.0019683838,-0.0011138916,0.008331299
1675401898471607595,-0.0101623535,0.0048065186,-0.010116577
1675401898669967022,-0.004348755,0.00592041,-0.00944519
1675401898868601658,4.5776367E-4,-0.0013580322,0.017181396
1675401899066221918,-0.0022735596,-0.0054473877,0.002532959
1675401899265629262,-5.645752E-4,0.0018157959,-0.018661499
1675401899464378532,0.0015106201,0.0025482178,7.6293945E-4
1675401899661502543,-7.4768066E-4,-0.0057525635,0.018539429
1675401899861643532,-7.6293945E-5,1.6784668E-4,-0.0033874512
1675401900058601188,0.0024719238,0.0087890625,-0.021530151
1675401900257158897,9.613037E-4,-0.0016021729,0.0027160645
1675401900456257751,-0.0028839111,-0.01234436,0.020309448
1675401900656104365,-0.0011291504,-0.0017242432,-0.0035858154
1675401900854165928,0.0019378662,0.007507324,-0.01914978
1675401901052405667,0.0012054443,4.5776367E-5,0.0046081543
1675401901250219313,-1.5258789E-5,-0.003616333,0.01524353
1675401901448696552,1.6784668E-4,0.0021820068,-0.008651733
1675401901647805771,4.5776367E-4,0.0015716553,-0.014022827
1675401901845960667,-5.79834E-4,-0.005569458,0.012908936
1675401902044390927,-6.2561035E-4,-0.0046539307,0.009429932
1675401902242887125,0.001876831,0.0051879883,-0.01499939
1675401902441231760,0.0021209717,0.0052490234,-0.0059661865
1675401902639751448,-0.0014801025,-0.0056915283,0.009796143
1675401902838887073,-0.0013122559,-0.0042877197,0.0051574707
1675401903037261500,4.5776367E-5,0.0032806396,-0.0043182373
1675401903235836968,-7.6293945E-4,3.5095215E-4,-0.0040130615
1675401903434142541,0.010360718,0.0021209717,-0.005783081
1675401903632967177,0.009689331,0.0030517578,7.019043E-4
1675401903831381968,-8.69751E-4,-0.0045928955,0.01272583
1675401904029938218,-0.0034942627,-0.003921509,0.005218506
1675401904228365666,-1.5258789E-4,0.0068359375,-0.016159058
1675401904426934155,0.0032196045,0.0095825195,-0.011581421
1675401904625382124,0.0020446777,-0.0030670166,0.008026123
1675401904824160770,-0.001739502,-0.009780884,0.018356323
1675401905022516499,-0.002960205,-0.0019073486,-0.002532959
1675401905220775405,-3.8146973E-4,0.0047454834,-0.02104187
1675401905419378426,0.004501343,0.0037841797,-0.0068206787
1675401905618165249,0.0019989014,-0.0027618408,0.024765015
1675401905816838947,-0.0030670166,-0.0046539307,0.008636475
1675401906015313165,-0.002029419,0.0027313232,-0.023986816
1675401906213853061,0.002609253,0.0051879883,-0.014450073
1675401906412308165,0.002960205,-0.004043579,0.018707275
1675401906610591238,2.89917E-4,-0.0064849854,0.019134521
1675401906809234780,-0.0030670166,5.340576E-4,-0.016403198
1675401907007893998,-6.2561035E-4,0.0048217773,-0.022460938
1675401907205971238,0.002105713,-0.0015411377,0.011199951
1675401907404607800,0.001449585,-0.0054473877,0.020858765
1675401907603217227,7.019043E-4,0.0020599365,-0.006576538
1675401907801720352,-3.2043457E-4,0.005859375,-0.01713562
1675401908000366810,-0.0011749268,-0.0030670166,-0.0033416748
1675401908198883060,4.5776367E-4,-0.0054473877,0.014862061
1675401908397574154,0.0063323975,-3.8146973E-4,0.0023498535
1675401908595917591,0.008712769,0.0012664795,-0.008834839
1675401908794620039,9.460449E-4,0.0038452148,-0.005355835
1675401908993128425,9.613037E-4,0.0017547607,0.0014953613
1675401909191428477,0.0013275146,-8.69751E-4,0.0015563965
1675401909390329674,7.7819824E-4,-0.0019683838,0.001373291
1675401909589082383,-0.0019073486,-0.0027618408,0.0014953613
1675401909791201341,-0.0017852783,-0.0014801025,-0.004562378
1675401909985479310,0.002609253,0.0051116943,-0.0014953613
1675401910184119570,0.0030975342,0.004257202,0.0014343262
1675401910382783320,-0.0010681152,-0.0029449463,-0.0030212402
1675401910581161861,-0.0016784668,-0.0042266846,9.1552734E-5
1675401910779519622,-8.8500977E-4,-0.0037384033,0.0061950684
1675401910978883788,4.119873E-4,-8.69751E-4,-5.187988E-4
1675401911176403945,0.0025939941,0.004562378,-0.009811401
1675401911375009778,0.002670288,0.002243042,-0.0068206787
1675401911573526549,-0.0010528564,-0.0053863525,0.015045166
1675401911772020611,-0.0023956299,-0.0042877197,0.007598877
1675401911970698944,-7.6293945E-4,0.0043792725,-0.014572144
1675401912169030142,0.0020599365,0.0057373047,-0.011947632
1675401912368142225,0.0019226074,-0.0034332275,0.008148193
1675401912566576236,-1.5258789E-5,-0.007522583,0.011993408
1675401912765496131,-0.0022735596,-0.0034332275,-0.0018615723
1675401912963363527,-8.087158E-4,0.002319336,-0.010055542
1675401913162184413,0.0018005371,0.0027313232,-0.0038909912
1675401913360279204,0.0039520264,0.0018157959,0.002532959
1675401913558974569,3.3569336E-4,-0.0028839111,0.0067443848
