1675401823276697676
1675401823319421218
1675401823379356686
1675401823419235072
1675401823461272728
1675401823502579916
1675401823561764707
1675401823599013249
1675401823639132363
1675401823678849499
1675401823718938509
1675401823758916999
1675401823818984134
1675401823838847936
1675401823898920853
1675401823923946582
1675401823964722520
1675401824019073978
1675401824059200853
1675401824099280540
1675401824141040280
1675401824179794759
1675401824240194759
1675401824279611530
1675401824319999030
1675401824379897571
1675401824419956165
1675401824458893561
1675401824500802988
1675401824540098248
1675401824581487936
1675401824640093717
1675401824679773092
1675401824719016686
1675401824771689603
1675401824822852363
1675401824862351686
1675401824905781634
1675401824945736998
1675401824986747259
1675401825042653613
1675401825084170332
1675401825123591582
1675401825162549759
1675401825203657311
1675401825262578925
1675401825282839967
1675401825344506842
1675401825367900852
1675401825409075592
1675401825463509811
1675401825503792311
1675401825545771425
1675401825582572623
1675401825623882102
1675401825684473561
1675401825728205071
1675401825762732883
1675401825821963300
1675401825862975488
1675401825898371269
1675401825942464029
1675401825983814029
1675401826022132831
1675401826064577258
1675401826122238352
1675401826162288196
1675401826211053612
1675401826261779394
1675401826301808144
1675401826341810227
1675401826385859081
1675401826426826685
1675401826461928248
1675401826502370175
1675401826562178508
1675401826586931112
1675401826642371060
1675401826662175748
1675401826742030904
1675401826761885071
1675401826801741112
1675401826848107831
1675401826888115591
1675401826942293664
1675401826982350904
1675401827022382727
1675401827062817466
1675401827122540591
1675401827161968664
1675401827209587258
1675401827262157310
1675401827284349445
1675401827322058456
1675401827384304758
1675401827422094133
1675401827461803612
1675401827521739914
1675401827562298872
1675401827601669497
1675401827642972987
1675401827692769081
1675401827742049028
1675401827782427049
1675401827822773508
1675401827862242206
1675401827901640539
1675401827942053456
1675401828001707570
1675401828027802205
1675401828081996893
1675401828102028143
1675401828141968560
1675401828201970382
1675401828242184862
1675401828281993820
1675401828328562987
1675401828369293195
1675401828422763872
1675401828462747049
1675401828521502414
1675401828562394393
1675401828601912257
1675401828642133195
1675401828690350018
1675401828723716684
1675401828769125382
1675401828801967414
1675401828861955018
1675401828901711684
1675401828944365903
1675401829001729184
1675401829041986216
1675401829081492830
1675401829121817257
1675401829172849236
1675401829221671320
1675401829242058507
1675401829301622622
1675401829341843715
1675401829381745642
1675401829441905122
1675401829481711007
1675401829501905174
1675401829541614601
1675401829582171580
1675401829634928559
1675401829681826528
1675401829722104653
1675401829761992986
1675401829809899340
1675401829862736371
1675401829903150486
1675401829941478976
1675401830002161528
1675401830041878559
1675401830064022517
1675401830122191111
1675401830164722100
1675401830201924080
1675401830262054809
1675401830301626319
1675401830342182048
1675401830384761840
1675401830442254757
1675401830481834913
1675401830521860590
1675401830562278611
1675401830601915277
1675401830642377309
1675401830681762986
1675401830741648454
1675401830767639079
1675401830821897777
1675401830849365329
1675401830922421475
1675401830942482048
1675401830982118975
1675401831022073975
1675401831062358298
1675401831122675486
1675401831169705590
1675401831222340433
1675401831262795173
1675401831304084235
1675401831343074131
1675401831381688715
1675401831442124496
1675401831470760329
1675401831504603662
1675401831561957777
1675401831601695017
1675401831641782256
1675401831701925798
1675401831741598246
1675401831781584287
1675401831825385798
1675401831865894235
1675401831921909600
1675401831961739496
1675401831982134496
1675401832041972152
1675401832081737308
1675401832121719079
1675401832181986579
1675401832221897048
1675401832253949131
1675401832287774964
1675401832328493245
1675401832382009756
1675401832422007881
1675401832462107152
1675401832502092204
1675401832542679339
1675401832609555016
1675401832649645641
1675401832702358350
1675401832741908610
1675401832783540641
1675401832822070381
1675401832864472672
1675401832903750954
1675401832950712933
1675401832984464287
1675401833041777256
1675401833081644964
1675401833131335276
1675401833181657412
1675401833221593193
1675401833265346474
1675401833306599235
1675401833346253089
1675401833401745589
1675401833421788401
1675401833481780589
1675401833521861578
1675401833541769808
1675401833621774495
1675401833662049964
1675401833681966630
1675401833722102203
1675401833768155849
1675401833808455172
1675401833861507307
1675401833921632099
1675401833961665432
1675401834001772151
1675401834042255276
1675401834090005120
1675401834129818505
1675401834181745693
1675401834221710432
1675401834250943557
1675401834304957203
1675401834341897463
1675401834381814547
1675401834441736578
1675401834481760068
1675401834521726838
1675401834561885797
1675401834621568661
1675401834661581630
1675401834702082880
1675401834726821995
1675401834782138870
1675401834821710745
1675401834861751317
1675401834921760901
1675401834961947672
1675401834982213192
1675401835022008140
1675401835101454130
1675401835121849234
1675401835162122672
1675401835202457776
1675401835249884026
1675401835302006265
1675401835342758921
1675401835401853036
1675401835441924859
1675401835482510171
1675401835521496213
1675401835569926369
1675401835621628505
1675401835644612098
1675401835681696057
1675401835744919807
1675401835781776473
1675401835824744234
1675401835861680848
1675401835921865275
1675401835962256994
1675401836001880484
1675401836033020380
1675401836086866525
1675401836126690744
1675401836162296057
1675401836222154077
1675401836262197463
1675401836302457150
1675401836361973869
1675401836401901473
1675401836422024286
1675401836462649077
1675401836502650015
1675401836562017879
1675401836602023921
1675401836661859702
1675401836701880171
1675401836741655015
1675401836783449338
1675401836823534129
1675401836881844910
1675401836922105015
1675401836962149025
1675401837002165067
1675401837051355692
1675401837085092098
1675401837121958921
1675401837181737671
1675401837221807983
1675401837261635848
1675401837305481525
1675401837361596108
1675401837401848608
1675401837441623296
1675401837462290483
1675401837527221316
1675401837566839181
1675401837602098139
1675401837661894181
1675401837701957150
1675401837727807358
1675401837802102358
1675401837841772827
1675401837861815327
1675401837901831681
1675401837942131212
1675401837982168712
1675401838041961629
1675401838101574337
1675401838141871577
1675401838181674702
1675401838223826420
1675401838263250274
1675401838301817722
1675401838361521577
1675401838401789129
1675401838424637722
1675401838481611004
1675401838524984441
1675401838561808712
1675401838621766785
1675401838661672097
1675401838701632722
1675401838745557514
1675401838781982670
1675401838822372774
1675401838882272201
1675401838902311472
1675401838962181055
1675401839002133712
1675401839042148139
1675401839102175482
1675401839141934597
1675401839168145951
1675401839208655170
1675401839281860795
1675401839302235066
1675401839342433764
1675401839401784337
1675401839441804597
1675401839482115795
1675401839530250795
1675401839581771941
1675401839622064128
1675401839664743555
1675401839704205743
1675401839741751628
1675401839801816941
1675401839831616784
1675401839865303920
1675401839921571732
1675401839961779336
1675401840001785482
1675401840061916993
1675401840101601576
1675401840141922305
1675401840186229909
1675401840206997774
1675401840262055170
1675401840313307722
1675401840341978138
1675401840402008815
1675401840441584805
1675401840482141940
1675401840541461055
1675401840582175794
1675401840601917044
1675401840648587044
1675401840689410742
1675401840742157201
1675401840782185846
1675401840841580690
1675401840882078086
1675401840922127982
1675401840962711055
1675401841003592409
1675401841044064284
1675401841101976888
1675401841141493086
1675401841181540430
1675401841224752044
1675401841262421263
1675401841305772617
1675401841361341055
1675401841401839961
1675401841441790898
1675401841492675534
1675401841521686679
1675401841581466263
1675401841622003138
1675401841647706836
1675401841702223763
1675401841742306471
1675401841782231940
1675401841841346106
1675401841881713971
1675401841902158346
1675401841981853711
1675401842021422617
1675401842041925950
1675401842081428658
1675401842141549752
1675401842181617200
1675401842222327617
1675401842281753971
1675401842321762565
1675401842362157773
1675401842402048919
1675401842450179440
1675401842490571523
1675401842541668085
1675401842581964856
1675401842611674752
1675401842665520064
1675401842702088658
1675401842741662200
1675401842801865742
1675401842841470846
1675401842881745325
1675401842921458189
1675401842962345689
1675401843006644752
1675401843061997408
1675401843093656314
1675401843142096314
1675401843182157825
1675401843221873502
1675401843281495429
1675401843321881106
1675401843341850689
1675401843381740741
1675401843461344491
1675401843481902877
1675401843522026418
1675401843581565897
1675401843622066991
1675401843661548918
1675401843703432772
1675401843761462824
1675401843801882199
1675401843841888918
1675401843881483710
1675401843924518866
1675401843981846887
1675401844004479647
1675401844041742199
1675401844092681574
1675401844141841001
1675401844182081574
1675401844241722720
1675401844261760012
1675401844321719595
1675401844361934439
1675401844386787512
1675401844442332928
1675401844482343658
1675401844522199803
1675401844581029439
1675401844621815949
1675401844661411522
1675401844722038449
1675401844761913189
1675401844782485793
1675401844822464022
1675401844881541939
1675401844921705741
1675401844969628189
1675401845021690272
1675401845061710897
1675401845103244230
1675401845144093501
1675401845184245845
1675401845242746834
1675401845281828136
1675401845321214803
1675401845361964074
1675401845411690532
1675401845445724699
1675401845482071886
1675401845541985584
1675401845582175115
1675401845621440376
1675401845666136417
1675401845702116834
1675401845761977355
1675401845801581053
1675401845822072355
1675401845881832407
1675401845922588344
1675401845962015011
1675401846021711990
1675401846061820011
1675401846088473917
1675401846162007667
1675401846201720011
1675401846222584386
1675401846262771001
1675401846321685740
1675401846361728865
1675401846409451730
1675401846461692615
1675401846502035844
1675401846541311417
1675401846583869490
1675401846624106053
1675401846661627459
1675401846721676105
1675401846762146052
1675401846788396573
1675401846821845219
1675401846892069959
1675401846921680375
1675401846965681469
1675401847001824490
1675401847061375636
1675401847101685479
1675401847141672094
1675401847181937459
1675401847227198917
1675401847262255688
1675401847321584594
1675401847361733396
1675401847401707719
1675401847461775688
1675401847501491365
1675401847529153344
1675401847568909281
1675401847621760167
1675401847661808969
1675401847721638344
1675401847761674594
1675401847801456781
1675401847841901104
1675401847891065115
1675401847941852510
1675401847981661260
1675401848021777927
1675401848064629437
1675401848101231625
1675401848161643760
1675401848192194906
1675401848225437667
1675401848281666156
1675401848321669229
1675401848361656052
1675401848421568396
1675401848441701052
1675401848501665271
1675401848541341156
1675401848567426312
1675401848621997406
1675401848662564958
1675401848702327979
1675401848761871885
1675401848801871937
1675401848841505948
1675401848889025687
1675401848922523968
1675401848961664125
1675401849022324750
1675401849061628500
1675401849101435218
1675401849142742770
1675401849201524124
1675401849241863656
1675401849281713499
1675401849321929645
1675401849371503239
1675401849421256208
1675401849461610218
1675401849501624020
1675401849541738812
1675401849585886416
1675401849621995999
1675401849670055374
1675401849701993916
1675401849742078499
1675401849801969228
1675401849846990687
1675401849882367405
1675401849921713760
1675401849961607510
1675401850007698603
1675401850061927614
1675401850101972770
1675401850141641885
1675401850201807041
1675401850241903082
1675401850262144332
1675401850329837249
1675401850362289176
1675401850401780634
1675401850461494957
1675401850501945843
1675401850541263395
1675401850582760895
1675401850641264332
1675401850681689072
1675401850721881416
1675401850762308395
1675401850802250218
1675401850851795374
1675401850902144957
1675401850941609645
1675401850972098082
1675401851025974645
1675401851061602561
1675401851105529540
1675401851141765738
1675401851181630009
1675401851241586936
1675401851281473186
1675401851321989801
1675401851361996988
1675401851402265686
1675401851442278863
1675401851502430738
1675401851541649749
1675401851581598134
1675401851641563446
1675401851669387926
1675401851702692040
1675401851761172040
1675401851803257665
1675401851849136780
1675401851881920790
1675401851941583707
1675401851981595009
1675401852023508498
1675401852064557144
1675401852121286103
1675401852161514800
1675401852201677769
1675401852241583394
1675401852281420634
1675401852341598915
1675401852366116050
1675401852401753498
1675401852461567040
1675401852486252977
1675401852541944227
1675401852581698915
1675401852622058186
1675401852661891363
1675401852721529540
1675401852742266259
1675401852802402925
1675401852842075686
1675401852881790998
1675401852941950633
1675401852981647977
1675401853021816050
1675401853061563654
1675401853109158498
1675401853143207144
1675401853201604644
1675401853241584019
1675401853281819852
1675401853329976415
1675401853381575373
1675401853421581779
1675401853464391519
1675401853504490581
1675401853544867352
1675401853601488654
1675401853641872144
1675401853681354644
1675401853721910217
1675401853761421466
1675401853805732977
1675401853841817821
1675401853901487091
1675401853926267664
1675401853966857300
1675401854021437873
1675401854061200946
1675401854101323602
1675401854141664539
1675401854181909591
1675401854242155373
1675401854281794383
1675401854321512716
1675401854381268550
1675401854421588081
1675401854449651466
1675401854502550945
1675401854542376779
1675401854583266050
1675401854629961310
1675401854681495164
1675401854721419747
1675401854770374435
1675401854821681883
1675401854861852768
1675401854901014018
1675401854944966518
1675401854985211987
1675401855021484018
1675401855081284643
1675401855121483914
1675401855146059695
1675401855201428341
1675401855233176153
1675401855281472820
1675401855326032924
1675401855361515685
1675401855406966049
1675401855462427091
1675401855501140580
1675401855541625112
1675401855581545268
1675401855622417403
1675401855681425580
1675401855721308184
1675401855761120372
1675401855822006309
1675401855842238809
1675401855881185737
1675401855942548289
1675401855981518757
1675401856021617924
1675401856081185632
1675401856121278809
1675401856161411934
1675401856201883653
1675401856251530372
1675401856301166674
1675401856341445997
1675401856381484538
1675401856425344018
1675401856461288340
1675401856501358705
1675401856561455372
1675401856586150840
1675401856641379642
1675401856661197559
1675401856713442872
1675401856761566778
1675401856801661257
1675401856841759955
1675401856887228757
1675401856928462247
1675401856981929955
1675401857021886205
1675401857061790476
1675401857121360944
1675401857161385476
1675401857201525111
1675401857249317090
1675401857282602923
1675401857321494069
1675401857383008288
1675401857421379798
1675401857461235788
1675401857503401725
1675401857561619486
1675401857601498548
1675401857641663444
1675401857681502455
1675401857732365632
1675401857781591048
1675401857821941621
1675401857861524069
1675401857901357663
1675401857941436309
1675401858001000944
1675401858021351413
1675401858081143079
1675401858101384486
1675401858141718704
1675401858201504017
1675401858241474329
1675401858281839486
1675401858321632038
1675401858369297506
1675401858421466621
1675401858462038392
1675401858501051517
1675401858561606413
1675401858601380631
1675401858622832454
1675401858681140163
1675401858722996673
1675401858769416048
1675401858801540631
1675401858861965058
1675401858901150423
1675401858943380944
1675401859000943912
1675401859042089433
1675401859081122610
1675401859121457454
1675401859161443964
1675401859211928444
1675401859241618652
1675401859301096204
1675401859321165839
1675401859381574537
1675401859406347662
1675401859481285839
1675401859500735214
1675401859541064173
1675401859581488287
1675401859622063339
1675401859681613860
1675401859721458183
1675401859761847298
1675401859801734589
1675401859862319120
1675401859902042141
1675401859941210579
1675401860001564537
1675401860031015891
1675401860063251568
1675401860121160370
1675401860161419537
1675401860201378652
1675401860261182922
1675401860301450162
1675401860341536256
1675401860384010214
1675401860425564172
1675401860481108391
1675401860521350735
1675401860561697974
1675401860601568599
1675401860641256047
1675401860681291672
1675401860741418026
1675401860761581985
1675401860821451360
1675401860846823755
1675401860886881620
1675401860941346724
1675401860981434589
1675401861021508807
1675401861062004328
1675401861101461932
1675401861161478339
1675401861201831047
1675401861241482401
1675401861301227870
1675401861342023182
1675401861381540474
1675401861423215214
1675401861461750786
1675401861503382245
1675401861561129224
1675401861601566516
1675401861641217349
1675401861690487245
1675401861741356047
1675401861781337505
1675401861824821203
1675401861865688078
1675401861905257245
1675401861961291984
1675401861981580057
1675401862041476151
1675401862081219484
1675401862121252870
1675401862181583182
1675401862222322349
1675401862241721099
1675401862281189380
1675401862327470994
1675401862367397661
1675401862421545161
1675401862461309432
1675401862501240838
1675401862542010994
1675401862601673286
1675401862648545265
1675401862680947296
1675401862740928911
1675401862781490057
1675401862809861046
1675401862863267348
1675401862901174067
1675401862941009380
1675401863001328755
1675401863041455682
1675401863081347505
1675401863130592921
1675401863181090421
1675401863221712088
1675401863261547088
1675401863305609275
1675401863345515161
1675401863381173807
1675401863421028077
1675401863481341775
1675401863510941619
1675401863540963598
1675401863581027244
1675401863661443650
1675401863681205890
1675401863721217921
1675401863767415525
1675401863807691515
1675401863861278077
1675401863901473650
1675401863941817921
1675401863982079431
1675401864041812035
1675401864081163598
1675401864128993598
1675401864181303338
1675401864203192765
1675401864241359535
1675401864303490421
1675401864341003233
1675401864381181983
1675401864421213598
1675401864481036358
1675401864520994431
1675401864561177244
1675401864611880317
1675401864645454952
1675401864685356462
1675401864721452452
1675401864781024691
1675401864821172608
1675401864861218806
1675401864921078129
1675401864961017556
1675401864982067816
1675401865021533754
1675401865061629431
1675401865121071306
1675401865161308233
1675401865201774431
1675401865248610993
1675401865288578285
1675401865342076722
1675401865382213181
1675401865441329222
1675401865481139431
1675401865521348181
1675401865561195577
1675401865610084587
1675401865643822556
1675401865681163910
1675401865741334587
1675401865781483806
1675401865821171826
1675401865864207087
1675401865920711358
1675401865961283858
1675401866001461514
1675401866041427451
1675401866092244587
1675401866141553024
1675401866161303337
1675401866221541566
1675401866261757608
1675401866301137712
1675401866361444691
1675401866401562139
1675401866421422555
1675401866461825003
1675401866501338545
1675401866541519899
1675401866601636982
1675401866641853962
1675401866682062972
1675401866729245212
1675401866782560993
1675401866822409482
1675401866861091670
1675401866921001461
1675401866961417139
1675401866983823857
1675401867041313545
1675401867084431513
1675401867121010211
1675401867181449222
1675401867221531878
1675401867261490316
1675401867304146826
1675401867361012034
1675401867401213701
1675401867441384326
1675401867461997243
1675401867521324586
1675401867566094378
1675401867601497607
1675401867661261409
1675401867701012034
1675401867738608284
1675401867767493232
1675401867841350940
1675401867861607659
1675401867900958805
1675401867941374794
1675401867981846721
1675401868041547711
1675401868088730471
1675401868140775576
1675401868181242294
1675401868223455055
1675401868261104794
1675401868301027607
1675401868361296044
1675401868390207346
1675401868423876305
1675401868480858648
1675401868520966148
1675401868561327138
1675401868621538440
1675401868661608909
1675401868700961357
1675401868744462034
1675401868786041096
1675401868841426252
1675401868881184950
1675401868901114273
1675401868960993596
1675401869001237294
1675401869041378284
1675401869101122398
1675401869141046721
1675401869161302190
1675401869207587606
1675401869247985419
1675401869301049846
1675401869341453388
1675401869401390211
1675401869441291044
1675401869480960263
1675401869529430471
1675401869569225054
1675401869621292242
1675401869661501773
1675401869702714429
1675401869741255627
1675401869783868544
1675401869823759846
1675401869864699117
1675401869921105471
1675401869961221773
1675401870001184585
1675401870051480575
1675401870100996877
1675401870141122762
1675401870184929481
1675401870206187606
1675401870261322658
1675401870301305627
1675401870340920210
1675401870401193231
1675401870441211825
1675401870461394429
1675401870541133075
1675401870581436200
1675401870601057970
1675401870642011408
1675401870687941564
1675401870728128595
1675401870781211668
1675401870841709897
1675401870881499220
1675401870921084168
1675401870961154377
1675401871009557449
1675401871049262137
1675401871100923699
1675401871141229220
1675401871170714429
1675401871224579897
1675401871261082606
1675401871300945679
1675401871360880731
1675401871401364272
1675401871441154168
1675401871481113543
1675401871541004324
1675401871581412397
1675401871621460991
1675401871646879533
1675401871701095626
1675401871741160418
1675401871786480314
1675401871841339533
1675401871881048230
1675401871900841512
1675401871941290782
1675401872021382137
1675401872041654480
1675401872081207657
1675401872141355678
1675401872181641824
1675401872221226043
1675401872262883074
1675401872320731668
1675401872360968751
1675401872401694376
1675401872441241564
1675401872490073439
1675401872540950991
1675401872564297605
1675401872610424116
1675401872651390782
1675401872703851199
1675401872741027605
1675401872781163490
1675401872840974011
1675401872881086668
1675401872921181720
1675401872941639428
1675401873006481667
1675401873046751407
1675401873081918490
1675401873140975626
1675401873181613334
1675401873221285834
1675401873281172501
1675401873320984272
1675401873340903855
1675401873381736876
1675401873421368334
1675401873481040834
1675401873521094219
1675401873581375626
1675401873621365469
1675401873662125938
1675401873702580469
1675401873742683126
1675401873801117188
1675401873841513438
1675401873880908386
1675401873921175938
1675401873970693594
1675401874004611563
1675401874041496980
1675401874100984375
1675401874141213594
1675401874181579219
1675401874224960990
1675401874281603750
1675401874321045157
1675401874360974896
1675401874381659479
1675401874441614948
1675401874481968594
1675401874520988906
1675401874580997552
1675401874621623021
1675401874647557292
1675401874721012552
1675401874760990938
1675401874781034011
1675401874821631354
1675401874881018333
1675401874920968177
1675401874968334010
1675401875021086250
1675401875061348646
1675401875100969375
1675401875143286719
1675401875183207292
1675401875221334740
1675401875281385729
1675401875320774948
1675401875344168281
1675401875400918802
1675401875444834792
1675401875481113021
1675401875541045885
1675401875581184219
1675401875621306823
1675401875665166041
1675401875700684375
1675401875741353073
1675401875801322343
1675401875821601406
1675401875881385416
1675401875920868698
1675401875961327760
1675401876021313645
1675401876061264948
1675401876087832083
1675401876127874843
1675401876201322760
1675401876221372083
1675401876261411666
1675401876321225729
1675401876361283281
1675401876401636770
1675401876450145000
1675401876483640520
1675401876523424427
1675401876583018489
1675401876623893489
1675401876660690572
1675401876720772760
1675401876750703958
1675401876784600208
1675401876840801145
1675401876881005520
1675401876921027083
1675401876981602395
1675401877000996301
1675401877061058333
1675401877100881353
1675401877126194478
1675401877181404687
1675401877221472291
1675401877262191614
1675401877320749947
1675401877360973853
1675401877401162812
1675401877461455364
1675401877500785937
1675401877520913957
1675401877568132291
1675401877621260312
1675401877661086093
1675401877701772864
1675401877761042499
1675401877801081405
1675401877841107395
1675401877881463801
1675401877929949478
1675401877981224374
1675401878021275259
1675401878064065884
1675401878101429999
1675401878144491978
1675401878181258905
1675401878224780468
1675401878281370311
1675401878320917759
1675401878360895624
1675401878412084686
1675401878441507290
1675401878500945884
1675401878541151353
1675401878566786197
1675401878621192082
1675401878661560832
1675401878700947238
1675401878760896717
1675401878800929322
1675401878821159061
1675401878900973592
1675401878941207290
1675401878960927290
1675401879001331144
1675401879061241613
1675401879101084790
1675401879141820311
1675401879201277082
1675401879240920571
1675401879281289009
1675401879321213228
1675401879361519269
1675401879410370519
1675401879461185259
1675401879500682082
1675401879531102863
1675401879584880102
1675401879621150571
1675401879660906977
1675401879720982915
1675401879741075207
1675401879801079009
1675401879841654894
1675401879881134634
1675401879921357446
1675401879961068019
1675401880001456248
1675401880061984477
1675401880100921196
1675401880140887759
1675401880201264165
1675401880241445936
1675401880261827446
1675401880301229165
1675401880361966040
1675401880401000258
1675401880461402706
1675401880501477706
1675401880541011456
1675401880582103696
1675401880623390154
1675401880681546352
1675401880720774321
1675401880760841092
1675401880801463331
1675401880850098956
1675401880901178383
1675401880924382446
1675401880960733019
1675401881025397654
1675401881060956196
1675401881101220831
1675401881160853591
1675401881181093071
1675401881241183071
1675401881280990414
1675401881306399841
1675401881361225831
1675401881401135206
1675401881441606352
1675401881501178227
1675401881540993956
1675401881580869737
1675401881641236039
1675401881681468800
1675401881701889008
1675401881741611977
1675401881801257550
1675401881841041872
1675401881889045675
1675401881940866924
1675401881980778435
1675401882022971977
1675401882064107758
1675401882103425310
1675401882160926039
1675401882200744737
1675401882240807445
1675401882280997029
1675401882331192497
1675401882364561143
1675401882411134112
1675401882440856195
1675401882485865622
1675401882541334789
1675401882581346560
1675401882621465466
1675401882661709424
1675401882707702705
1675401882741770570
1675401882801700518
1675401882841261039
1675401882881183278
1675401882941391820
1675401882981299789
1675401883008942080
1675401883060928539
1675401883101241351
1675401883142176091
1675401883200890518
1675401883241132393
1675401883280869424
1675401883329262393
1675401883381085414
1675401883421070934
1675401883461064893
1675401883503998018
1675401883544724580
1675401883580874684
1675401883641098330
1675401883680875622
1675401883705134893
1675401883760845205
1675401883805600726
1675401883840880205
1675401883901222861
1675401883921437236
1675401883981143747
1675401884021444788
1675401884061173799
1675401884101471247
1675401884148822757
1675401884181278226
1675401884241663747
1675401884281103382
1675401884321427236
1675401884381337913
1675401884421447236
1675401884449055882
1675401884488561871
1675401884541348173
1675401884581327028
1675401884641188903
1675401884681097861
1675401884720831351
1675401884761335048
1675401884811386507
1675401884861040257
1675401884901051819
1675401884941834736
1675401884984315777
1675401885021116194
1675401885081115882
1675401885111359996
1675401885145455882
1675401885201079475
1675401885221110517
1675401885281326663
1675401885325460882
1675401885361254475
1675401885401514944
1675401885461275934
1675401885487616923
1675401885541604788
1675401885581941871
1675401885621249163
1675401885680721506
1675401885720946975
1675401885760967183
1675401885808837704
1675401885841999371
1675401885881339840
1675401885942399006
1675401885981523590
1675401886021391454
1675401886062885308
1675401886120916610
1675401886161318954
1675401886201325360
1675401886241766975
1675401886291099423
1675401886341088433
1675401886381340569
1675401886421220881
1675401886461021246
1675401886505291558
1675401886540986714
1675401886585501923
1675401886640862339
1675401886661655777
1675401886720805777
1675401886766213016
1675401886801212235
1675401886841237391
1675401886881737860
1675401886927140464
1675401886981388641
1675401887021483902
1675401887061209214
1675401887120594995
1675401887160792704
1675401887181780933
1675401887248225985
1675401887282734527
1675401887320977027
1675401887380837860
1675401887420603485
1675401887461117443
1675401887502729422
1675401887561274318
1675401887601309422
1675401887641029839
1675401887681636818
1675401887721616401
1675401887771161974
1675401887820793745
1675401887860822756
1675401887881106297
1675401887941296870
1675401887966326349
1675401888021270776
1675401888072616349
1675401888101395203
1675401888141366245
1675401888201288641
1675401888241366974
1675401888281078380
1675401888321854630
1675401888361594266
1675401888421290307
1675401888460583068
1675401888501920880
1675401888561003484
1675401888589122755
1675401888622387182
1675401888680705412
1675401888723011089
1675401888761024995
1675401888821269474
1675401888860805880
1675401888901170932
1675401888943467599
1675401888983833536
1675401889021632599
1675401889071003380
1675401889121830151
1675401889160767182
1675401889201357182
1675401889261071713
1675401889285179370
1675401889321380307
1675401889381076974
1675401889406298432
1675401889461087442
1675401889501400672
1675401889541508953
1675401889581345932
1675401889641185880
1675401889661425047
1675401889721209838
1675401889761465203
1675401889801104786
1675401889861293015
1675401889901624786
1675401889940978015
1675401889982480151
1675401890021490359
1675401890062747546
1675401890121713953
1675401890160992078
1675401890200775932
1675401890249727911
1675401890300817338
1675401890340966244
1675401890383818171
1675401890424868380
1675401890464785515
1675401890520813119
1675401890561237286
1675401890600856452
1675401890641219734
1675401890681164473
1675401890741516400
1675401890761252442
1675401890820665046
1675401890847050202
1675401890886792129
1675401890941364369
1675401890981037442
1675401891021646400
1675401891061455931
1675401891101404942
1675401891161682390
1675401891201199161
1675401891241283275
1675401891300469994
1675401891340603952
1675401891368682285
1675401891422486869
1675401891461227598
1675401891502850254
1675401891560805202
1675401891601034994
1675401891641040567
1675401891690264785
1675401891740679056
1675401891780874108
1675401891821105619
1675401891865180514
1675401891905128483
1675401891940691400
1675401892001029108
1675401892041103796
1675401892065601087
1675401892121022077
1675401892140691087
1675401892201003639
1675401892246285514
1675401892281309733
1675401892326436660
1675401892366643066
1675401892420667129
1675401892460877962
1675401892501349368
1675401892541784889
1675401892601219420
1675401892641030410
1675401892688035306
1675401892741100827
1675401892762456608
1675401892800771972
1675401892862975462
1675401892902620462
1675401892941095097
1675401892990324056
1675401893041200202
1675401893080733326
1675401893120647910
1675401893171434368
1675401893220927076
1675401893260705826
1675401893301501868
1675401893344921868
1675401893382647181
1675401893421044212
1675401893480848691
1675401893506142076
1675401893560658118
1675401893581148118
1675401893632861295
1675401893681053222
1675401893720926555
1675401893760979785
1675401893807356347
1675401893847740305
1675401893901244576
1675401893941255618
1675401893981945722
1675401894040465670
1675401894080934732
1675401894121025930
1675401894169133066
1675401894202869524
1675401894248958586
1675401894280612545
1675401894330249420
1675401894381081972
1675401894421656451
1675401894481001034
1675401894521301503
1675401894560946034
1675401894601752284
1675401894651864993
1675401894701236815
1675401894741611607
1675401894781102909
1675401894821167440
1675401894866478690
1675401894901290982
1675401894941402805
1675401895000957024
1675401895041248430
1675401895081381347
1675401895133530722
1675401895161192857
1675401895220780201
1675401895260803690
1675401895288071607
1675401895341167024
1675401895381151086
1675401895421076346
1675401895480790513
1675401895521111242
1675401895542759263
1675401895621232128
1675401895661199888
1675401895681251919
1675401895721270461
1675401895783022544
1675401895821213013
1675401895861230409
1675401895920859523
1675401895960908742
1675401896001153325
1675401896041475930
1675401896081171346
1675401896131204107
1675401896181073221
1675401896221144732
1675401896240873117
1675401896306960357
1675401896340771971
1675401896380713221
1675401896440981034
1675401896480973898
1675401896521201659
1675401896560695825
1675401896600711867
1675401896647895252
1675401896700879367
1675401896720994002
1675401896781163429
1675401896821080460
1675401896861068950
1675401896921127231
1675401896960832752
1675401896982583117
1675401897022565929
1675401897080784315
1675401897129550773
1675401897160924731
1675401897220794471
1675401897260985044
1675401897304044106
1675401897344320721
1675401897400522075
1675401897440786241
1675401897481270616
1675401897520660825
1675401897561108950
1675401897620658221
1675401897646457752
1675401897680635148
1675401897741183273
1675401897780858221
1675401897821152231
1675401897880851606
1675401897900551710
1675401897961093168
1675401898001332700
1675401898028261345
1675401898081755408
1675401898122110147
1675401898161850720
1675401898221117231
1675401898260998168
1675401898301522439
1675401898360628741
1675401898401609783
1675401898424079314
1675401898464146033
1675401898521122856
1675401898561021189
1675401898610719835
1675401898661106606
1675401898700825147
1675401898744468220
1675401898785300303
1675401898825479522
1675401898880819574
1675401898921110928
1675401898961196814
1675401899001124053
1675401899041114158
1675401899086633533
1675401899120818220
1675401899181106866
1675401899221048012
1675401899261121032
1675401899307253376
1675401899341262387
1675401899400885459
1675401899440866449
1675401899462029418
1675401899521451449
1675401899561138637
1675401899601809105
1675401899660900407
1675401899700553532
1675401899730171553
1675401899782740147
1675401899821014418
1675401899861229157
1675401899921072282
1675401899960907959
1675401900000843793
1675401900050315511
1675401900101462595
1675401900141209574
1675401900181535824
1675401900225607699
1675401900265503949
1675401900301175407
1675401900360617595
1675401900400758428
1675401900426273324
1675401900480788376
1675401900520790407
1675401900561130772
1675401900620777542
1675401900641157907
1675401900700810407
1675401900741123740
1675401900780900771
1675401900821652282
1675401900869216188
1675401900902438896
1675401900961148167
1675401901001084886
1675401901041439365
1675401901101139521
1675401901141117542
1675401901161000355
1675401901210675511
1675401901260809990
1675401901301010980
1675401901360618167
1675401901401119677
1675401901440711240
1675401901481076188
1675401901531464000
1675401901580629886
1675401901620903375
1675401901661060198
1675401901706099157
1675401901740479677
1675401901800898636
1675401901821067229
1675401901866845302
1675401901921057854
1675401901960596031
1675401902000492386
1675401902060869469
1675401902080648063
1675401902121281552
1675401902180202542
1675401902208433583
1675401902260751344
1675401902301712490
1675401902342102229
1675401902400482646
1675401902440619208
1675401902480997594
1675401902529788948
1675401902563739312
1675401902601042490
1675401902661272490
1675401902700691812
1675401902741080250
1675401902784059937
1675401902840664104
1675401902880842750
1675401902920849000
1675401902962172333
1675401903011882281
1675401903060789885
1675401903100997906
1675401903140992385
1675401903181391239
1675401903226874104
1675401903261251083
1675401903301342854
1675401903360990823
1675401903381311656
1675401903441398895
1675401903481355927
1675401903521588218
1675401903561582333
1675401903601604312
1675401903649568635
1675401903701656187
1675401903741289156
1675401903781361968
1675401903841113218
1675401903880973999
1675401903903454833
1675401903960756343
1675401904003976447
1675401904041036187
1675401904100756604
1675401904140732541
1675401904181013166
1675401904224483166
1675401904281042072
1675401904320717124
1675401904360826551
1675401904401115666
1675401904440566343
1675401904492254728
1675401904540704312
1675401904580377593
1675401904600838739
1675401904661016343
1675401904687246082
1675401904740730405
1675401904780483843
1675401904821103582
1675401904860793791
1675401904920694676
1675401904960829676
1675401905001247749
1675401905040828582
1675401905081420093
1675401905141288426
1675401905181002853
1675401905221016864
1675401905280960145
1675401905310423270
1675401905343948843
1675401905401083270
1675401905441026343
1675401905481059780
1675401905541174207
1675401905580919311
1675401905620512697
1675401905664249415
1675401905705632801
1675401905760510978
1675401905800845301
1675401905841122645
1675401905880793582
1675401905920682020
1675401905980850717
1675401906007269051
1675401906040987801
1675401906101022957
1675401906127724624
1675401906180943009
1675401906220532124
1675401906261069311
1675401906301705301
1675401906361344259
1675401906382108842
1675401906440806967
1675401906481272488
1675401906521412228
1675401906580459363
1675401906620708530
1675401906660682071
1675401906700508582
1675401906740416082
1675401906783622436
1675401906840692280
1675401906880618894
1675401906921136498
1675401906970626759
1675401907020859467
1675401907060846394
1675401907100715457
1675401907145718738
1675401907185821029
1675401907240806498
1675401907280429675
1675401907320973373
1675401907360460509
1675401907400663217
1675401907460611290
1675401907480800717
1675401907540234363
1675401907561080040
1675401907607765352
1675401907667529727
1675401907701073581
1675401907741298165
1675401907782282175
1675401907822830456
1675401907881036758
1675401907921344519
1675401907960804935
1675401908020683581
1675401908060671758
1675401908090426915
1675401908144222227
1675401908180829987
1675401908220685977
1675401908280556967
1675401908320656446
1675401908360665977
1675401908400287071
1675401908460633321
1675401908500249102
1675401908540448633
1675401908585615143
1675401908626219883
1675401908660985196
1675401908720452956
1675401908761378946
1675401908792702904
1675401908841008633
1675401908860968841
1675401908921258529
1675401908968053060
1675401909000759102
1675401909041265820
1675401909100940508
1675401909141045925
1675401909180833372
1675401909221484049
1675401909262689987
1675401909321308112
1675401909360973060
1675401909400915560
1675401909460635039
1675401909484132174
1675401909520469466
1675401909584369154
1675401909620742487
1675401909660641185
1675401909720940924
1675401909760934153
1675401909800834466
1675401909840407018
1675401909881239726
1675401909940373528
1675401909980661966
1675401910020512226
1675401910066524258
1675401910100684570
1675401910141199518
1675401910201096393
1675401910227180924
1675401910280633112
1675401910301194882
1675401910341101393
1675401910401636914
1675401910440972799
1675401910481245924
1675401910521064049
1675401910569735976
1675401910621533580
1675401910661307695
1675401910703184466
1675401910760631601
1675401910800472278
1675401910840667747
1675401910890667747
1675401910924409518
1675401910960948007
1675401911020317434
1675401911060887590
1675401911100676497
1675401911144147903
1675401911200495663
1675401911241185403
1675401911280993632
1675401911320946028
1675401911360852278
1675401911420533319
1675401911460990715
1675401911500222226
1675401911540682694
1675401911586924622
1675401911640738684
1675401911660571028
1675401911720601288
1675401911741675924
1675401911781180455
1675401911840785194
1675401911880578528
1675401911921207121
1675401911960887434
1675401912000760715
1675401912060757434
1675401912101393371
1675401912140523111
1675401912200695663
1675401912240764413
1675401912264123736
1675401912320924673
1675401912365079934
1675401912400648111
1675401912460523892
1675401912500576236
1675401912541335871
1675401912585571652
1675401912640909829
1675401912680855975
1675401912720530871
1675401912761344986
1675401912800782381
1675401912853290298
1675401912880812850
1675401912940391965
1675401912960348788
1675401913020527746
1675401913047331965
1675401913120356861
1675401913140348527
1675401913181209308
