1675401823350405280,93.10913,-38.194275,-117.33856
1675401823450003718,93.081665,-36.787415,-118.8591
1675401823651593665,93.02521,-36.245728,-119.49005
1675401823849492624,93.00995,-35.01091,-120.342636
1675401824050223769,91.78276,-32.585907,-122.71309
1675401824250017676,85.96954,-34.249878,-121.66138
1675401824450592155,72.05315,-34.17816,-118.56041
1675401824651642207,52.721786,-33.11653,-110.57625
1675401824852498405,32.209778,-32.74727,-95.73593
1675401825055906061,15.107346,-28.927612,-78.18527
1675401825250741894,5.7647705,-22.855759,-57.28836
1675401825452228404,6.081009,-21.40007,-37.130737
1675401825653433352,11.305237,-14.84642,-22.010422
1675401825851484758,14.526367,-3.911972,-22.779846
1675401826052463300,20.235062,-7.993698,-39.409637
1675401826249952206,22.214508,-9.083557,-61.09543
1675401826450434810,19.023132,-12.712097,-83.924866
1675401826650890175,17.354965,-21.472168,-98.16589
1675401826850395696,9.116364,-14.022827,-104.558945
1675401827051774550,-12.171555,-2.4524689,-99.24545
1675401827251965331,-33.29506,-7.9673767,-75.10719
1675401827451525591,-27.578354,-13.806915,-58.22754
1675401827650942883,-12.630463,-19.628143,-46.944427
1675401827850180956,16.601562,-28.090668,-50.805664
1675401828052824289,50.484085,-21.213913,-75.959015
1675401828250659705,61.444855,-11.459351,-93.24608
1675401828450785591,68.222046,-5.36499,-103.17268
1675401828651531632,73.40317,1.1138916,-108.6174
1675401828850796320,76.48201,8.683395,-110.54344
1675401829050099393,77.72522,16.089249,-109.9762
1675401829250022570,78.50952,23.633194,-106.88133
1675401829450055851,78.09639,29.471588,-102.726746
1675401829650067830,76.099396,33.312225,-98.70224
1675401829850410903,76.49422,36.503983,-94.53583
1675401830050361476,81.16226,35.855484,-92.746735
1675401830250470278,88.4182,29.21753,-93.00041
1675401830451713975,94.61975,18.515778,-95.747375
1675401830651351267,93.81943,4.419327,-100.32196
1675401830852558454,85.35156,-8.020782,-102.68135
1675401831051563246,74.80011,-15.9210205,-103.00293
1675401831252062933,69.30008,-20.764542,-101.14021
1675401831450474756,71.90018,-23.552322,-97.455215
1675401831650526423,81.01921,-25.097275,-93.63632
1675401831850922360,91.47339,-25.244522,-89.07471
1675401832050297100,98.493576,-25.738525,-83.353424
1675401832250882568,100.37537,-26.410675,-77.415085
1675401832450708558,98.913956,-27.67067,-71.98906
1675401832650136162,96.72775,-29.047394,-66.877365
1675401832850503766,95.50362,-28.298187,-62.210083
1675401833051091110,95.29953,-26.647186,-58.361053
1675401833250608818,95.33615,-24.63646,-54.865646
1675401833450747099,95.0695,-23.266983,-52.354813
1675401833651530537,94.763565,-22.624588,-51.033783
1675401833851371943,94.41452,-22.80159,-50.68016
1675401834051860276,93.32123,-23.745346,-51.124573
1675401834250352568,92.76466,-24.561691,-51.700592
1675401834451011682,92.12761,-25.510406,-52.109528
1675401834650933713,91.1068,-25.969315,-52.33078
1675401834850396682,90.61928,-26.355362,-52.16255
1675401835051038765,89.8777,-26.322174,-51.677704
1675401835251439859,89.37912,-25.816727,-51.15547
1675401835451902515,89.65645,-25.379562,-50.337982
1675401835651256473,90.04021,-24.605942,-49.892044
1675401835852057150,90.6723,-23.824692,-49.446487
1675401836051534702,91.55884,-23.407364,-49.039078
1675401836251911577,92.20009,-22.979355,-48.965836
1675401836451675119,92.97104,-22.67723,-49.097443
1675401836651749494,93.63327,-22.806168,-49.58229
1675401836851321265,94.07959,-22.551346,-49.972916
1675401837051350119,94.63959,-22.29309,-50.289536
1675401837251631108,95.28885,-22.161484,-50.086594
1675401837451059546,95.77522,-21.811676,-50.01259
1675401837651480848,96.10329,-21.672058,-50.32921
1675401837850718452,96.80939,-21.59462,-50.349808
1675401838051769858,97.27554,-21.320724,-50.72174
1675401838251510274,97.73903,-21.083832,-50.8152
1675401838451042722,98.158646,-21.03386,-50.779343
1675401838650982306,98.12851,-20.775223,-50.983047
1675401838851568035,98.12889,-20.756912,-50.946045
1675401839051298243,97.99614,-20.761108,-51.038742
1675401839251253035,97.78519,-20.822906,-50.92697
1675401839451432462,97.45865,-20.925522,-50.629044
1675401839651754545,97.07794,-20.936966,-50.40512
1675401839851008295,96.785736,-21.131134,-49.90349
1675401840050759909,96.255875,-21.036148,-49.622726
1675401840251118242,95.871735,-21.121216,-49.212646
1675401840451773086,95.32623,-21.50879,-49.007797
1675401840651090534,95.00046,-21.593094,-49.136734
1675401840850938398,94.66667,-21.918869,-49.21112
1675401841051165534,94.332504,-22.282028,-49.285507
1675401841251582669,94.43092,-22.18628,-49.32251
1675401841451276107,94.2791,-22.172928,-49.303818
1675401841651104440,94.37714,-22.076416,-49.062347
1675401841850888190,94.57588,-21.79184,-49.006653
1675401842051364231,94.37218,-21.63124,-49.15428
1675401842250720533,94.355774,-21.53778,-48.91243
1675401842450817148,94.31763,-21.520615,-48.80104
1675401842651485273,94.48433,-21.664047,-48.89412
1675401842850904439,94.80171,-21.839523,-48.820877
1675401843051303554,95.0264,-21.944427,-48.93341
1675401843251243293,95.311356,-21.972275,-49.100494
1675401843450940793,95.41588,-21.69075,-49.193573
1675401843651459595,95.55397,-21.51947,-49.00818
1675401843851014647,95.7695,-21.346283,-49.287033
1675401844051100168,95.962906,-21.229553,-49.343872
1675401844251163345,96.20705,-21.334076,-49.475098
1675401844451412408,96.28372,-21.35086,-49.865723
1675401844651301626,96.362686,-21.274567,-49.97711
1675401844851315897,96.38443,-21.199799,-49.9588
1675401845051383345,96.6301,-21.247482,-50.16365
1675401845251020845,96.993256,-21.16127,-49.978256
1675401845451597095,97.12677,-21.157074,-50.12741
1675401845651587563,97.63718,-21.271515,-50.499725
1675401845851351730,97.6799,-21.121979,-50.46234
1675401846051522251,97.72568,-21.455002,-50.426483
1675401846251353292,97.68524,-21.51184,-50.296402
1675401846452689594,97.397995,-21.557617,-50.20294
1675401846652197719,97.395706,-21.631622,-50.240326
1675401846851641990,97.198105,-21.303558,-50.442886
1675401847051370636,97.21756,-21.265411,-50.182343
1675401847251468084,97.16644,-21.100235,-50.27504
1675401847450978083,96.88072,-21.090698,-49.884033
1675401847651442667,96.60835,-21.266556,-49.679565
1675401847851293448,96.41266,-21.458054,-49.772644
1675401848051545479,95.97511,-21.471405,-49.585724
1675401848251491208,95.8004,-21.606827,-49.77112
1675401848451304333,95.72601,-21.552658,-49.715042
1675401848651214437,95.51315,-21.689606,-49.845123
1675401848851400531,95.77789,-21.680832,-49.51172
1675401849051320791,95.39375,-21.784973,-49.399185
1675401849251333968,95.23926,-21.863937,-49.38011
1675401849451201208,95.25719,-21.881866,-49.175644
1675401849651634385,95.010376,-21.90857,-49.341965
1675401849851727405,95.111465,-21.720123,-49.212646
1675401850051472197,95.16487,-21.83075,-49.287796
1675401850251194124,95.07408,-21.704102,-49.47281
1675401850451558603,95.31937,-21.770477,-49.640656
1675401850651997249,95.65964,-21.852493,-49.9012
1675401850851475218,95.76416,-21.570206,-49.84474
1675401851051420322,96.12808,-21.483994,-49.808502
1675401851252051363,96.3707,-21.625519,-49.88365
1675401851451443707,96.67778,-21.523666,-49.847412
1675401851651995582,97.09015,-21.715546,-50.183487
1675401851851411311,97.073746,-21.642685,-50.257874
1675401852051825321,97.17636,-21.416855,-50.387955
1675401852251401311,97.36481,-21.466446,-50.462723
1675401852451471259,97.54219,-21.275711,-50.5558
1675401852651609852,98.13423,-21.16394,-50.593567
1675401852852428550,98.04001,-21.129608,-50.462723
1675401853051558550,97.96333,-21.169662,-50.77858
1675401853253623081,98.072815,-21.31424,-50.74196
1675401853451368602,97.97821,-21.317673,-50.909424
1675401853651608810,98.4314,-21.414948,-51.13411
1675401853851817560,98.64769,-21.185684,-50.985336
1675401854051394904,98.59123,-21.169281,-51.021957
1675401854253181779,98.40355,-21.100998,-50.94719
1675401854451866935,98.25363,-21.012497,-50.686646
1675401854652042195,97.989655,-20.946121,-50.667572
1675401854851783497,97.922134,-20.669937,-50.592804
1675401855051998028,97.72949,-20.730972,-50.424957
1675401855252221570,97.34573,-20.854187,-50.4982
1675401855451663445,97.22633,-21.025085,-50.51613
1675401855652251518,97.037125,-20.974731,-50.366974
1675401855851892299,97.16797,-21.044922,-50.367355
1675401856052106726,97.53647,-20.8107,-50.182343
1675401856251889174,97.54753,-21.032333,-49.923325
1675401856451819122,97.56203,-21.199036,-50.053787
1675401856651641830,97.46361,-21.313095,-50.016785
1675401856851781622,97.17598,-21.416092,-50.35019
1675401857052321674,97.46704,-21.259308,-50.740433
1675401857251759851,97.452545,-21.092606,-50.47989
1675401857451697090,97.341156,-21.022415,-50.4982
1675401857652116153,97.44034,-20.88852,-50.442886
1675401857851983705,97.1405,-20.768356,-50.497818
1675401858051976569,97.247696,-21.006012,-50.665665
1675401858251864277,97.51396,-20.998001,-50.852203
1675401858452016465,97.74094,-21.028137,-50.88997
1675401858652434277,98.12126,-21.016312,-50.98381
1675401858852266360,98.33603,-20.862198,-51.28174
1675401859051897298,98.22388,-20.791245,-51.11389
1675401859252853027,98.150635,-20.71991,-51.20659
1675401859453540162,98.09418,-20.68367,-50.83542
1675401859651987454,97.97287,-20.891571,-50.816727
1675401859852088808,98.18535,-20.8107,-51.09558
1675401860052024433,98.14415,-20.904541,-51.07689
1675401860251805995,98.25897,-20.883179,-51.33667
1675401860452403235,98.43254,-20.80307,-51.07689
1675401860651811360,98.38829,-20.98999,-50.96588
1675401860852347870,98.389435,-20.952988,-51.05896
1675401861051945266,98.064804,-20.999527,-51.020813
1675401861252043234,97.89543,-20.949554,-51.26152
1675401861452182661,97.81952,-20.951843,-51.27983
1675401861651851620,97.89162,-21.06018,-50.90828
1675401861852012140,98.0072,-21.038437,-50.87166
1675401862052146359,97.80121,-20.970917,-51.000977
1675401862252146880,97.81799,-21.007538,-50.815582
1675401862452060265,97.66731,-20.956802,-50.982285
1675401862652025161,97.53418,-20.96138,-51.130295
1675401862851734901,97.72453,-20.917511,-50.8152
1675401863052008494,97.715,-20.658112,-51.18599
1675401863252092036,97.80617,-20.803833,-51.27983
1675401863452075213,98.1266,-20.86792,-51.187897
1675401863653136567,98.295975,-20.936966,-51.355362
1675401863852341150,98.426056,-21.025848,-51.33705
1675401864052357556,98.60039,-20.908737,-51.22528
1675401864252453858,98.47412,-20.708466,-51.3546
1675401864452055837,98.37532,-20.822906,-51.298904
1675401864652288077,98.46611,-20.931625,-51.187897
1675401864852333389,98.48137,-21.042252,-51.021194
1675401865052615941,98.53096,-21.24443,-50.724792
1675401865252491618,98.534775,-21.152496,-51.114655
1675401865452780629,98.5157,-21.171188,-51.077652
1675401865652403181,98.293686,-20.993042,-51.262665
1675401865853161514,98.26927,-21.17958,-51.43013
1675401866054000941,98.36159,-21.23146,-51.096344
1675401866252420003,98.435974,-21.266556,-51.133347
1675401866452159326,98.5466,-21.374893,-51.28212
1675401866652573962,98.5157,-21.152878,-51.169586
1675401866852540472,98.51532,-21.152878,-51.05858
1675401867052208857,98.44551,-20.96901,-50.9655
1675401867252539378,98.37341,-20.85991,-50.96512
1675401867452200940,98.45886,-21.154785,-51.003647
1675401867652378961,98.36044,-21.2883,-51.244354
1675401867852488128,98.207855,-21.293259,-51.151276
1675401868052472867,98.373795,-21.435928,-50.966263
1675401868252162190,98.321915,-21.269989,-50.891495
1675401868452760575,98.21892,-20.920181,-50.704956
1675401868652411305,98.29483,-20.936203,-50.816345
1675401868852332554,98.111725,-20.71991,-50.92697
1675401869052481461,98.24638,-20.67871,-50.983047
1675401869253375002,98.41232,-20.821762,-51.039505
1675401869452907398,98.23723,-20.938492,-50.89073
1675401869652790054,98.349,-21.008682,-50.761414
1675401869853051617,98.17848,-20.995712,-50.85373
1675401870052740314,98.38867,-20.970917,-50.891113
1675401870252487346,98.771286,-20.903778,-51.003265
1675401870454099741,98.78769,-20.996094,-51.077652
1675401870653509898,98.87085,-20.789337,-51.15204
1675401870854520158,98.58322,-20.872498,-51.095963
1675401871055269220,98.48862,-20.87593,-51.31874
1675401871252860366,98.52562,-20.874786,-51.151657
1675401871455623856,98.33069,-20.991898,-50.946808
1675401871659016043,98.60153,-20.853806,-51.07727
1675401871855810210,98.635864,-20.944595,-50.91057
1675401872056385991,98.45352,-20.72792,-51.20659
1675401872257924584,98.740005,-20.700455,-51.31836
1675401872458362553,98.50922,-20.762634,-51.09482
1675401872658976095,98.26851,-20.58525,-51.16844
1675401872852959480,98.36273,-20.619202,-51.150513
1675401873053077449,98.10753,-20.868683,-51.132202
1675401873253057032,98.18115,-20.9404,-50.928497
1675401873452643386,98.39554,-20.747757,-50.667953
1675401873652613698,98.14491,-20.829773,-50.370407
1675401873853036511,98.14377,-20.885468,-50.5188
1675401874052755313,98.10715,-20.831299,-50.66719
1675401874252987657,97.852325,-21.09909,-50.945663
1675401874453714115,97.99271,-21.465683,-51.020813
1675401874652652084,98.018265,-21.261215,-51.039124
1675401874853243177,98.057175,-21.241379,-51.09482
1675401875053014323,98.036194,-21.298218,-51.07689
1675401875252869948,98.174286,-21.145248,-51.11389
1675401875453178229,98.158264,-21.03386,-50.946808
1675401875654342552,98.09837,-21.128464,-50.96512
1675401875853911718,98.16208,-20.903015,-50.835037
1675401876052935364,98.24333,-20.733643,-50.74196
1675401876253810572,98.43254,-20.764542,-50.74234
1675401876453171249,98.316956,-20.82405,-50.798416
1675401876653098177,98.3696,-20.97168,-50.946808
1675401876853123489,98.33679,-20.843124,-51.281357
1675401877053874895,98.358536,-20.768738,-51.392746
1675401877253312551,98.49777,-20.59822,-51.70822
1675401877452981978,98.612976,-20.55664,-51.55983
1675401877652962916,98.82202,-20.531845,-51.44844
1675401877853308749,98.70224,-20.702744,-51.485443
1675401878053267134,98.71979,-20.71991,-51.20697
1675401878253525259,98.79265,-20.8107,-51.31874
1675401878453470207,98.60039,-20.890808,-51.30005
1675401878654227499,98.52295,-20.948792,-51.263046
1675401878853100624,98.60611,-21.29898,-51.1528
1675401879053182759,98.53287,-21.226883,-51.115417
1675401879253617863,98.60153,-21.44661,-51.00441
1675401879453354790,98.64159,-21.370697,-50.836945
1675401879653322707,98.49815,-21.134186,-50.96588
1675401879853031665,98.4787,-21.15364,-50.94757
1675401880053077967,98.23685,-20.994568,-51.039505
1675401880253603071,98.371124,-20.934296,-50.891113
1675401880453193540,98.3757,-20.785141,-50.85373
1675401880653246196,98.28186,-20.75119,-50.946045
1675401880853435102,98.449326,-20.838165,-50.705338
1675401881053423227,98.28949,-21.085358,-50.946808
1675401881253107758,98.32535,-21.158981,-51.05858
1675401881453268800,98.55194,-21.207428,-51.189423
1675401881653279008,98.39935,-21.268845,-51.52359
1675401881853459789,98.464584,-21.006393,-51.337433
1675401882053381768,98.62099,-20.852661,-51.244736
1675401882253212914,98.33908,-20.750427,-51.18828
1675401882453246976,98.39859,-20.674133,-51.150894
1675401882653289268,98.58971,-20.668411,-51.355743
1675401882853326716,98.604965,-20.816803,-51.522827
1675401883053891820,98.84148,-21.124268,-51.374817
1675401883253568695,99.20807,-20.946121,-51.37596
1675401883453699268,99.17412,-20.798874,-51.356888
1675401883653658747,99.04175,-20.765686,-51.319504
1675401883853239007,99.10469,-20.596695,-51.50566
1675401884053950517,98.81897,-20.586395,-51.31874
1675401884253788122,98.92769,-20.768738,-51.468277
1675401884455212913,98.921585,-20.954132,-51.338577
1675401884653766871,98.66943,-21.092224,-51.15204
1675401884853553121,98.62518,-21.31691,-51.431274
1675401885053489475,98.31352,-21.548843,-51.18904
1675401885255162340,98.389435,-21.527863,-51.077652
1675401885455247913,98.58627,-21.336365,-51.15204
1675401885653612392,98.703,-21.239853,-51.07727
1675401885853751663,98.80905,-20.883942,-51.021576
1675401886053583225,98.758316,-20.719147,-51.20697
1675401886253662965,98.75908,-20.681381,-51.114273
1675401886453753537,98.81287,-20.790482,-50.966644
1675401886653586714,98.72322,-20.645523,-51.18904
1675401886853537964,98.93036,-20.67604,-50.984955
1675401887053650620,99.152756,-20.854568,-50.930023
1675401887253679735,99.193954,-20.761108,-51.078033
1675401887453956193,99.29466,-21.18454,-51.190567
1675401887653726245,99.2012,-21.1689,-51.46942
1675401887854014787,98.981094,-20.915985,-51.524353
1675401888055209995,98.94829,-20.730972,-51.356506
1675401888255086922,98.88344,-20.361328,-51.132584
1675401888453782235,98.67363,-20.367432,-50.983047
1675401888654180359,98.61565,-20.425797,-51.094437
1675401888854760828,98.45543,-20.70961,-51.317978
1675401889054867651,98.37303,-20.93544,-51.392746
1675401889253869161,98.545074,-20.893097,-51.263046
1675401889453814995,98.61908,-20.927048,-51.095963
1675401889653837026,98.70186,-20.720673,-51.20697
1675401889853798067,98.81401,-20.772934,-51.263046
1675401890053811661,98.56644,-20.799255,-51.374435
1675401890253773171,98.45581,-20.710373,-51.485443
1675401890454583952,98.48366,-20.986176,-51.021576
1675401890654849786,98.56491,-20.816422,-51.05858
1675401890855332025,98.635864,-20.980835,-51.07727
1675401891054195150,98.747635,-21.032333,-50.81749
1675401891254855879,98.48518,-20.949173,-51.151276
1675401891454865254,98.58246,-20.853424,-50.98419
1675401891655486192,98.646164,-20.628738,-50.59433
1675401891854007077,98.566055,-20.780563,-50.891876
1675401892055488796,98.78082,-20.58754,-50.780487
1675401892254714889,98.56224,-20.890808,-50.70572
1675401892454550775,98.57674,-21.058273,-51.151657
1675401892654959420,98.526764,-20.817947,-51.039886
1675401892854031504,98.6969,-20.850372,-51.114655
1675401893054230983,98.86818,-20.845032,-51.208496
1675401893253997233,98.96393,-20.804596,-51.115417
1675401893454622024,99.02496,-20.692062,-51.28212
1675401893653923118,98.87352,-20.67871,-51.226044
1675401893854081191,98.78693,-20.421982,-51.20697
1675401894053863014,98.86551,-20.344925,-51.18866
1675401894254185045,98.79379,-20.8107,-51.208115
1675401894454068795,98.664856,-20.68367,-51.132965
1675401894654774680,98.662186,-20.776749,-51.262665
1675401894854196190,98.60306,-20.83435,-51.31836
1675401895054347544,98.64693,-20.64743,-51.262283
1675401895254475149,98.78616,-21.032715,-51.30081
1675401895454122180,98.633194,-21.055603,-51.05896
1675401895654474159,98.65532,-20.962143,-50.854874
1675401895854193013,98.63701,-20.944214,-50.68741
1675401896055090669,98.66333,-20.721436,-50.72403
1675401896254968534,98.83003,-20.864868,-50.92926
1675401896454570669,98.620605,-20.890045,-51.132584
1675401896654433377,98.71178,-20.97969,-51.05896
1675401896854095877,98.76404,-21.107483,-50.762558
1675401897054474731,98.84682,-20.882034,-50.66986
1675401897254525200,98.94409,-20.805359,-50.76332
1675401897454181241,98.895645,-20.547485,-50.91133
1675401897655688325,99.06807,-20.542908,-51.24588
1675401897855029731,98.85712,-20.62416,-51.319504
1675401898055722439,98.97385,-20.54634,-51.356506
1675401898254941137,99.020386,-20.859528,-51.115417
1675401898454475460,98.72398,-20.608902,-51.11389
1675401898654906085,98.49777,-20.541763,-51.187515
1675401898855262699,98.381424,-20.5822,-50.909042
1675401899054156189,98.33336,-20.324326,-51.15013
1675401899255727699,98.17772,-20.420837,-50.77896
1675401899455327387,98.48213,-20.4113,-50.761032
1675401899654386970,98.51456,-20.614624,-50.87242
1675401899855121032,98.32001,-20.769882,-51.020813
1675401900054937178,98.581314,-20.929337,-51.263046
1675401900255107282,98.63777,-20.94574,-51.244736
1675401900455382126,98.54698,-20.799255,-51.28174
1675401900656090876,98.73772,-20.755768,-50.92926
1675401900854987074,98.435974,-20.6913,-51.09558
1675401901055245719,98.223114,-20.790482,-50.96512
1675401901254722803,98.33374,-20.8992,-51.002502
1675401901455386396,98.24219,-20.808792,-51.169205
1675401901655010511,98.278046,-20.881653,-50.98343
1675401901855845459,98.54431,-20.892334,-51.169586
1675401902055557386,98.480225,-21.116638,-51.058197
1675401902255164833,98.49663,-21.209717,-51.31836
1675401902454622073,98.59314,-21.15097,-51.56021
1675401902654696031,98.57063,-21.24443,-51.448822
1675401902855104156,98.63396,-21.057129,-51.597214
1675401903055217489,98.73047,-20.97931,-51.17035
1675401903254521864,98.76442,-21.107864,-50.92926
1675401903454661552,98.42911,-20.914078,-50.94719
1675401903654938322,98.50426,-20.949173,-50.92964
1675401903855795093,98.65112,-21.130753,-51.153183
1675401904054764364,98.73009,-21.036148,-51.431656
1675401904255298843,98.88077,-21.068954,-51.394653
1675401904455867020,98.84338,-21.01326,-51.096725
1675401904654796239,98.59352,-21.095276,-51.151657
1675401904854996864,98.28987,-21.08574,-50.927734
1675401905054716968,98.22655,-21.27266,-50.779343
1675401905255259936,98.07587,-21.240616,-50.927353
1675401905454979207,98.303604,-21.232986,-50.649643
1675401905655267853,98.752594,-20.847702,-50.669098
1675401905854735301,98.79913,-20.586395,-50.631714
1675401906055085874,98.98491,-20.729446,-50.744247
1675401906254893113,98.87657,-20.58487,-51.003647
1675401906454758009,98.68889,-21.09108,-50.66948
1675401906654727644,98.80028,-21.162033,-50.725937
1675401906854943321,98.651886,-21.055222,-50.762558
1675401907054638321,98.70987,-21.016312,-50.836945
1675401907254925821,98.739624,-20.700836,-51.15242
1675401907454795665,98.66524,-20.665741,-51.244736
1675401907654778998,98.50693,-20.837784,-51.07727
1675401907855159675,98.33641,-20.805359,-50.89073
1675401908055003842,98.18077,-20.921707,-50.964737
1675401908254784883,98.13919,-21.01593,-50.815964
1675401908454810300,98.529434,-20.726013,-51.039124
1675401908655116393,98.407745,-20.970917,-51.020813
1675401908855211654,98.71178,-20.960999,-50.928497
1675401909055220872,98.92464,-20.843124,-50.891876
1675401909255463893,98.78807,-20.939255,-50.743103
1675401909455485612,99.022675,-20.766449,-51.05896
1675401909654977279,98.96393,-20.82405,-51.077652
1675401909854940299,98.88649,-20.901108,-51.30043
1675401910055104466,98.77739,-20.75653,-51.467514
1675401910254990768,98.965836,-20.787048,-51.37558
1675401910455210924,98.71521,-20.906067,-51.4122
1675401910655625716,98.65303,-21.056366,-51.52359
1675401910857745351,98.59123,-21.187592,-51.263046
1675401911056685195,98.44284,-21.062088,-51.132202
1675401911255126392,98.300934,-20.73288,-51.131058
1675401911455115455,98.5508,-20.650864,-51.057434
1675401911655028476,98.47679,-20.59822,-51.2249
1675401911855080351,98.441696,-20.506287,-51.169205
1675401912054997955,98.58742,-20.724487,-51.30005
1675401912255001861,98.516846,-20.541382,-51.262665
1675401912454963267,98.646164,-20.667267,-51.263428
1675401912655644621,98.45581,-20.69168,-51.263046
1675401912855240715,98.755264,-20.79277,-50.836945
1675401913055083058,98.40584,-21.044922,-50.91057
1675401913255094465,98.223114,-20.827866,-50.946426
1675401913454910819,98.61755,-20.945358,-50.83618
