1675401823401385020
1675401823600841478
1675401823801043040
1675401824001167832
1675401824201543249
1675401824411500019
1675401824612037936
1675401824811159290
1675401825015041009
1675401825214486217
1675401825406407727
1675401825618684550
1675401825817873456
1675401826017148821
1675401826215747935
1675401826416406425
1675401826626062883
1675401826826406477
1675401827005342258
1675401827205956164
1675401827405922727
1675401827600670747
1675401827810985643
1675401828011434497
1675401828210415278
1675401828410818351
1675401828610888455
1675401828820450955
1675401829020477778
1675401829220522778
1675401829420740122
1675401829620896788
1675401829815801059
1675401830025499861
1675401830225735746
1675401830426527673
1675401830605853298
1675401830807665746
1675401831016541840
1675401831220561058
1675401831416246163
1675401831616183090
1675401831815907360
1675401832011206006
1675401832221507777
1675401832421087308
1675401832621493350
1675401832821308454
1675401833021356943
1675401833231145172
1675401833431257724
1675401833630801630
1675401833830403141
1675401834031199859
1675401834225777307
1675401834416357047
1675401834616075484
1675401834816169755
1675401835016474703
1675401835216160588
1675401835426188401
1675401835626327619
1675401835826121473
1675401836026121682
1675401836226370171
1675401836421122619
1675401836631231786
1675401836831451577
1675401837031331629
1675401837230481004
1675401837431402150
1675401837641443400
1675401837841019077
1675401838020792045
1675401838220855639
1675401838421063295
1675401838616526524
1675401838826165899
1675401839026476576
1675401839226445535
1675401839426209597
1675401839626090743
1675401839836401784
1675401840035256159
1675401840236121784
1675401840436336107
1675401840635978138
1675401840831263659
1675401841041319492
1675401841241224023
1675401841441038086
1675401841641445898
1675401841820915377
1675401842020642877
1675401842230943294
1675401842430915221
1675401842631058242
1675401842830828189
1675401843026030221
1675401843236348554
1675401843436355533
1675401843636221939
1675401843835736991
1675401844036503554
1675401844235963501
1675401844446093605
1675401844646029699
1675401844846019074
1675401845045922251
1675401845241143188
1675401845431254230
1675401845631478657
1675401845830783084
1675401846031225688
1675401846231468136
1675401846430715532
1675401846640992094
1675401846841046730
1675401847041049073
1675401847240885531
1675401847436367927
1675401847646577406
1675401847845804906
1675401848046273552
1675401848246309229
1675401848445963604
1675401848646183343
1675401848856491156
1675401849055730166
1675401849236253499
1675401849436098291
1675401849631095531
1675401849841083708
1675401850041111364
1675401850241528134
1675401850441451728
1675401850641327666
1675401850840828238
1675401851051022613
1675401851250904749
1675401851450688759
1675401851651034384
1675401851846601467
1675401852055799488
1675401852256319071
1675401852456301415
1675401852656013186
1675401852836063238
1675401853035520633
1675401853246232717
1675401853446204019
1675401853646120477
1675401853846403498
1675401854041320893
1675401854250842508
1675401854450642195
1675401854651422716
1675401854850806258
1675401855051283549
1675401855251099018
1675401855460878133
1675401855660793237
1675401855861404487
1675401856061747924
1675401856256260580
1675401856466557976
1675401856645370684
1675401856845538288
1675401857045292455
1675401857245606205
1675401857446067819
1675401857656558236
1675401857855683705
1675401858056032402
1675401858256407194
1675401858450928965
1675401858661607298
1675401858861338027
1675401859060895579
1675401859260686100
1675401859461525735
1675401859661474902
1675401859870673860
1675401860071043860
1675401860249793027
1675401860451268287
1675401860645878756
1675401860845652766
1675401861056155266
1675401861255964172
1675401861456232661
1675401861656529276
1675401861856456307
1675401862066017349
1675401862265760422
1675401862465440265
1675401862664843442
1675401862860923234
1675401863060839744
1675401863270800421
1675401863470851932
1675401863670456463
1675401863870528963
1675401864050486150
1675401864260446827
1675401864460162348
1675401864660314952
1675401864860147712
1675401865055350837
1675401865255706410
1675401865465573077
1675401865665370108
1675401865865798285
1675401866066241826
1675401866265694639
1675401866475879795
1675401866676414378
1675401866876148493
1675401867076399013
1675401867271630524
1675401867471048597
1675401867660660992
1675401867861208701
1675401868060554951
1675401868260848023
1675401868460521513
1675401868670810002
1675401868871126304
1675401869070770211
1675401869271197971
1675401869466098700
1675401869665652033
1675401869875795054
1675401870075966096
1675401870276176304
1675401870475319221
1675401870675926929
1675401870885713075
1675401871085657345
1675401871285699220
1675401871466082918
1675401871661215574
1675401871861730939
1675401872070467449
1675401872270851251
1675401872470591772
1675401872670650626
1675401872870400053
1675401873080805730
1675401873280543907
1675401873480456719
1675401873680700938
1675401873875358750
1675401874075901511
1675401874285565625
1675401874485793334
1675401874685740156
1675401874885960521
1675401875066110729
1675401875276586875
1675401875475542969
1675401875675677448
1675401875875921302
1675401876070709270
1675401876270837552
1675401876481424947
1675401876680991093
1675401876880442239
1675401877080739114
1675401877280591718
1675401877491223593
1675401877691373384
1675401877891345155
1675401878090980936
1675401878286182915
1675401878486475467
1675401878695766301
1675401878876250259
1675401879075899321
1675401879275863123
1675401879476384165
1675401879676078175
1675401879885962342
1675401880086513071
1675401880285951508
1675401880481980415
1675401880681490779
1675401880890853539
1675401881090619894
1675401881290999581
1675401881490986091
1675401881690435518
1675401881890727758
1675401882101213591
1675401882300772341
1675401882480431143
1675401882675612289
1675401882876117341
1675401883085292601
1675401883285889632
1675401883486486820
1675401883685806611
1675401883885768903
1675401884085682028
1675401884295753903
1675401884495842236
1675401884695688642
1675401884891626923
1675401885090653746
1675401885301508069
1675401885501389736
1675401885700224996
1675401885901435308
1675401886101093277
1675401886280434787
1675401886491173069
1675401886690549423
1675401886890654475
1675401887086579787
1675401887286563641
1675401887495813329
1675401887696369214
1675401887896160464
1675401888095806297
1675401888295335151
1675401888496227130
1675401888706132703
1675401888905822651
1675401889106105463
1675401889300726974
1675401889500868067
1675401889710805463
1675401889891217807
1675401890091525307
1675401890290511505
1675401890490721140
1675401890690513744
1675401890901063588
1675401891100978275
1675401891301785358
1675401891496607702
1675401891696171452
1675401891906152754
1675401892106691869
1675401892306452702
1675401892506041660
1675401892706285097
1675401892905943118
1675401893115615097
1675401893316221399
1675401893515636295
1675401893691333587
1675401893891014316
1675401894100873326
1675401894301116086
1675401894500834836
1675401894700605670
1675401894900848795
1675401895100506399
1675401895310441815
1675401895511207076
1675401895711065825
1675401895906036659
1675401896106121659
1675401896316167179
1675401896515949940
1675401896716311763
1675401896916255565
1675401897115434262
1675401897296478273
1675401897505632804
1675401897706581346
1675401897905763585
1675401898101111554
1675401898301378845
1675401898501016814
1675401898711365616
1675401898911112335
1675401899111385512
1675401899311109418
1675401899511136814
1675401899721111397
1675401899920638116
1675401900120861501
1675401900315675095
1675401900516468532
1675401900716248949
1675401900926628323
1675401901105990771
1675401901306496240
1675401901505965615
1675401901705681761
1675401901916282594
1675401902116344625
1675401902315631500
1675401902510906760
1675401902711358531
1675401902911373687
1675401903121103583
1675401903321320510
1675401903520644364
1675401903720145250
1675401903921094208
1675401904130966708
1675401904330777801
1675401904531346343
1675401904705857332
1675401904906458687
1675401905106327436
1675401905316132384
1675401905516657853
1675401905716172072
1675401905916126030
1675401906116398790
1675401906326538634
1675401906526078478
1675401906725670040
1675401906921332384
1675401907120736811
1675401907321099988
1675401907531230821
1675401907731087696
1675401907930920977
1675401908131221914
1675401908331060508
1675401908520945769
1675401908720856289
1675401908920894779
1675401909116685977
1675401909316203372
1675401909516400351
1675401909726644883
1675401909925622018
1675401910125643789
1675401910326600351
1675401910525667591
1675401910736116809
1675401910936288059
1675401911136320299
1675401911331227799
1675401911531545038
1675401911731348476
1675401911940902382
1675401912121574569
1675401912321034048
1675401912520824100
1675401912721553579
1675401912931055402
