1654224893440578885
1654224893479767427
1654224893519811802
1654224893559924146
1654224893599832427
1654224893659802271
1654224893699751958
1654224893739830708
1654224893779744875
1654224893819846229
1654224893859804093
1654224893920299771
1654224893960821958
1654224894000306750
1654224894039950291
1654224894079769510
1654224894130259614
1654224894179909927
1654224894219910760
1654224894259909979
1654224894299958000
1654224894339949354
1654224894399943885
1654224894439919614
1654224894479964718
1654224894519960864
1654224894559897999
1654224894599905968
1654224894659942374
1654224894699914510
1654224894739862270
1654224894780305812
1654224894820311437
1654224894880238937
1654224894920332895
1654224894959965031
1654224894999934145
1654224895039964197
1654224895080315968
1654224895139801124
1654224895179894770
1654224895219914874
1654224895259890083
1654224895299844718
1654224895339942635
1654224895399842999
1654224895439904093
1654224895479909926
1654224895520238676
1654224895559969562
1654224895619921332
1654224895659885291
1654224895699943728
1654224895739929457
1654224895779906593
1654224895819914093
1654224895879910916
1654224895919898624
1654224895959910916
1654224896000003936
1654224896039889405
1654224896079874978
1654224896139895603
1654224896179915290
1654224896219854874
1654224896259867426
1654224896299879093
1654224896359881540
1654224896399948884
1654224896439767009
1654224896479881749
1654224896519899613
1654224896559888988
1654224896620015082
1654224896659780811
1654224896699863155
1654224896739905082
1654224896779900290
1654224896819948780
1654224896879866957
1654224896919906592
1654224896959907894
1654224896999938103
1654224897039854509
1654224897099889873
1654224897139887165
1654224897179914873
1654224897219917738
1654224897259735186
1654224897299870863
1654224897359922217
1654224897399864978
1654224897440024092
1654224897479930082
1654224897519840811
1654224897559874040
1654224897619869509
1654224897659824196
1654224897699866332
1654224897739859873
1654224897780186227
1654224897839832998
1654224897879886644
1654224897919709873
1654224897959831696
1654224897999883675
1654224898040231384
1654224898100136123
1654224898140231279
1654224898180207321
1654224898219874821
1654224898260247217
1654224898299850029
1654224898359846748
1654224898400201071
1654224898439897113
1654224898480223935
1654224898519892425
1654224898579864925
1654224898619873154
1654224898660229196
1654224898700206904
1654224898740208258
1654224898779832477
1654224898839817008
1654224898879842581
1654224898919820810
1654224898960023571
1654224898999618414
1654224899039882737
1654224899099832581
1654224899139834144
1654224899180049248
1654224899219751800
1654224899259839456
1654224899319834716
1654224899359841852
1654224899399844456
1654224899439892841
1654224899480171227
1654224899520246956
1654224899579876018
1654224899620088987
1654224899660207164
1654224899700191695
1654224899740191122
1654224899790649612
1654224899839763622
1654224899879822997
1654224899919950133
1654224899960216331
1654224899999855497
1654224900059991487
1654224900100201279
1654224900140213935
1654224900180201122
1654224900219976591
1654224900259863154
1654224900319808674
1654224900359819612
1654224900399873674
1654224900439857060
1654224900479891070
1654224900530052112
1654224900579832164
1654224900619843674
1654224900659864143
1654224900699813205
1654224900739827112
1654224900799810705
1654224900839834976
1654224900879903101
1654224900920023049
1654224900959893362
1654224900999807112
1654224901059823674
1654224901099821695
1654224901139815289
1654224901180052372
1654224901220202580
1654224901279823414
1654224901319777111
1654224901359818414
1654224901399812164
1654224901439660445
1654224901479788882
1654224901539823466
1654224901579812268
1654224901619811070
1654224901659805184
1654224901699787424
1654224901739834715
1654224901799818934
1654224901839823257
1654224901879630861
1654224901919785965
1654224901959787684
1654224902019862163
1654224902059786955
1654224902099824299
1654224902139763465
1654224902179826226
1654224902220172267
1654224902279795392
1654224902319658153
1654224902359832163
1654224902399830132
1654224902439932267
1654224902479777580
1654224902539811694
1654224902580157528
1654224902619840392
1654224902659825965
1654224902699832736
1654224902760371278
1654224902799880392
1654224902840089142
1654224902880146486
1654224902919718569
1654224902959793830
1654224903019798621
1654224903060144090
1654224903099846017
1654224903139817944
1654224903179768517
1654224903219823204
1654224903279790236
1654224903319838361
1654224903359797840
1654224903399809559
1654224903439812944
1654224903499799454
1654224903539619715
1654224903579765756
1654224903620349246
1654224903659787736
1654224903700166277
1654224903759732579
1654224903799778204
1654224903839793517
1654224903880187788
1654224903920167163
1654224903960603777
1654224904019621954
1654224904059794194
1654224904100205235
1654224904140145600
1654224904180079246
1654224904240217840
1654224904280134714
1654224904320117735
1654224904359703621
1654224904399709506
1654224904439805496
1654224904500134089
1654224904540128516
1654224904580135391
1654224904619587839
1654224904659993204
1654224904699809298
1654224904759777006
1654224904800189923
1654224904841110808
1654224904880142266
1654224904919803412
1654224904980114558
1654224905019753256
1654224905060254037
1654224905099813673
1654224905140564714
1654224905180562943
1654224905239732162
1654224905279792006
1654224905319704350
1654224905359773204
1654224905400100547
1654224905440062162
1654224905499786485
1654224905540641745
1654224905580583464
1654224905620550912
1654224905660269974
1654224905719722370
1654224905759771745
1654224905799791224
1654224905839750495
1654224905879853308
1654224905919779558
1654224905979707891
1654224906019756328
1654224906059813308
1654224906099682005
1654224906139727214
1654224906190195703
1654224906239774505
1654224906279777110
1654224906319642266
1654224906359712787
1654224906399710130
1654224906460113099
1654224906499913880
1654224906539947787
1654224906580316953
1654224906619829766
1654224906659756016
1654224906720102630
1654224906759708984
1654224906800011068
1654224906839751432
1654224906879736953
1654224906930180234
1654224906979758307
1654224907019715859
1654224907059733828
1654224907099719088
1654224907139773463
1654224907200054505
1654224907240211536
1654224907280521797
1654224907320586692
1654224907359663620
1654224907400122630
1654224907460081328
1654224907500082578
1654224907540091901
1654224907580027734
1654224907620092526
1654224907679705234
1654224907720149713
1654224907760100859
1654224907800223307
1654224907839673828
1654224907880064036
1654224907939847890
1654224907979910182
1654224908019696692
1654224908059903255
1654224908099773723
1654224908140369557
1654224908200348932
1654224908239672942
1654224908279782942
1654224908319807630
1654224908359455286
1654224908419908463
1654224908459696275
1654224908499701275
1654224908539691275
1654224908579783359
1654224908619713411
1654224908679674140
1654224908719688671
1654224908759695182
1654224908800052369
1654224908840037473
1654224908879713827
1654224908939702421
1654224908979703463
1654224909019692213
1654224909059674556
1654224909099623567
1654224909159718983
1654224909199693411
1654224909240194869
1654224909280026119
1654224909319693410
1654224909359487838
1654224909419684192
1654224909459700285
1654224909500011535
1654224909539687837
1654224909580031900
1654224909619535910
1654224909680145129
1654224909720045337
1654224909760046223
1654224909799618931
1654224909839642785
1654224909899705077
1654224909939669191
1654224909980012212
1654224910019699348
1654224910059535650
1654224910099722264
1654224910159657473
1654224910199648931
1654224910239877004
1654224910279699556
1654224910319673723
1654224910359649868
1654224910419674608
1654224910459785754
1654224910499647420
1654224910539672941
1654224910579995806
1654224910639682733
1654224910679505129
1654224910719880441
1654224910759674920
1654224910799672525
1654224910839709399
1654224910899759347
1654224910939783827
1654224910979710493
1654224911020075441
1654224911059550597
1654224911099681222
1654224911159787108
1654224911199722368
1654224911239657368
1654224911279644920
1654224911319763149
1654224911379744243
1654224911419696170
1654224911459756795
1654224911499485285
1654224911539660753
1654224911579665805
1654224911639686691
1654224911679691795
1654224911719570910
1654224911759906066
1654224911799709764
1654224911839631639
1654224911899806691
1654224911939844816
1654224911979768462
1654224912019684034
1654224912059690076
1654224912119684764
1654224912159616795
1654224912199632472
1654224912239620909
1654224912279685961
1654224912319685389
1654224912379571951
1654224912419669034
1654224912459679920
1654224912499674347
1654224912539647732
1654224912589967211
1654224912639749399
1654224912679641170
1654224912719643930
1654224912759796743
1654224912799536586
1654224912859932576
1654224912900437472
1654224912939972628
1654224912979634451
1654224913019640076
1654224913059983982
1654224913119991274
1654224913159644763
1654224913199539086
1654224913239676742
1654224913280062784
1654224913330038201
1654224913379984919
1654224913419615649
1654224913459606951
1654224913499727784
1654224913539682628
1654224913599623044
1654224913639570180
1654224913679587992
1654224913719651378
1654224913759631638
1654224913799705753
1654224913859594242
1654224913900127055
1654224913939994034
1654224913979604971
1654224914019988357
1654224914079531690
1654224914119585336
1654224914159631638
1654224914199611221
1654224914239605596
1654224914279563669
1654224914339596429
1654224914379668356
1654224914419683825
1654224914459897679
1654224914499632211
1654224914539551742
1654224914599985023
1654224914639463981
1654224914679645231
1654224914719613981
1654224914759405179
1654224914819597992
1654224914859953513
1654224914899562054
1654224914939718669
1654224914979567992
1654224915019980440
1654224915079962887
1654224915119960544
1654224915159522471
1654224915199627210
1654224915239974137
1654224915279961950
1654224915339609085
1654224915379734450
1654224915419536012
1654224915460069033
1654224915500088929
1654224915559935856
1654224915599583721
1654224915639613200
1654224915680164606
1654224915719957054
1654224915759948356
1654224915819618825
1654224915859581116
1654224915899594814
1654224915940449502
1654224915979936898
1654224916019935595
1654224916079363825
1654224916119595543
1654224916159890595
1654224916199895127
1654224916239568304
1654224916300043408
1654224916340014449
1654224916379557054
1654224916419916741
1654224916459597627
1654224916500045543
1654224916559539918
1654224916599942314
1654224916639578199
1654224916679592210
1654224916719570751
1654224916759581793
1654224916819905647
1654224916859765022
1654224916899989970
1654224916940005855
1654224916979766533
1654224917039552626
1654224917079375595
1654224917119668251
1654224917159713199
1654224917199566741
1654224917239602626
1654224917299536897
1654224917339488980
1654224917379614605
1654224917419641324
1654224917459521689
1654224917499489709
1654224917559891012
1654224917599942991
1654224917639908251
1654224917679566116
1654224917719498355
1654224917779873824
1654224917819951428
1654224917859900438
1654224917899561324
1654224917939448616
1654224917979937886
1654224918039535490
1654224918079887313
1654224918119497105
1654224918159548459
1654224918199528251
1654224918239525490
1654224918299899657
1654224918339399917
1654224918379527574
1654224918419532001
1654224918459916324
1654224918519306167
1654224918559552209
1654224918599915855
1654224918639562834
1654224918679970594
1654224918719547001
1654224918779531740
1654224918819569449
1654224918859545126
1654224918899519813
1654224918939473198
1654224918989952105
1654224919039936167
1654224919080247990
1654224919119875907
1654224919159562886
1654224919199415750
1654224919259548771
1654224919299901636
1654224919339668094
1654224919379635855
1654224919419766167
1654224919459551792
1654224919519885802
1654224919559882000
1654224919599865959
1654224919639585021
1654224919679904292
1654224919730244344
1654224919779914031
1654224919819563979
1654224919859469031
1654224919899479292
1654224919939857677
1654224920000036115
1654224920039288458
1654224920079673719
1654224920119560333
1654224920159603198
1654224920199610229
1654224920259460438
1654224920299885385
1654224920340104917
1654224920379537208
1654224920419591688
1654224920479491792
1654224920519539240
1654224920559568979
1654224920599603771
1654224920639569344
1654224920679534292
1654224920739478094
1654224920779546167
1654224920819510021
1654224920859723406
1654224920899600073
1654224920939402781
1654224920999500541
1654224921039487729
1654224921079669291
1654224921119471739
1654224921159545489
1654224921219482468
1654224921259856531
1654224921299486687
1654224921339492052
1654224921380217781
1654224921419710333
1654224921479503093
1654224921519691531
1654224921559610177
1654224921599502520
1654224921639647729
1654224921679499135
1654224921739465177
1654224921779467052
1654224921819471322
1654224921859502677
1654224921899499343
1654224921959570124
1654224921999328406
1654224922039511635
1654224922079662312
1654224922119497624
1654224922159590124
1654224922219816635
1654224922259508145
1654224922299505489
1654224922339543093
1654224922379440176
1654224922419306322
1654224922479465593
1654224922519440801
1654224922559429708
1654224922599438978
1654224922639490541
1654224922699492416
1654224922739581999
1654224922779446270
1654224922819574135
1654224922859408666
1654224922899460749
1654224922959797468
1654224922999459759
1654224923039419707
1654224923079305749
1654224923119580072
1654224923159439551
1654224923219476791
1654224923259592103
1654224923299516634
1654224923339440072
1654224923379464343
1654224923439777780
1654224923479949759
1654224923519428822
1654224923559422676
1654224923599506270
1654224923639787884
1654224923699358145
1654224923739534759
1654224923779808978
1654224923819795176
1654224923859768092
1654224923899346113
1654224923959456686
1654224923999441009
1654224924039457467
1654224924079482155
1654224924119322363
1654224924179402832
1654224924219474082
1654224924259530644
1654224924299441113
1654224924339590384
1654224924379434134
1654224924439473926
1654224924479481842
1654224924519333353
1654224924559652623
1654224924599462832
1654224924639469811
1654224924699479186
1654224924739304394
1654224924779408873
1654224924819475175
1654224924859463144
1654224924919376894
1654224924959446269
1654224924999417936
1654224925039463925
1654224925079445957
1654224925119531634
1654224925180013248
1654224925219484759
1654224925259449706
1654224925299453821
1654224925339463196
1654224925390089186
1654224925439680592
1654224925479798352
1654224925519444186
1654224925559713404
1654224925599467936
1654224925659502206
1654224925699516946
1654224925739529915
1654224925779507363
1654224925819431946
1654224925859420279
1654224925919424706
1654224925959452727
1654224925999393925
1654224926039434550
1654224926079397571
1654224926129802675
1654224926179488717
1654224926219302935
1654224926259399237
1654224926299453352
1654224926339456529
1654224926399462727
1654224926439406477
1654224926479401269
1654224926519420956
1654224926559369758
1654224926599373508
1654224926659301425
1654224926699387883
1654224926739417310
1654224926779378456
1654224926819392414
1654224926879296581
1654224926919816633
1654224926959802779
1654224927000104081
1654224927039766008
1654224927079309497
1654224927139744237
1654224927180121737
1654224927220110904
1654224927259400487
1654224927299285799
1654224927339381477
1654224927399433039
1654224927439782883
1654224927479420487
1654224927519711945
1654224927559761581
1654224927619758612
1654224927659743976
1654224927699746060
1654224927739379341
1654224927779422831
1654224927819870956
1654224927879753039
1654224927920546216
1654224927959669237
1654224927999397883
1654224928039418455
1654224928080164132
1654224928140100539
1654224928179250799
1654224928219376893
1654224928259752257
1654224928299750591
1654224928359360591
1654224928399882778
1654224928439984341
1654224928479749653
1654224928519740122
1654224928559436111
1654224928620175643
1654224928659761893
1654224928700091476
1654224928740072882
1654224928779702882
1654224928819791268
1654224928879957153
1654224928919756684
1654224928959424757
1654224928999233299
1654224929039806528
1654224929099811111
1654224929139474288
1654224929179819809
1654224929219377049
1654224929259400955
1654224929299410122
1654224929359418820
1654224929399582309
1654224929439455330
1654224929479365851
1654224929520237778
1654224929559447778
1654224929619578142
1654224929659868819
1654224929699740486
1654224929739749080
1654224929779768351
1654224929839708923
1654224929879361944
1654224929919773455
1654224929960142413
1654224930000068507
1654224930039708507
1654224930099305850
1654224930139383403
1654224930180076371
1654224930220044392
1654224930259771684
1654224930299275434
1654224930359849496
1654224930399720173
1654224930439721632
1654224930479460746
1654224930519250382
1654224930579452517
1654224930619397621
1654224930659418246
1654224930699431527
1654224930739310017
1654224930779371111
1654224930839457152
1654224930879376840
1654224930919344913
1654224930959412569
1654224930999468663
1654224931039537256
1654224931099370694
1654224931139211527
1654224931179453506
1654224931219401579
1654224931259396319
1654224931319369079
1654224931359359912
1654224931399520173
1654224931439360017
1654224931479412048
1654224931519344704
1654224931579564860
1654224931619349704
1654224931659786892
1654224931699732517
1654224931739741892
1654224931789891787
1654224931839343714
1654224931879741266
1654224931919343246
1654224931959391839
1654224931999269235
1654224932059353610
1654224932099723818
1654224932139752308
1654224932179353298
1654224932219348246
1654224932259431370
1654224932319391110
1654224932359366162
1654224932399391058
1654224932439356162
1654224932479660589
1654224932530366475
1654224932579365485
1654224932619374027
1654224932659280433
1654224932699411995
1654224932739770120
1654224932800029131
1654224932839340329
1654224932879389495
1654224932919851422
1654224932959515797
1654224932999503089
1654224933059269391
1654224933099424703
1654224933139899860
1654224933179681474
1654224933219717568
1654224933279437620
1654224933319632933
1654224933359474130
1654224933399447203
1654224933439386683
1654224933479191422
1654224933539372203
1654224933579675537
1654224933619670224
1654224933659656735
1654224933699506630
1654224933739831995
1654224933799700849
1654224933839996995
1654224933879992984
1654224933919337984
1654224933959406682
1654224934019909547
1654224934060016370
1654224934100006682
1654224934139358089
1654224934179668245
1654224934219347724
1654224934279653557
1654224934319640745
1654224934359104599
1654224934399363141
1654224934439711318
1654224934479694599
1654224934539634963
1654224934579390536
1654224934620705120
1654224934660099859
1654224934699361526
1654224934759747515
1654224934799449599
1654224934839429026
1654224934879322255
1654224934919354911
1654224934959422307
1654224935019486213
1654224935059330328
1654224935099309651
1654224935139368401
1654224935179323140
1654224935220125119
1654224935279638088
1654224935319608817
1654224935359656057
1654224935399328817
1654224935439451005
1654224935499417150
1654224935539370223
1654224935579334807
1654224935619400953
1654224935659850119
1654224935699376161
1654224935759571890
1654224935799563817
1654224935839336057
1654224935879433244
1654224935919879390
1654224935959595379
1654224936019635119
1654224936059346161
1654224936099402463
1654224936139688713
1654224936179338296
1654224936239328192
1654224936279622046
1654224936319962098
1654224936359085275
1654224936399271317
1654224936440226317
1654224936499335223
1654224936539330171
1654224936579360640
1654224936619149963
1654224936659314285
1654224936699352775
1654224936759342306
1654224936799316577
1654224936839293035
1654224936879315431
1654224936919369233
1654224936979608140
1654224937019300431
1654224937059284546
1654224937099455223
1654224937139289025
1654224937179329650
1654224937239297098
1654224937279263139
1654224937319292775
1654224937359217827
1654224937399290587
1654224937439289389
1654224937499264650
1654224937539306577
1654224937579393243
1654224937619658764
1654224937659641837
1654224937719140691
1654224937759351056
1654224937799271733
1654224937839339806
1654224937879329389
1654224937919101056
1654224937979263400
1654224938019274285
1654224938059289025
1654224938099281681
1654224938139169441
1654224938189595431
1654224938239305222
1654224938279368139
1654224938319309962
1654224938359988295
1654224938399352879
1654224938459302462
1654224938499259441
1654224938539270483
1654224938579430378
1654224938619120743
1654224938659330170
1654224938719327774
1654224938759345014
1654224938799410222
1654224938839517722
1654224938879325691
1654224938929653608
1654224938979283555
1654224939019262462
1654224939059252982
1654224939099349493
1654224939139276993
1654224939199296003
1654224939239330951
1654224939279297670
1654224939319241680
1654224939359978555
1654224939399639493
1654224939459260118
1654224939499268451
1654224939539326264
1654224939579622045
1654224939619934336
1654224939679431368
1654224939719289597
1654224939759230638
1654224939799905847
1654224939839452930
1654224939879300743
1654224939939260274
1654224939979216159
1654224940019251472
1654224940059224493
1654224940099690065
1654224940139285222
1654224940199565274
1654224940239311420
1654224940279296992
1654224940319165586
1654224940359275534
1654224940419293555
1654224940459334597
1654224940499217669
1654224940539133971
1654224940579262878
1654224940619267513
1654224940679249128
1654224940719241055
1654224940759294648
1654224940799232721
1654224940839263867
1654224940879292513
1654224940939069284
1654224940979284596
1654224941019324909
1654224941059316940
1654224941099422825
1654224941159189023
1654224941199205221
1654224941239317409
1654224941279242044
1654224941319293815
1654224941358987617
1654224941419233138
1654224941459287096
1654224941499267669
1654224941539172200
1654224941579272357
1654224941619267929
1654224941679671523
1654224941719589544
1654224941759411836
1654224941799393606
1654224941839243554
1654224941899311888
1654224941939295586
1654224941979290846
1654224942019163711
1654224942059250533
1654224942099297981
1654224942159280533
1654224942199265638
1654224942239232669
1654224942279301940
1654224942319246158
1654224942359219387
1654224942419297252
1654224942459174700
1654224942499230846
1654224942539590846
1654224942579599075
1654224942639249439
1654224942679230689
1654224942719204231
1654224942759573502
1654224942799534127
1654224942839555169
1654224942899049335
1654224942939611523
1654224942979646835
1654224943019238971
1654224943059294648
1654224943099069023
1654224943159184283
1654224943199548241
1654224943239214960
1654224943279171627
1654224943319100429
1654224943379183658
1654224943419208814
1654224943459185689
1654224943499170689
1654224943539299700
1654224943579138554
1654224943639195897
1654224943679184231
1654224943719583710
1654224943759274439
1654224943799035481
1654224943840048085
1654224943899187408
1654224943939166887
1654224943979180324
1654224944019037616
1654224944059156678
1654224944119159335
1654224944159168085
1654224944199335741
1654224944239171730
1654224944279212303
1654224944319537303
1654224944379075949
1654224944419206262
1654224944459097251
1654224944499166678
1654224944539372251
1654224944589592303
1654224944639353710
1654224944679007616
1654224944719151991
1654224944759355532
1654224944799306470
1654224944859329647
1654224944899060116
1654224944939163189
1654224944979291574
1654224945019194803
1654224945059213918
1654224945119162772
1654224945159195324
1654224945199149803
1654224945239178188
1654224945279175272
1654224945329466157
1654224945379026626
1654224945419205011
1654224945459150480
1654224945499144647
1654224945539685636
1654224945599144803
1654224945639158292
1654224945679163501
1654224945719158865
1654224945759066678
1654224945799264803
1654224945859190688
1654224945899144178
1654224945939181261
1654224945979274803
1654224946019178813
1654224946079143657
1654224946119486157
1654224946159247146
1654224946199002928
1654224946239132511
1654224946279310688
1654224946339197303
1654224946379123501
1654224946419177459
1654224946459405271
1654224946499314125
1654224946539178240
1654224946599172615
1654224946638920167
1654224946679156365
1654224946719164750
1654224946759161052
1654224946819191521
1654224946859317719
1654224946899403292
1654224946939252771
1654224946979153657
1654224947019141261
1654224947079074490
1654224947119213240
1654224947159168709
1654224947199128917
1654224947239165740
1654224947279122146
1654224947339145896
1654224947379007406
1654224947419191781
1654224947459646886
1654224947499357198
1654224947559157719
1654224947599169802
1654224947639113656
1654224947679138292
1654224947719168031
1654224947759303031
1654224947819112042
1654224947859109490
1654224947899136937
1654224947939140844
1654224947979214333
1654224948019155792
1654224948079151573
1654224948119121156
1654224948159195531
1654224948199167406
1654224948239382562
1654224948299425791
1654224948339208656
1654224948378933552
1654224948419103396
1654224948459128500
1654224948499868552
1654224948559435791
1654224948599180323
1654224948639027927
1654224948679199073
1654224948719731000
1654224948759127250
1654224948819066520
1654224948859132250
1654224948899349906
1654224948939072718
1654224948979114489
1654224949039176520
1654224949079121520
1654224949119131833
1654224949159497197
1654224949199482614
1654224949238997614
1654224949299092770
1654224949339264229
1654224949379060374
1654224949419614697
1654224949459008083
1654224949499393135
1654224949559193812
1654224949599107614
1654224949639425895
1654224949678981364
1654224949719419905
1654224949779138708
1654224949819436624
1654224949859393135
1654224949899312926
1654224949939167197
1654224949979892457
1654224950039389645
1654224950079183551
1654224950118812197
1654224950159517874
1654224950198920634
1654224950238916676
1654224950299126259
1654224950339138812
1654224950378981884
1654224950419095634
1654224950459167666
1654224950519133499
1654224950559243603
1654224950599209384
1654224950639775634
1654224950679249124
1654224950719249801
1654224950779291103
1654224950819252561
1654224950859304540
1654224950899230895
1654224950939215113
1654224950989405009
1654224951039414020
1654224951079875530
1654224951119396103
1654224951159733342
1654224951199028811
1654224951259050374
1654224951299076936
1654224951339086207
1654224951379157769
1654224951419141884
1654224951458971676
1654224951519125321
1654224951559271624
1654224951599317301
1654224951639074853
1654224951679057926
1654224951729561676
1654224951779077665
1654224951819078863
1654224951858964644
1654224951899091832
1654224951939094019
1654224951999015321
1654224952039094332
1654224952078981415
1654224952119187144
1654224952159208811
1654224952199203186
1654224952259097248
1654224952298998655
1654224952339045790
1654224952379003186
1654224952419050634
1654224952479089592
1654224952518955582
1654224952559077352
1654224952599097873
1654224952639725061
1654224952679034227
1654224952739017196
1654224952779039019
1654224952819062196
1654224952859078863
1654224952899386050
1654224952939032769
1654224952999051310
1654224953039112977
1654224953079036571
1654224953119076571
1654224953159105894
1654224953219081727
1654224953259114696
1654224953299062248
1654224953339044956
1654224953378942040
1654224953419162196
1654224953479517769
1654224953519747977
1654224953559396362
1654224953599345217
1654224953638823081
1654224953679040685
1654224953739102091
1654224953779051466
1654224953819084435
1654224953859005216
1654224953899042821
1654224953959025321
1654224953999037560
1654224954039010477
1654224954078995893
1654224954119022300
1654224954159062873
1654224954219072091
1654224954259248602
1654224954298921466
1654224954339062560
1654224954378945997
1654224954419044383
1654224954479025320
1654224954519829904
1654224954559428185
1654224954599727924
1654224954639384643
1654224954699289331
1654224954739354956
1654224954779359695
1654224954819521466
1654224954859513445
1654224954899017508
1654224954959009695
1654224954999498862
1654224955039768653
1654224955079721466
1654224955119014383
1654224955159550528
1654224955219252143
1654224955259385893
1654224955299014278
1654224955338858705
1654224955379571674
1654224955439037091
1654224955479378028
1654224955519391414
1654224955560695060
1654224955599721049
1654224955639446778
1654224955699434539
1654224955739384591
1654224955779036205
1654224955819221309
1654224955859570164
1654224955899369851
1654224955959021778
1654224955999468132
1654224956038825007
1654224956079562716
1654224956119533601
1654224956179422768
1654224956219352403
1654224956259033497
1654224956298769434
1654224956339017143
1654224956379082611
1654224956439092143
1654224956479501205
1654224956518998809
1654224956558950476
1654224956598991101
1654224956639256153
1654224956698891101
1654224956738946622
1654224956779027976
1654224956818968913
1654224956859090372
1654224956919000111
1654224956959127299
1654224956999006778
1654224957039021309
1654224957079074382
1654224957119039486
1654224957179009330
1654224957218998236
1654224957259035215
1654224957298981205
1654224957339214017
1654224957389338080
1654224957439009069
1654224957479003809
1654224957518989225
1654224957559040059
1654224957599060736
1654224957659021569
1654224957699002871
1654224957739046413
1654224957778828705
1654224957819255163
1654224957859002975
1654224957919008027
1654224957958967194
1654224957999258184
1654224958038866517
1654224958079486725
1654224958130150944
1654224958178979746
1654224958219017975
1654224958258975631
1654224958298981465
1654224958339018652
1654224958398993392
1654224958438658704
1654224958478769225
1654224958518737663
1654224958558704121
1654224958598657506
1654224958658877819
1654224958698685006
1654224958738525423
1654224958778513079
1654224958818855423
1654224958878770579
1654224958918823756
1654224958958696933
1654224958998801308
1654224959038822402
1654224959078668652
1654224959138748287
1654224959178979694
1654224959218644641
1654224959258631673
1654224959298662766
1654224959338637923
1654224959398648027
1654224959438627558
1654224959478691829
1654224959518614537
1654224959558499068
1654224959618605527
1654224959658687818
1654224959698603652
1654224959738505006
1654224959778642245
1654224959818640318
1654224959878956568
1654224959918978495
1654224959958950527
1654224959998829537
1654224960038957245
1654224960078989797
1654224960139333339
1654224960179225891
1654224960218984954
1654224960258718391
1654224960299121099
1654224960358928183
1654224960398761829
1654224960438919485
1654224960478937401
1654224960518837818
1654224960558603756
1654224960619081985
1654224960658973078
1654224960699037453
1654224960739148703
1654224960778847089
1654224960818937974
1654224960878961203
1654224960918925370
1654224960958809589
1654224960999013339
1654224961039659953
1654224961098918391
1654224961138934276
1654224961178818182
1654224961218972141
1654224961258917557
1654224961298995943
1654224961358859589
1654224961398654380
1654224961438837870
1654224961478864276
1654224961518840109
1654224961559208026
1654224961619161932
1654224961658834068
1654224961698827297
1654224961739173130
1654224961778950213
1654224961838839797
1654224961879191515
1654224961919189536
1654224961959215995
1654224961998611099
1654224962038870838
1654224962098882401
1654224962139164901
1654224962178891515
1654224962218695161
1654224962258889484
1654224962299023286
1654224962359562713
1654224962398671151
1654224962438955161
1654224962478979015
1654224962518956724
1654224962578960734
1654224962618982921
1654224962659288182
1654224962698830317
1654224962738843963
1654224962778846567
1654224962838932036
1654224962879022609
1654224962919156098
1654224962959301775
1654224962999190786
1654224963038914432
1654224963099129484
1654224963138966723
1654224963178845161
1654224963218865942
1654224963259729015
1654224963319001254
1654224963359044796
1654224963398858129
1654224963438910994
1654224963479201984
1654224963519219484
1654224963578707661
1654224963618747765
1654224963658952452
1654224963701209952
1654224963738827973
1654224963789180786
1654224963838698077
1654224963878903077
1654224963919231046
1654224963958845056
1654224963998553390
1654224964058953963
1654224964098852973
1654224964139010890
1654224964178875473
1654224964219196619
1654224964259715212
1654224964319702817
1654224964359089379
1654224964399367608
1654224964439897192
1654224964479726619
1654224964530082504
1654224964579780421
1654224964619228233
1654224964659301619
1654224964699368077
1654224964738863650
1654224964798896879
1654224964838684171
1654224964879749223
1654224964920100525
1654224964959529743
1654224964999263025
1654224965058869587
1654224965098750212
1654224965139425212
1654224965179776670
1654224965219380108
1654224965279676097
1654224965319370368
1654224965358846983
1654224965399269483
1654224965438898493
1654224965479348077
1654224965538823285
1654224965579276722
1654224965618750681
1654224965659310785
1654224965698663649
1654224965738880108
1654224965799193493
1654224965839277556
1654224965878815941
1654224965918850733
1654224965958768128
1654224966018871983
1654224966059108389
1654224966099111722
1654224966138824795
1654224966178765941
1654224966218753337
1654224966278762035
1654224966318754899
1654224966359798285
1654224966398629274
1654224966438739691
1654224966478760680
1654224966538743284
1654224966578737243
1654224966618737816
1654224966658750420
1654224966698846670
1654224966758852086
1654224966798578909
1654224966838913232
1654224966878763076
1654224966919103441
1654224966959107191
1654224967018544847
1654224967058737399
1654224967098764118
1654224967138757711
1654224967178830732
1654224967218603232
1654224967279102763
1654224967318738024
1654224967358875836
1654224967398828597
1654224967438750055
1654224967498838440
1654224967538752242
1654224967578845836
1654224967619003284
1654224967658912503
1654224967698723649
1654224967758762242
1654224967799128232
1654224967838592711
1654224967878712607
1654224967918765107
1654224967958764065
1654224968018665211
1654224968058732242
1654224968098757242
1654224968138741930
1654224968179027034
1654224968239028596
1654224968279255628
1654224968319189065
1654224968359081930
1654224968398958284
1654224968438706825
1654224968498752711
1654224968539240627
1654224968579691930
1654224968618906617
1654224968658650680
1654224968698424430
1654224968758602971
1654224968798558857
1654224968838538075
1654224968878585054
1654224968918528023
1654224968978480731
1654224969018609013
1654224969058925159
1654224969098582086
1654224969138708388
1654224969178719325
1654224969238628804
1654224969278580158
1654224969318692138
1654224969358718075
1654224969398684690
1654224969438898283
1654224969498723752
1654224969538572710
1654224969578715783
1654224969618721356
1654224969658711825
1654224969718741304
1654224969758739377
1654224969798834221
1654224969838726825
1654224969878735002
1654224969918731564
1654224969979464898
1654224970018755262
1654224970059512502
1654224970099438491
1654224970139178752
1654224970189570627
1654224970238875262
1654224970279433543
1654224970319200002
1654224970358754846
1654224970398636043
1654224970458667502
1654224970498707762
1654224970538698335
1654224970578674741
1654224970618706460
1654224970658749116
1654224970718857866
1654224970759062918
1654224970798681720
1654224970838753439
1654224970879909741
1654224970929257189
1654224970978972189
1654224971019308752
1654224971059221981
1654224971098593387
1654224971139456876
1654224971199038387
1654224971239514324
1654224971278697189
1654224971318594845
1654224971358696147
1654224971398653908
1654224971459157085
1654224971499124845
1654224971538538387
1654224971579144116
1654224971618742241
1654224971678697345
1654224971718706355
1654224971758501980
1654224971798651303
1654224971838710782
1654224971878645522
1654224971938682605
1654224971978684324
1654224972018669220
1654224972058770730
1654224972099004064
1654224972139002762
1654224972198622032
1654224972238637970
1654224972278690626
1654224972319022709
1654224972359003699
1654224972419402813
1654224972458703647
1654224972499447813
1654224972539062605
1654224972579044584
1654224972618722553
1654224972678640782
1654224972718976095
1654224972759026772
1654224972799042293
1654224972839158282
1654224972878939845
1654224972938632709
1654224972978686095
1654224973018701824
1654224973058691772
1654224973098404792
1654224973158881824
1654224973198694167
1654224973238684584
1654224973278563282
1654224973318561251
