1654224893560114771
1654224893758639354
1654224893959128052
1654224894159128052
1654224894358960083
1654224894568904770
1654224894768842426
1654224894969094041
1654224895168764666
1654224895368297895
1654224895564637062
1654224895774074926
1654224895974145811
1654224896174315395
1654224896374204874
1654224896573973103
1654224896783937738
1654224896983824196
1654224897163755603
1654224897363686436
1654224897563734613
1654224897759131384
1654224897969032634
1654224898169054769
1654224898369183206
1654224898569324717
1654224898769003519
1654224898979065394
1654224899178944404
1654224899378729977
1654224899579328987
1654224899779143935
1654224899974431956
1654224900184055549
1654224900383993362
1654224900584274143
1654224900763901695
1654224900963760653
1654224901173846226
1654224901374434039
1654224901574167997
1654224901774145913
1654224901973776799
1654224902169384038
1654224902378985236
1654224902579182267
1654224902778951798
1654224902979070184
1654224903178945288
1654224903388929402
1654224903588922215
1654224903788861590
1654224903988877319
1654224904189065704
1654224904384004506
1654224904574167631
1654224904774053777
1654224904974417683
1654224905174080131
1654224905374308464
1654224905583983360
1654224905783915808
1654224905983899089
1654224906183772891
1654224906383643516
1654224906579161589
1654224906789314453
1654224906989279036
1654224907189268411
1654224907389488307
1654224907589083307
1654224907799627213
1654224907999229765
1654224908179267526
1654224908379236328
1654224908578471848
1654224908774073307
1654224908983982994
1654224909183928619
1654224909383856119
1654224909584521640
1654224909783914869
1654224909993868775
1654224910193847889
1654224910393690650
1654224910593780858
1654224910793768983
1654224910989045024
1654224911199677264
1654224911399011222
1654224911599373410
1654224911799821587
1654224911979569607
1654224912178890753
1654224912388773670
1654224912588752159
1654224912788887992
1654224912988600128
1654224913184039867
1654224913393998357
1654224913594112940
1654224913794366846
1654224913994379502
1654224914194515388
1654224914394597419
1654224914603899086
1654224914803755179
1654224915003714033
1654224915203579867
1654224915399144450
1654224915589779294
1654224915789667002
1654224915989176845
1654224916189314554
1654224916389000699
1654224916589137106
1654224916799307314
1654224916999615699
1654224917199654397
1654224917398616637
1654224917594720803
1654224917804565647
1654224918004001376
1654224918203920803
1654224918403907001
1654224918603932574
1654224918803834969
1654224919014100126
1654224919214175178
1654224919393969448
1654224919594172313
1654224919789730854
1654224919999530594
1654224920199496219
1654224920398930802
1654224920599594760
1654224920799092000
1654224920999414448
1654224921209588198
1654224921409241531
1654224921608886531
1654224921808839760
1654224922003877520
1654224922213863926
1654224922413980697
1654224922613969760
1654224922813978718
1654224922993994812
1654224923193888770
1654224923403690124
1654224923603768561
1654224923804183197
1654224924003708249
1654224924199171790
1654224924409557571
1654224924609669550
1654224924810021217
1654224925009399915
1654224925209088144
1654224925409023769
1654224925619170123
1654224925819153300
1654224926018613560
1654224926218436998
1654224926413979862
1654224926624081685
1654224926804379706
1654224927004617414
1654224927204073716
1654224927403949341
1654224927604140122
1654224927813687466
1654224928013673716
1654224928213643091
1654224928413624809
1654224928609039549
1654224928819080955
1654224929019027830
1654224929218944184
1654224929418921788
1654224929618662517
1654224929819489705
1654224930028927205
1654224930229003350
1654224930409185330
1654224930609598194
1654224930804205173
1654224931004138194
1654224931214022673
1654224931413977933
1654224931613921371
1654224931813878871
1654224932013797152
1654224932223674548
1654224932424187881
1654224932623588975
1654224932823678193
1654224933019174391
1654224933219483506
1654224933429066214
1654224933629129026
1654224933829737359
1654224934029205745
1654224934209070849
1654224934418985328
1654224934619520693
1654224934818607099
1654224935018950276
1654224935214091734
1654224935414322255
1654224935624553973
1654224935823930275
1654224936023979442
1654224936224292463
1654224936423879390
1654224936633767046
1654224936833728140
1654224937034581577
1654224937233755275
1654224937429427410
1654224937629439858
1654224937819626473
1654224938019100431
1654224938219044754
1654224938418956993
1654224938619207201
1654224938829114649
1654224939029336524
1654224939228717149
1654224939429555482
1654224939624115951
1654224939824006107
1654224940034453972
1654224940234435586
1654224940434096211
1654224940634389128
1654224940834033555
1654224941044180638
1654224941244202252
1654224941443693659
1654224941623659804
1654224941818920325
1654224942019226836
1654224942229096783
1654224942428970325
1654224942629035273
1654224942829149856
1654224943029038346
1654224943239580533
1654224943452111366
1654224943638690689
1654224943838643501
1654224944034067824
1654224944234121366
1654224944444515741
1654224944643846887
1654224944843971887
1654224945043934751
1654224945223929178
1654224945434702876
1654224945633855949
1654224945834464751
1654224946034666886
1654224946229052407
1654224946429040688
1654224946638700896
1654224946838902980
1654224947039761521
1654224947239766938
1654224947439350427
1654224947649293604
1654224947848899021
1654224948048913917
1654224948249198500
1654224948443968760
1654224948643968448
1654224948853824177
1654224949034051729
1654224949233891104
1654224949434167458
1654224949634027510
1654224949834014801
1654224950043979437
1654224950243547093
1654224950443931676
1654224950639172353
1654224950839030947
1654224951049133186
1654224951249425113
1654224951448749384
1654224951648972249
1654224951849305530
1654224952049156103
1654224952267977405
1654224952458833029
1654224952638881154
1654224952834168550
1654224953034243967
1654224953243958185
1654224953443968342
1654224953643782456
1654224953866396050
1654224954043986987
1654224954243871779
1654224954453803237
1654224954653722924
1654224954853733133
1654224955049244487
1654224955249258497
1654224955459457924
1654224955659093601
1654224955859837507
1654224956058927559
1654224956259864278
1654224956439300945
1654224956649129278
1654224956848990528
1654224957049228392
1654224957244047090
1654224957444590215
1654224957654270892
1654224957854275840
1654224958053942038
1654224958253911256
1654224958453546725
1654224958653548444
1654224958864046465
1654224959063224485
1654224959263893027
1654224959459243860
1654224959658953600
1654224959869036725
1654224960048658027
1654224960248905370
1654224960449036828
1654224960649785526
1654224960849721203
1654224961059044537
1654224961259086359
1654224961458656047
1654224961654280630
1654224961853978182
1654224962063904276
1654224962263881672
1654224962463925005
1654224962663603442
1654224962864551150
1654224963064717557
1654224963273579692
1654224963474105369
1654224963674011202
1654224963849843754
1654224964048925838
1654224964259140004
1654224964459296306
1654224964658953285
1654224964859120264
1654224965059572504
1654224965259243025
1654224965468944379
1654224965669349118
1654224965868951462
1654224966064078128
1654224966264464326
1654224966474013441
1654224966674448701
1654224966874336409
1654224967073924170
1654224967273845524
1654224967454268597
1654224967663708753
1654224967863624846
1654224968063623232
1654224968259036513
1654224968459115888
1654224968659141982
1654224968868465992
1654224969068890159
1654224969268529065
1654224969469149221
1654224969668976148
1654224969878971148
1654224970078711981
1654224970278602398
1654224970473761564
1654224970673946304
1654224970873927918
1654224971083835210
1654224971264040835
1654224971464651564
1654224971663965001
1654224971863819897
1654224972073850887
1654224972273902970
1654224972473585418
1654224972669095001
1654224972869079949
1654224973069318230
