1654224861377496814,-0.004698134,5.508219E-4,3.938109E-5
1654224861588908012,-0.035520624,0.062137622,0.31038773
1654224861790706189,0.032139916,-0.10948628,0.17733559
1654224861993838949,0.61496305,-1.2112534,-0.0080182105
1654224862195538012,1.9356526,1.3088835,-0.5676285
1654224862388395876,-0.49128386,0.24237178,0.32376862
1654224862590600980,-0.6547629,0.76533014,0.25488633
1654224862792668793,-0.6479562,0.21927531,-0.48763424
1654224862995416709,-0.04232742,-0.08720425,-0.20343672
1654224863202436813,0.6667411,-0.8414767,-1.9223518
1654224863410221136,-0.10713722,-1.2386553,-3.005095
1654224863610675407,-0.28318268,0.3646611,0.044807058
1654224863810047074,-0.45259574,0.010475907,-0.64680827
1654224864011553792,0.073096946,0.18343791,-1.0349691
1654224864219111032,0.077867515,0.35575992,-0.623828
1654224864424964782,-0.1477452,0.23451784,0.11776171
1654224864627533063,0.5481752,-0.24492374,-0.48362
1654224864829978271,0.1292965,-1.4276743,-1.1004771
1654224865022651188,1.2415938,-0.9609154,-1.3106146
1654224865219884938,0.3596216,-1.1545304,-1.6016771
1654224865425543115,0.8905503,-1.0521377,-0.8208173
1654224865628401396,1.31961,-1.104265,-2.431755
1654224865839082125,1.6818236,-0.96254426,-1.4544878
1654224866043557854,-0.038953137,-0.28716066,-0.07265351
1654224866240272229,0.535376,-0.18581532,-0.14729534
1654224866447974677,-0.5400948,-4.8091297,0.45303926
1654224866640804052,-2.2407422,-0.7316374,-1.3824055
1654224866843326968,-1.287328,-2.058843,0.5583406
1654224867045085614,-1.43411,-0.058464546,0.8178127
1654224867242579781,-2.2211945,1.5880195,-0.77788234
1654224867450072229,-1.8056322,1.4888268,-2.4753883
1654224867661172645,-0.5498105,2.2828927,-1.831944
1654224867865493010,-0.722947,1.9234135,-3.2258208
1654224868064801291,-0.8316228,2.5167668,-4.120766
1654224868262742176,-1.1368806,3.1197193,-3.9181924
1654224868461296239,-1.6817721,3.5025277,-4.7494917
1654224868661213895,-1.613297,2.9599638,-4.918032
1654224868865820093,-1.4261978,2.7928193,-3.8172543
1654224869067792124,-1.3075737,2.735747,-3.8501246
1654224869271583270,-1.1865644,2.7353399,-4.4281774
1654224869476622957,-1.1097697,2.686296,-5.6862082
1654224869676602071,-1.6127733,2.4498622,-3.641733
1654224869876599623,-1.700796,2.5181627,-3.8641458
1654224870088200196,-1.1290267,2.4251947,-3.7081714
1654224870285616550,-1.0179656,2.5096688,-3.6022303
1654224870492675144,-1.2937856,3.1230931,-4.923443
1654224870694494988,-1.3166494,2.9870741,-6.679416
1654224870888340977,0.23837948,2.3264096,-4.6423874
1654224871090515404,-0.3442691,1.8722168,-1.8850601
1654224871287467279,-0.46981633,1.8686683,-0.59421563
1654224871495161602,0.3954008,0.07324951,1.7770449
1654224871696204831,0.63212556,-1.7232742,3.9629512
1654224871908032852,1.1294857,-1.1851318,2.8191798
1654224872111302748,0.34914958,-0.15975168,0.26157674
1654224872308896550,0.022017017,0.82752204,-0.8554913
1654224872515590716,0.054771002,1.0876923,-0.52917314
1654224872708113997,0.23395798,1.0154938,0.049053997
1654224872910514101,0.3980188,0.53099084,0.1921127
1654224873112439518,0.39301556,-0.29396743,0.13306245
1654224873310604883,0.32686764,-0.78987324,0.3509957
1654224873527006393,0.1251659,-0.79400384,0.18612044
1654224873729092539,-0.016205665,-0.28285554,-0.04629907
1654224873931534674,-0.032029968,0.278151,-0.19965519
1654224874133680299,-0.009340704,0.5168537,-0.16469045
1654224874322404726,0.036852304,0.3658828,-0.14857528
1654224874528493840,0.10835256,0.05486542,0.03619676
1654224874731237642,0.119173594,-0.2005342,0.20339917
1654224874932853632,0.07018806,-0.1438692,0.22579752
1654224875135411132,0.032430805,0.13352153,0.013682027
1654224875338650403,-0.010911503,0.39148098,-0.082485534
1654224875543642330,-0.02243067,0.31649008,-0.14316477
1654224875743679673,0.07379507,0.023624046,-0.033092756
1654224875944363736,0.15216029,-0.15725009,0.116074584
1654224876156546236,0.074842274,-0.15451571,0.1386475
1654224876353062329,-0.04925054,0.060741358,0.09001103
1654224876559258006,-0.08817135,0.40492004,-0.0012696146
1654224876761594048,-0.065772966,0.60539997,-0.046124537
1654224876954156704,-0.012540475,0.5302345,-0.06264697
1654224877158327485,0.05401469,0.26767907,0.018568946
1654224877356591860,0.10893433,0.008788767,0.09699234
1654224877562440871,0.0895612,-0.084411725,0.1136893
1654224877774074725,0.013174022,-0.010875257,0.07203414
1654224877976696235,-0.034124363,0.17715472,0.012227586
1654224878178658058,-0.041105673,0.34278634,-0.02331892
1654224878375570401,-0.012598651,0.40113842,-0.010112609
1654224878573519047,0.027311176,0.35907605,0.015834596
1654224878773484672,0.04005207,0.2717515,0.04649419
1654224878978482120,0.029580105,0.23079447,0.056500725
1654224879180570922,0.0057854676,0.269308,0.04573788
1654224879383758682,-0.0130640725,0.3686172,0.034160536
1654224879594234255,-0.015565707,0.48142347,0.02281591
1654224879796359568,-0.0063736467,0.55897427,0.027702827
1654224879998686443,0.0038074288,0.6066798,0.039571058
1654224880201377588,0.0042728507,0.6412373,0.04341078
1654224880392272276,-0.0050355652,0.6871395,0.05045027
1654224880596195453,-0.016147487,0.7633521,0.052079234
1654224880798431755,-0.030226465,0.86417395,0.04637783
1654224881000724880,-0.044421792,0.9679627,0.043178067
1654224881210106182,-0.055475548,1.0416737,0.042130876
1654224881409908577,-0.053439327,1.0719261,0.05597713
1654224881609735192,-0.04197833,1.0737878,0.062376667
1654224881809741233,-0.03610239,1.0511566,0.065285556
1654224882021490452,-0.03906945,1.0336453,0.06371475
1654224882223764202,-0.044654503,1.0441753,0.054871775
1654224882425823889,-0.046108942,1.06861,0.051439278
1654224882628097483,-0.044072736,1.0747186,0.04637783
1654224882821070244,-0.03767319,1.0448153,0.044225268
1654224883023276546,-0.02964469,0.9822743,0.042829007
1654224883225632639,-0.023070626,0.9085633,0.046319667
1654224883428406389,-0.019579962,0.8523056,0.047075976
1654224883630309254,-0.019463606,0.82356596,0.041665446
1654224883842101024,-0.018474586,0.816701,0.032706104
1654224884044038837,-0.024117816,0.81152314,0.02997175
1654224884246409201,-0.034124363,0.7977932,0.024677595
1654224884448665816,-0.037789557,0.768239,0.02269955
1654224884641552378,-0.03418254,0.7399647,0.022990443
1654224884843687118,-0.025572255,0.7314707,0.027179224
1654224885045967847,-0.022547018,0.74037194,0.024852127
1654224885248517482,-0.030342821,0.7648646,0.021594182
1654224885459461649,-0.035869684,0.8002948,0.025433904
1654224885661948472,-0.032146327,0.82187885,0.029680872
1654224885864380763,-0.02661945,0.81867903,0.033520583
1654224886066502169,-0.028830204,0.79872406,0.032240678
1654224886257490503,-0.03645147,0.7733587,0.027761003
1654224886461809357,-0.03889493,0.7460152,0.026422923
1654224886664399200,-0.034473434,0.7096543,0.023339504
1654224886866408211,-0.029528331,0.667999,0.021536
1654224887068524044,-0.027433943,0.62052613,0.017579922
1654224887279203419,-0.026154023,0.56834084,0.020314276
1654224887477103627,-0.021383468,0.52185696,0.021303292
1654224887677559356,-0.015274824,0.48793942,0.020605158
1654224887877545189,-0.01510029,0.465541,0.018452587
1654224888089320294,-0.022139773,0.44808772,0.013740202
1654224888287131752,-0.02615403,0.42568943,0.010598617
1654224888493641752,-0.022547025,0.3942735,0.011994875
1654224888696463627,-0.014460334,0.3602978,0.012634829
1654224888888525189,-0.00829351,0.33126718,0.013449315
1654224889091241335,-0.009864307,0.31259215,0.012867536
1654224889289759304,-0.013471316,0.30723983,0.0112385675
1654224889495777585,-0.013820383,0.31032318,0.008853288
1654224889707325449,-0.013413134,0.31259215,0.007166136
1654224889909502220,-0.013005889,0.30828705,0.006177116
1654224890111658105,-0.012715002,0.29391715,0.0060607614
1654224890308552532,-0.012773181,0.27087882,0.007515203
1654224890503584720,-0.008933461,0.24818955,0.008504223
1654224890707816699,-0.0043956116,0.23259798,0.009900485
1654224890910453001,-0.004628324,0.22660574,0.008446044
1654224891113532428,-0.0076535577,0.22870004,0.006700715
1654224891311249251,-0.010097017,0.23573951,0.006700715
1654224891527023105,-0.011202392,0.24266267,0.005769872
1654224891729957063,-0.01027155,0.2473169,0.0053044516
1654224891931715657,-0.010387906,0.2502258,0.007166137
1654224892134242844,-0.01102786,0.25476366,0.007515203
1654224892322236177,-0.011027857,0.2609304,0.006642537
1654224892529078886,-0.010504262,0.26616648,0.0062934714
1654224892731740761,-0.010736973,0.269308,0.005711695
1654224892934109615,-0.011842339,0.26843536,0.0047226753
1654224893143358469,-0.013820383,0.26447928,0.0061189393
1654224893337669510,-0.015507528,0.2581379,0.005769872
1654224893538436698,-0.0149257565,0.2498767,0.0050135646
1654224893738498937,-0.011842343,0.23905568,0.0062934724
1654224893949270031,-0.00968977,0.22689655,0.006700715
1654224894151718989,-0.008933461,0.21572648,0.0046063205
1654224894353732635,-0.010155196,0.20414913,0.0048390315
1654224894556070447,-0.011551454,0.1937935,0.0053626294
1654224894749028468,-0.012598646,0.1860559,0.0047226753
1654224894951273833,-0.012715002,0.18023816,0.0054789847
1654224895153518780,-0.011958699,0.17837648,0.0051880963
1654224895355666489,-0.010736973,0.18116897,0.006060761
1654224895559124249,-0.009864303,0.18861572,0.005769873
1654224895778183936,-0.00945706,0.19972764,0.004839031
1654224895971899041,-0.010736969,0.20938514,0.0023373961
1654224896174726228,-0.013005893,0.2136902,0.003093704
1654224896376645186,-0.013413136,0.21241036,0.00437361
1654224896569945290,-0.013936737,0.20688349,0.0035009482
1654224896772263884,-0.013064071,0.19943672,0.004082723
1654224896974060863,-0.011784165,0.19228092,0.00512992
1654224897176177790,-0.010795149,0.18849936,0.0053044516
1654224897387959457,-0.00939888,0.18797575,0.0036754813
1654224897590003311,-0.009282525,0.18826665,0.0020465082
1654224897792758884,-0.00939888,0.18698674,0.0034427699
1654224897995195238,-0.010213374,0.18367061,0.003850013
1654224898197047217,-0.010736971,0.17965637,0.0040245457
1654224898390005029,-0.010969683,0.17506032,0.0032100608
1654224898592362842,-0.010387902,0.17087154,0.0046644984
1654224898793977321,-0.009573416,0.16674094,0.005071741
1654224898996230810,-0.009747948,0.16173765,0.0033845934
1654224899206154716,-0.008468042,0.15650173,0.0026282845
1654224899405245446,-0.007188133,0.14957856,0.0037336568
1654224899609747789,-0.007479024,0.14224818,0.004839031
1654224899806033206,-0.008991639,0.13515048,0.0036754804
1654224900016875654,-0.008991643,0.12962365,0.0037918356
1654224900219583466,-0.00852622,0.12380588,0.0044899653
1654224900422111018,-0.009224349,0.11874441,0.0041990783
1654224900624388466,-0.009107995,0.112984836,0.0032100608
1654224900816693257,-0.007304487,0.106352605,0.002395574
1654224901018894403,-0.0057918746,0.09844044,0.0036754813
1654224901221178101,-0.00672271,0.0905283,0.0035591265
1654224901423296070,-0.0063154725,0.08383786,0.002162863
1654224901634908674,-0.006199113,0.07674019,0.002570107
1654224901837222320,-0.0070135994,0.06958436,0.003617304
1654224902040383413,-0.0069554215,0.063068464,0.0010574885
1654224902241726017,-0.0057336977,0.054923598,9.411337E-4
1654224902444434559,-0.0058500534,0.044800702,0.0015810869
1654224902637377163,-0.0049773855,0.035783168,8.829556E-4
1654224902839738465,-0.0043374347,0.026707469,5.9206807E-4
1654224903041486173,-0.004221081,0.018329894,2.4300267E-4
1654224903243965704,-0.0032902379,0.01169765,-3.3877324E-4
1654224903455900652,-0.0035811253,0.0049490477,-7.460164E-4
1654224903657894923,-0.0043956116,-0.0012759548,2.4300267E-4
1654224903860253413,-0.0036393022,-0.007210068,-0.0017350354
1654224904063038308,-0.0024175737,-0.012853293,-8.623716E-4
1654224904254937006,-0.0025921054,-0.018089278,-5.1330606E-4
1654224904457317579,-0.0024175737,-0.021812646,-0.0016768579
1654224904659587423,-0.0025339276,-0.024023393,-6.878388E-4
1654224904861867996,-0.0024175737,-0.024954233,-0.0016768579
1654224905071885391,-0.0016612634,-0.024488814,-0.0016768579
1654224905272058568,-0.0021848623,-0.024663342,-0.0013277923
1654224905471527006,-0.0031157052,-0.024081573,-0.0010950819
1654224905671050651,-0.0030575274,-0.022627138,-0.0012114372
1654224905882308360,-0.0023593968,-0.020358207,-8.04194E-4
1654224906084449505,-0.0020103296,-0.017507503,-5.1330606E-4
1654224906286657474,-0.0020685075,-0.014191382,-8.04194E-4
1654224906489538412,-0.0024757506,-0.010060767,-3.3877324E-4
1654224906691413151,-0.0027084611,-0.006104696,-4.5512844E-4
1654224906884853516,-0.0029411716,-0.0020904387,6.8469904E-5
1654224907086912630,-0.0029411716,0.0017492804,6.8469904E-5
1654224907289257265,-0.0034647705,0.0048326924,1.2664753E-4
1654224907491418776,-0.0038720137,0.00826517,6.502456E-4
1654224907703021484,-0.0032902379,0.011232227,4.7571305E-4
1654224907905158255,-0.0032902379,0.014199285,5.338903E-4
1654224908107734817,-0.0038138367,0.016700922,5.9206807E-4
1654224908309738828,-0.0039301915,0.018911673,7.08423E-4
1654224908502332838,-0.0043956116,0.020598818,4.175353E-4
1654224908704765077,-0.004221079,0.021122415,9.411335E-4
1654224908906670754,-0.004628321,0.021820549,5.9206807E-4
1654224909108998515,-0.0043374347,0.021413304,4.1753554E-4
1654224909328993515,-0.0043956116,0.020075224,4.175353E-4
1654224909523082577,-0.0039301915,0.018678961,3.011803E-4
1654224909725631744,-0.004104724,0.016642744,4.7571305E-4
1654224909927785181,-0.0044537885,0.014141105,2.4300267E-4
1654224910129812837,-0.004162902,0.0114649385,-1.0606286E-4
1654224910323109973,-0.0036393022,0.008497881,3.5935768E-4
1654224910526679295,-0.0038720137,0.0055890013,1.2664753E-4
1654224910727527889,-0.0039301915,0.0024474112,-6.296612E-4
1654224910929616535,-0.0033484148,-8.687102E-4,-1.0606286E-4
1654224911137924295,-0.0039883684,-0.0040103025,-3.3877324E-4
1654224911337976951,-0.0033484148,-0.00651194,-6.878388E-4
1654224911537973305,-0.0030575274,-0.009013575,-5.7148363E-4
1654224911738744712,-0.0029411716,-0.010642547,-3.9695087E-4
1654224911949855805,-0.0034065936,-0.012155164,-8.623716E-4
1654224912152309920,-0.003232059,-0.012736941,-6.878388E-4
1654224912354366118,-0.0028829947,-0.013609605,-1.0606286E-4
1654224912568038045,-0.0032902379,-0.013493249,-9.787268E-4
1654224912749772993,-0.0029411716,-0.013318716,-0.0011532595
1654224912951940232,-0.0031738821,-0.012795119,1.0292279E-5
1654224913154465232,-0.003232059,-0.011864275,-0.0014441476
1654224913356788669,-0.002766638,-0.010758901,-2.8059562E-4
1654224913568454659,-0.0035229474,-0.009886237,2.4300267E-4
1654224913770890180,-0.0039301906,-0.008489976,-9.2054915E-4
1654224913972731950,-0.0029993486,-0.005697454,-8.04194E-4
1654224914174953929,-0.0031157052,-0.0045920783,3.011803E-4
1654224914377111429,-0.0038720146,-0.0029049264,-1.6424048E-4
1654224914570270023,-0.0033484148,-3.4511415E-4,-0.0012696148
1654224914772951846,-0.0029411716,0.0012838594,4.7571305E-4
1654224914974491273,-0.0031157052,0.0025637667,-1.0606286E-4
1654224915176770856,-0.0034065936,0.004367272,-1.0606286E-4
1654224915392257627,-0.004104724,0.0055308235,1.8482504E-4
1654224915595033096,-0.003290237,0.007334329,-3.9695087E-4
1654224915804223460,-0.002301218,0.0086142365,-1.6424048E-4
1654224915996487054,-0.003755658,0.008381526,9.411335E-4
1654224916189453460,-0.0043956116,0.0086142365,-6.296612E-4
1654224916390577887,-0.0028829947,0.0090796575,-5.1330606E-4
1654224916592825856,-0.0030575274,0.008439704,0.0014065542
1654224916795249658,-0.003639304,0.008206993,-3.3877324E-4
1654224917005801012,-0.0030575274,0.007741573,-8.623716E-4
1654224917206104449,-0.0031157043,0.0068107303,8.2477846E-4
1654224917405782574,-0.0034065936,0.006054422,2.4300267E-4
1654224917605931845,-0.003232059,0.0048908703,-0.0012114372
1654224917815530282,-0.0035229484,0.0033782527,0.0010574885
1654224918017583720,-0.0029411716,0.0026219443,-9.2054915E-4
1654224918220182470,-0.002301218,0.0015165696,-4.5512844E-4
1654224918422356792,-0.003755658,-4.0329015E-4,6.5024535E-4
1654224918624453667,-0.004511968,-0.0010432447,-6.296612E-4
1654224918817669709,-0.0011280989,-0.0017006034,-9.088431E-4
1654224919019587573,-8.090306E-5,-0.0035041096,0.001592793
1654224919222337678,-0.0013026334,-0.0045513064,5.455967E-4
1654224919424111011,-0.0011862786,-0.0039113527,-8.5066556E-4
1654224919635946115,-1.3908185E-4,-0.004784017,3.7106394E-4
1654224919837940698,-4.881462E-4,-0.0049585495,0.001592793
1654224920040079917,-0.0015935218,-0.0048421947,-2.1071202E-4
1654224920242746896,-0.0011862786,-0.004609484,-8.5066556E-4
1654224920435589604,-6.6267885E-4,-0.005074905,9.5283985E-4
1654224920637936948,-8.372124E-4,-0.005191261,9.5283985E-4
1654224920840040125,-0.0013026325,-0.004667661,-2.6888962E-4
1654224921042156375,-0.001535343,-0.0039695296,1.9653112E-4
1654224921253920229,-7.208567E-4,-0.002922332,4.2924145E-4
1654224921456088770,-4.2996928E-4,-0.0027477993,5.455967E-4
1654224921658386947,-0.0015935218,-0.0023987335,1.9653112E-4
1654224921860906843,-0.002000764,-0.0016424241,6.6195184E-4
1654224922062937312,-7.208567E-4,-0.0012351819,-2.1071202E-4
1654224922255922051,-1.9725878E-4,-5.370518E-4,7.783071E-4
1654224922458421530,-0.0016516987,-0.0011188281,7.2012946E-4
1654224922660269343,-0.0022916524,-1.298096E-4,1.383535E-4
1654224922862554499,-7.208567E-4,9.173881E-4,-3.852448E-4
1654224923071134395,7.344913E-4,0.0035146535,0.0015506147
1654224923271271634,-8.3630346E-4,0.0037473643,9.617489E-5
1654224923471431582,-2.1818094E-5,0.00409643,-0.0017655082
1654224923674015228,1.5271641E-4,0.0033401204,0.0016669697
1654224923883429915,-7.199487E-4,0.0027583442,9.688386E-4
1654224924086487155,5.5995863E-4,0.0038637193,-0.0019982185
1654224924296564707,-2.1816231E-5,0.00310741,0.0011433716
1654224924489871530,-6.6177174E-4,0.0029328773,0.0011433713
1654224924682969342,4.4360384E-4,0.0038055417,-0.0019400408
1654224924885808509,3.2724813E-4,0.002816522,7.361283E-4
1654224925088012623,-7.999502E-5,0.0019438588,0.0013179037
1654224925290170175,1.5271641E-4,0.0025838115,-8.3466666E-4
1654224925501238977,-2.1818094E-5,0.0022347458,-1.3653556E-4
1654224925703726113,3.2724813E-4,0.0022347458,4.452404E-4
1654224925905801217,6.1813556E-4,0.0022929236,2.1253002E-4
1654224926108566112,-7.199487E-4,0.0020602131,5.6159555E-4
1654224926310729029,-1.3817288E-4,0.0025256341,-7.7648903E-4
1654224926503426946,0.0010835575,0.0022929236,3.7997263E-5
1654224926705562466,7.344913E-4,0.0014784397,0.0014924362
1654224926907915018,-5.45416E-4,0.0017111492,-4.2742348E-4
1654224927110105852,-4.2906124E-4,0.002583811,-7.7648903E-4
1654224927321626060,7.3449314E-4,0.002641989,7.3612854E-4
1654224927524058143,0.0010835575,0.0027583442,5.0341804E-4
1654224927727038403,-5.454151E-4,0.002641989,-1.3653556E-4
1654224927929699445,-4.8723817E-4,0.0029328773,3.7997263E-5
1654224928121248924,5.6177936E-4,0.0011351907,-6.259546E-4
1654224928327769966,6.199563E-4,4.9523637E-4,5.375971E-4
1654224928525854132,-7.8174286E-5,4.3705944E-4,5.375972E-4
1654224928728153663,-8.3448365E-4,0.0016006117,-9.1684255E-4
1654224928937977309,9.635836E-5,0.0015424341,-8.58665E-4
1654224929138044913,7.36312E-4,0.0017169667,6.539525E-4
1654224929337563090,-8.926615E-4,0.0014260788,5.375972E-4
1654224929538035174,-7.181298E-4,0.001949678,-0.0013822633
1654224929748801267,2.1271314E-4,0.001367901,1.3998942E-5
1654224929950762413,9.635836E-5,6.115921E-4,0.0011775501
1654224930153482673,-6.0177315E-4,0.0013097238,-2.76889E-4
1654224930355145955,-3.108848E-4,0.0015424341,-0.0011495529
1654224930557279496,1.5453622E-4,0.0011351907,-4.4178683E-5
1654224930750831579,9.108437E-4,0.0013097234,3.0488695E-4
1654224930952865538,-4.2723864E-4,3.2070372E-4,7.217657E-5
1654224931155326996,-0.0010090172,2.0434894E-4,-6.259546E-4
1654224931357197360,-7.8174286E-5,3.7888112E-4,4.212421E-4
1654224931568712152,5.6177936E-4,3.2070372E-4,-1.0235619E-4
1654224931771474600,9.635836E-5,-2.0289375E-4,-3.3506664E-4
1654224931976075954,-5.4359436E-4,-9.010234E-4,-2.76889E-4
1654224932176140589,-0.0010090172,-0.0013664439,4.7941972E-4
1654224932368708975,1.5453529E-4,-8.42846E-4,-4.5142177E-4
1654224932571608454,0.0010272004,-9.592008E-4,-6.259546E-4
1654224932773507829,-1.3635308E-4,-0.0017155102,0.0010030181
1654224932975816266,-0.0010957383,-0.0018309564,7.9812366E-5
1654224933186962933,6.781239E-5,-0.0013073576,-0.0016073379
1654224933389519183,0.0010568332,-0.0018891343,3.1252275E-4
1654224933591780276,8.2412176E-4,-0.0024127327,7.1976555E-4
1654224933794449026,-5.721403E-4,-0.0014818911,-5.6014117E-4
1654224933996213349,-5.139634E-4,-0.0018891334,-9.673843E-4
1654224934189409443,7.0776604E-4,-0.0015400681,1.961675E-4
1654224934391761213,4.7505554E-4,-0.0016564229,7.779433E-4
1654224934593539963,-2.8125383E-4,-0.0012491797,-0.0014328051
1654224934795900432,-1.06720254E-4,-9.001144E-4,-7.9285156E-4
1654224935014292307,4.7505647E-4,-0.0013655359,8.942982E-4
1654224935204869130,1.8416904E-4,-9.001149E-4,-2.692532E-4
1654224935404802932,-4.5578647E-4,-5.51051E-4,-2.692532E-4
1654224935606438244,2.4234504E-4,-1.4380831E-4,-9.0920675E-4
1654224935816519859,7.0776604E-4,1.4707958E-4,1.961675E-4
1654224936019470379,-1.6489811E-4,2.0525744E-4,0.0011851859
1654224936220770952,-2.2307504E-4,8.4521156E-4,-0.0012000947
1654224936423423296,1.2599118E-4,0.0011360995,-4.4378598E-4
1654224936615661473,6.781239E-5,4.3796748E-4,0.0010688311
1654224936828624910,-4.8541464E-5,7.870337E-4,-9.4720395E-5
1654224937020915327,-5.139634E-4,0.0013106326,-6.7649636E-4
1654224937222714650,3.005229E-4,0.0015433428,1.3798987E-4
1654224937434189806,3.5870168E-4,0.0014851652,7.779433E-4
1654224937636734337,-2.2307504E-4,0.0015433428,-3.856084E-4
1654224937839438087,6.781239E-5,0.0016015205,-9.0920675E-4
1654224938041038243,4.7214795E-4,0.0011548265,4.3178652E-4
1654224938243585952,1.8126145E-4,3.9851712E-4,6.063193E-4
1654224938436352774,-6.914027E-4,7.475829E-4,-2.0816695E-4
1654224938638960170,-5.1450916E-5,0.0012711815,-3.826997E-4
1654224938840988555,5.3032767E-4,0.0010384712,-3.3634133E-5
1654224939043101212,2.9761717E-4,3.4033926E-4,8.972072E-4
1654224939255219545,-2.8415956E-4,2.8216187E-4,-9.644757E-4
1654224939462957982,6.7288056E-6,3.4033973E-4,-1.4998938E-4
1654224939659622253,-2.2598263E-4,-2.996144E-4,5.481418E-4
1654224939861656628,7.630382E-4,1.6580662E-4,-0.0010226533
1654224940054150743,9.375708E-4,-1.2508128E-4,3.154314E-4
1654224940256725742,-9.241132E-4,-7.0685754E-4,7.8085205E-4
1654224940458951472,-1.0962784E-4,-1.8325914E-4,-0.0011390084
1654224940661573034,4.1397102E-4,-2.4143653E-4,-1.4998938E-4
1654224940863523711,6.4906664E-5,-8.2321186E-4,7.2267454E-4
1654224941071805221,4.1397102E-4,-2.9961392E-4,-0.0013135412
1654224941271290950,4.1397102E-4,-7.6503446E-4,8.2721E-5
1654224941471740169,-8.077584E-4,-0.0014049867,0.0010135625
1654224941681661419,6.7278743E-6,-4.741475E-4,-0.0013717188
1654224941883740429,5.3032767E-4,-5.323235E-4,-3.3634133E-5
1654224942086086002,-2.8415956E-4,-7.6503353E-4,7.2267454E-4
1654224942288061940,6.4906664E-5,-7.0685707E-4,-0.0013717188
1654224942490598971,-1.0962598E-4,-0.0011140984,3.7360901E-4
1654224942683711262,-3.4233835E-4,-0.0012886319,4.8996415E-4
1654224942886004075,2.976153E-4,-2.996144E-4,-7.899429E-4
1654224943088713346,3.4524687E-4,-2.628886E-4,-1.9471312E-4
1654224943290259231,1.1253636E-4,-5.537756E-4,3.2888516E-4
1654224943502125897,-6.43773E-4,-4.9559865E-4,4.452404E-4
1654224943704154127,-6.4377114E-4,2.607084E-4,-2.528907E-4
1654224943906663918,-6.199628E-5,6.679506E-4,-3.6924588E-4
1654224944109311678,3.4524687E-4,8.617528E-5,9.617489E-5
1654224944302353033,-3.5288464E-4,-2.6288955E-4,3.7997263E-5
1654224944504803657,-1.7835293E-4,2.0253053E-4,-5.4377865E-4
1654224944706096262,-3.8184226E-6,8.617528E-5,-1.3653556E-4
1654224944908770220,1.1253636E-4,3.7706317E-4,5.0341804E-4
1654224945110501313,1.1253636E-4,3.770627E-4,-4.8560108E-4
1654224945322266001,-3.8184226E-6,4.3524057E-4,-2.528907E-4
1654224945524180272,-6.43773E-4,-2.0471169E-4,0.0010851935
1654224945726448136,-5.855961E-4,4.3524057E-4,-6.601339E-4
1654224945929186990,5.779583E-4,0.0011333721,-2.528907E-4
1654224946122344699,-6.199721E-5,-3.210674E-4,3.8706278E-4
1654224946324163761,-2.3652986E-4,4.3524057E-4,2.1253002E-4
1654224946526836313,-2.3652986E-4,4.3524057E-4,-7.835793E-5
1654224946729004594,-2.9470772E-4,6.097732E-4,1.543524E-4
1654224946938196052,8.1066694E-4,0.0014824378,-7.7648903E-4
1654224947137790740,1.7071329E-4,7.2612846E-4,7.943058E-4
1654224947337694021,-0.0010510162,3.1888532E-4,3.8706278E-4
1654224947537884073,2.2889208E-4,0.0014242607,-0.0013000874
1654224947749063396,5.7795644E-4,7.2612846E-4,3.8706278E-4
1654224947951445583,3.137961E-4,-6.017834E-5,5.463239E-4
1654224948154881052,1.9744039E-4,4.6342053E-4,-2.6816234E-4
1654224948355695687,-7.915795E-4,2.3071002E-4,1.9725837E-4
1654224948549210583,-3.2615755E-4,0.0012197299,-2.0998478E-4
1654224948751416416,0.0020009475,0.0013360849,-3.2633997E-4
1654224948953993760,-2.0980276E-4,4.6342053E-4,4.8814638E-4
1654224949156135166,-0.0011988208,1.7253263E-4,-5.0087273E-4
1654224949358229645,2.2908673E-5,5.215984E-4,2.272561E-5
1654224949569939853,2.2908673E-5,4.6342053E-4,3.136135E-4
1654224949772523291,6.0468353E-4,9.28842E-4,-6.172279E-4
1654224949974177197,1.3926346E-4,8.124863E-4,2.272561E-5
1654224950176009384,-0.00102429,1.1435477E-4,4.2996876E-4
1654224950369315947,-4.4251326E-4,7.543089E-4,-6.754055E-4
1654224950572228655,7.2103925E-4,5.215979E-4,-9.3629584E-5
1654224950773684801,1.3926346E-4,-6.017834E-5,7.2085665E-4
1654224950975890322,2.2908673E-5,-1.7653359E-4,-5.0087273E-4
1654224951191847197,-7.334007E-4,-7.5830705E-4,8.372119E-4
1654224951390023186,-7.334007E-4,-1.7653313E-4,-7.335831E-4
1654224951593545894,0.0011864603,9.870194E-4,-4.4269513E-4
1654224951795108290,-9.3447044E-5,-1.1835573E-4,0.0010699218
1654224951988444071,-6.1704684E-4,-1.7653359E-4,-9.081159E-4
1654224952189815165,-3.5270117E-5,-2.928879E-4,-5.0087273E-4
1654224952392172196,-9.3447044E-5,-0.0013400833,7.790344E-4
1654224952594462248,-3.5270117E-5,-0.0010491959,-2.6816234E-4
1654224952796343029,1.3926346E-4,-8.164863E-4,-1.5180721E-4
1654224953004680790,1.6507972E-4,-3.9488077E-4,3.747E-4
1654224953204345894,-3.5851728E-4,-2.78526E-4,-3.254309E-5
1654224953404328862,-5.9122965E-4,-3.367029E-4,-1.4889828E-4
1654224953608272717,-4.1669607E-4,-3.3670245E-4,1.4198973E-4
1654224953817007456,0.0012122765,-3.3670152E-4,-4.9796386E-4
1654224954019588758,8.0503337E-4,-9.1847684E-4,7.2376564E-4
1654224954221298914,-5.912287E-4,-0.0013838978,8.3812105E-5
1654224954423851050,-9.4029587E-4,-0.001034833,1.4198973E-4
1654224954616956102,2.8143637E-4,-3.9488124E-4,-2.6525347E-4
1654224954819467716,0.0013868101,3.032498E-4,3.747E-4
1654224955021345216,-3.0034222E-4,-2.7852552E-4,8.401209E-4
1654224955223451310,-0.0010566497,-1.6217073E-4,-9.633846E-4
1654224955435818966,3.9779022E-4,-1.03992876E-4,-5.5614143E-4
1654224955637131049,5.14145E-4,-0.0010348316,0.0010146534
1654224955839341934,-1.839865E-4,-5.1123556E-4,2.0016724E-4
1654224956041695111,-7.657623E-4,-1.0399334E-4,-6.724966E-4
1654224956234372716,1.6507972E-4,1.236191E-5,-4.3978624E-4
1654224956436932507,2.814345E-4,7.053977E-5,0.0010146531
1654224956639490215,-1.8398557E-4,3.0325027E-4,-1.4889828E-4
1654224956841372403,-8.239392E-4,3.6142766E-4,-7.888518E-4
1654224957043625163,1.0690279E-4,1.236191E-5,8.3812105E-5
1654224957254950840,8.6321123E-4,-4.5815483E-5,8.982984E-4
1654224957458298496,-3.0034035E-4,-2.78526E-4,-2.0707585E-4
1654224957659726986,-9.4029494E-4,-1.0399334E-4,2.563448E-5
1654224957861817142,-9.454787E-6,5.9413863E-4,-2.0707585E-4
1654224958055138756,5.628681E-4,5.7704886E-4,5.8450294E-4
1654224958257119329,-4.843278E-4,5.3450465E-5,3.5179255E-4
1654224958459767402,-8.33394E-4,1.1162786E-4,-2.299833E-4
1654224958661893027,0.0012028227,5.188715E-4,-4.626937E-4
1654224958870624537,0.0013773544,5.345093E-5,6.4268056E-4
1654224959070631048,-4.843278E-4,-1.21082645E-4,-5.545054E-5
1654224959270412454,-2.516182E-4,-1.21082645E-4,-0.0012190024
1654224959470553391,-1.8907711E-5,-6.2904786E-5,3.5179255E-4
1654224959681920995,-2.516182E-4,-4.7269277E-6,3.5179255E-4
1654224959884731360,2.1380372E-4,5.188715E-4,-0.0015680679
1654224960086694224,1.5562493E-4,-4.726462E-6,3.5179255E-4
1654224960288996776,-7.708557E-5,-5.865018E-4,-4.626937E-4
1654224960482276568,6.2104594E-4,5.3450465E-5,-4.045161E-4
1654224960685212037,-5.4250564E-4,-5.865018E-4,6.0904655E-5
1654224960886343651,9.7448006E-5,4.0251622E-4,-5.790489E-4
1654224961090556776,0.0013191774,5.188715E-4,-5.2087125E-4
1654224961290975474,2.7198065E-4,-3.5379222E-4,5.263254E-4
1654224961502656672,-7.170383E-4,-6.2904786E-5,-1.13628164E-4
1654224961705150109,-3.09797E-4,-6.2904786E-5,-7.5358164E-4
1654224961907412505,7.3740166E-4,5.3450465E-5,2.9361504E-4
1654224962109789953,8.537555E-4,-6.2904786E-5,-2.8816093E-4
1654224962302238442,2.7198158E-4,-3.5379175E-4,2.727029E-6
1654224962505079588,-9.497488E-4,-4.7014793E-4,6.0904655E-5
1654224962707016098,2.7198065E-4,5.3450465E-5,-2.299833E-4
1654224962910186880,0.0014355332,5.188715E-4,-8.1175927E-4
1654224963120753546,-9.313226E-10,-3.1179516E-4,0.0011702786
1654224963322620057,-0.0012799092,-1.9544037E-4,-2.841611E-4
1654224963524765317,-1.7453544E-4,9.544706E-5,-0.0010404699
1654224963728000994,0.0014544381,3.7270598E-5,0.0015193439
1654224963920224119,-5.817972E-5,-3.117961E-4,-2.841611E-4
1654224964122627244,1.16353855E-4,2.699797E-4,-8.0775947E-4
1654224964325419640,-5.817767E-4,-7.7721523E-4,0.0014029889
1654224964527667035,-2.3271237E-4,-7.908605E-5,-4.586939E-4
1654224964729858337,4.0724128E-4,9.544706E-5,-6.914043E-4
1654224964937662348,-1.7453544E-4,-0.0010099253,0.0012284562
1654224965137362191,-5.235998E-4,-8.353931E-4,-5.145074E-5
1654224965337427400,-5.817879E-5,-1.9544037E-4,-5.750491E-4
1654224965537853493,-2.3271237E-4,-6.0268305E-4,7.630356E-4
1654224965749797660,-4.0724408E-4,-1.9544084E-4,-1.0962831E-4
1654224965952050941,1.1635292E-4,3.7269667E-5,-5.750491E-4
1654224966154089222,-4.65421E-4,-5.445066E-4,5.303252E-4
1654224966361849118,-3.4906715E-4,-4.2814994E-4,6.490445E-5
1654224966550152347,-5.817972E-5,-4.8632827E-4,6.490445E-5
1654224966752167451,-1.1635665E-4,-5.4450426E-4,1.8125965E-4
1654224966954203597,-2.9089022E-4,-1.3726344E-4,6.490445E-5
1654224967156489378,-6.3995644E-4,-3.1179562E-4,-1.678059E-4
1654224967367741149,-5.2360166E-4,-1.9544084E-4,2.3943721E-4
1654224967570309326,5.8175996E-5,2.1180231E-4,2.3943721E-4
1654224967772952555,-1.1635665E-4,9.544706E-5,6.490445E-5
1654224967974585263,-3.4906715E-4,3.72692E-5,1.2308202E-4
1654224968168187242,-3.8415473E-4,3.5415497E-4,1.2362725E-5
1654224968369849378,-3.508944E-5,2.3779972E-4,2.4507317E-4
1654224968572224690,8.126721E-5,2.959771E-4,-1.0399241E-4
1654224968774761929,-0.0011986401,4.123333E-4,3.614283E-4
1654224968977011461,-2.67799E-4,2.959771E-4,-4.5814842E-5
1654224969188259481,-2.67799E-4,8.7775337E-4,-3.367028E-4
1654224969390589481,-1.5144516E-4,7.032207E-4,3.614283E-4
1654224969592852554,-2.0962022E-4,6.450424E-4,-1.0399241E-4
1654224969794985262,-9.326637E-5,3.541545E-4,-1.6217004E-4
1654224969987789325,-1.514433E-4,2.3779925E-4,2.4507317E-4
1654224970190509169,-3.8415566E-4,4.1233236E-4,1.2362725E-5
1654224970392704221,1.9762106E-4,4.7050975E-4,-2.203476E-4
1654224970595112293,8.126721E-5,4.1233236E-4,1.2362725E-5
1654224970804602554,-2.0962209E-4,4.1233236E-4,-4.5814842E-5
1654224971005178647,-3.508944E-5,4.7051022E-4,-4.5814842E-5
1654224971205385001,-3.8415566E-4,2.3779925E-4,-1.6217004E-4
1654224971405390626,-3.8415473E-4,4.1233236E-4,1.2871792E-4
1654224971615231303,-9.326637E-5,2.3779925E-4,-1.6217004E-4
1654224971817510678,-9.326637E-5,3.5415497E-4,-4.5814842E-5
1654224972019483855,-1.5144516E-4,6.326754E-5,2.4507317E-4
1654224972222090418,8.126721E-5,3.541545E-4,-1.0399241E-4
1654224972424338334,1.3944414E-4,1.21444E-4,1.2362725E-5
1654224972625224897,-2.0962209E-4,-1.694439E-4,7.054035E-5
1654224972819813855,2.3088418E-5,3.5415497E-4,1.2362725E-5
1654224973021524740,1.8434878E-4,5.635945E-5,-2.1652965E-4
1654224973223904376,1.2617186E-4,-4.0906062E-4,2.4889113E-4
1654224973435749688,2.4252757E-4,-2.3452844E-4,-1.5835208E-4
1654224973637908855,3.007045E-4,-1.818873E-6,7.435831E-5
1654224973840375625,1.2617186E-4,-5.8359327E-4,4.816014E-4
1654224974043482032,3.588833E-4,-1.8179417E-6,-4.4924003E-4
1654224974236364948,1.2617186E-4,-3.5088323E-4,-1.0017445E-4
1654224974437334375,6.799493E-5,-6.417702E-4,1.907135E-4
1654224974640206927,2.4252571E-4,-8.163033E-4,-1.0017445E-4
1654224974841984635,7.661255E-4,-6.99949E-4,5.9795665E-4
1654224975053613490,2.4252757E-4,-1.1817366E-4,1.3253588E-4
1654224975256009792,-2.228925E-4,5.6358986E-5,4.816014E-4
1654224975457779010,3.0070543E-4,-1.8184073E-6,-5.074176E-4
1654224975660050729,0.0019878568,2.308921E-4,-1.0017445E-4
1654224975862699479,0.012692533,0.009364775,-0.010106721
1654224976055557343,0.0745935,0.13235222,-0.053216312
1654224976257431562,-0.016105376,0.18529381,0.009033708
1654224976459761354,-0.13205335,0.17883608,0.22324361
1654224976663203489,0.3621654,0.15556507,-0.106216095
1654224976875783645,0.017637633,0.07260383,-0.50449985
1654224977075927708,-0.17586106,0.21921137,0.34809276
1654224977272071510,-0.1450851,0.3075831,-0.10324906
1654224977471341093,0.12898955,0.64949274,0.11928025
1654224977682552239,0.032589264,0.56734604,-0.16160117
1654224977885215988,-0.063811004,0.5658916,0.06726948
1654224978097087603,-0.12844631,0.4077068,-0.04198804
1654224978295383957,-0.027217293,0.33707917,-0.195286
1654224978487367134,-0.038794637,0.1902971,-0.12308761
1654224978689775103,-0.06782526,0.15451787,0.47858506
1654224978887709061,0.056732975,0.20414336,-0.2401409
1654224979089418957,0.22608793,0.19512583,0.15104522
1654224979306379165,0.1182267,0.14084616,-0.28860286
1654224979508596405,-0.14310706,-0.15574321,0.33075583
1654224979706175154,-0.13135517,-0.1916388,-0.31530637
1654224979911047498,0.06010727,0.04549305,0.19101322
1654224980110217706,0.14574468,-0.026123554,0.117651254
1654224980303003175,0.055278532,0.5091685,-0.27720007
1654224980513430467,0.14975893,-0.049452767,0.08990056
1654224980712702446,-0.5803117,-0.11106284,0.35484135
