1675402742546469888
1675402742747148482
1675402742948146034
1675402743147509419
1675402743349239784
1675402743558635981
1675402743759656606
1675402743959541398
1675402744159915356
1675402744358874002
1675402744553665512
1675402744765368116
1675402744962180095
1675402745161999366
1675402745363521189
1675402745563697803
1675402745771521085
1675402745971362491
1675402746152653585
1675402746352521293
1675402746553707491
1675402746749124209
1675402746959076761
1675402747159235720
1675402747356480563
1675402747557538949
1675402747758677959
1675402747967614261
1675402748168289365
1675402748366984990
1675402748567689209
1675402748768436396
1675402748963669261
1675402749173020198
1675402749374365562
1675402749573867229
1675402749752149781
1675402749971565771
1675402750165352281
1675402750363110979
1675402750562708635
1675402750763558322
1675402750967209885
1675402751159339103
1675402751371088010
1675402751569166082
1675402751767380041
1675402751969621291
1675402752169564936
1675402752401018374
1675402752578778113
1675402752778490613
1675402752977949051
1675402753178686134
1675402753373208061
1675402753562216446
1675402753761730561
1675402753961158477
1675402754161393477
1675402754361313842
1675402754572288738
1675402754772407487
1675402754971824258
1675402755171102279
1675402755371584883
1675402755566028321
1675402755776733633
1675402755976757591
1675402756176322279
1675402756376217799
1675402756576502174
1675402756786665351
1675402756985943737
1675402757166450924
1675402757366067434
1675402757566787539
1675402757763588893
1675402757971401132
1675402758175162070
1675402758371954049
1675402758571358319
1675402758771539517
1675402758982261600
1675402759180714257
1675402759383054309
1675402759582754621
1675402759781858527
1675402759976065246
1675402760186341913
1675402760388744621
1675402760586978475
1675402760788273787
1675402760969520558
1675402761169827381
1675402761376463839
1675402761576747381
1675402761777799360
1675402761977005349
1675402762171654724
1675402762382847901
1675402762584882276
1675402762784178057
1675402762984189359
1675402763184830766
1675402763384449359
1675402763593646182
1675402763794868109
1675402763990917692
1675402764192444098
1675402764387278578
1675402764577549671
1675402764778381650
1675402764976026650
1675402765176005973
1675402765375877744
1675402765575805192
1675402765785741337
1675402765987203473
1675402766185911858
1675402766385616858
1675402766582721545
1675402766791305920
1675402766991615660
1675402767192879358
1675402767392234983
1675402767590943941
1675402767791115816
1675402768001762951
1675402768201464930
1675402768381590764
1675402768582032326
1675402768776154618
1675402768988560867
1675402769187391857
1675402769385855138
1675402769587840555
1675402769786244669
1675402769988038732
1675402770196617325
1675402770396533627
1675402770595881909
1675402770797140606
1675402770992656544
1675402771201129981
1675402771400903262
1675402771600952481
1675402771800719616
1675402771981649148
1675402772181638366
1675402772391478314
1675402772592139668
1675402772791917949
1675402772991644408
1675402773186908939
1675402773395549407
1675402773597091803
1675402773798145709
1675402773996498001
1675402774196319928
1675402774396067428
1675402774606524928
1675402774806450397
1675402775007642271
1675402775207364980
1675402775400976438
1675402775611081282
1675402775790953834
1675402775991290604
1675402776191428469
1675402776391901073
1675402776592361958
1675402776802983885
1675402777000686229
1675402777203309875
1675402777400903468
1675402777597101437
1675402777806663312
1675402778007033989
1675402778207105708
1675402778406531437
1675402778606040551
1675402778806126228
1675402779017031905
1675402779216848416
1675402779397059874
1675402779596252634
1675402779791719249
1675402779991366801
1675402780202175447
1675402780400954874
1675402780601254821
1675402780801002061
1675402781002015863
1675402781210508050
1675402781411132061
1675402781611370081
1675402781811131227
1675402782006950654
1675402782207042685
1675402782415877477
1675402782616737737
1675402782815861435
1675402783016504143
1675402783196783779
1675402783407415654
1675402783607419143
1675402783806835653
1675402784008417476
1675402784201394560
1675402784401751851
1675402784611311070
1675402784810992320
1675402785011389247
1675402785211455132
1675402785412651695
1675402785622369715
1675402785822142892
1675402786022131069
1675402786222335653
1675402786416772423
1675402786615795444
1675402786805818517
1675402787006624038
1675402787207182006
1675402787406724038
1675402787607006381
1675402787817177787
1675402788016008569
1675402788216709975
1675402788415516068
1675402788610925495
1675402788811140235
1675402789021523047
1675402789221722995
1675402789420759974
1675402789620843047
1675402789822713985
1675402790031540599
1675402790230870807
1675402790431789401
1675402790611433620
1675402790806532109
1675402791007941328
1675402791216467265
1675402791417150807
1675402791618433046
1675402791815540338
1675402792016424713
1675402792225676432
1675402792425673567
1675402792626115129
1675402792826255650
1675402793022324973
1675402793223396223
1675402793431349973
1675402793631343046
1675402793831392577
1675402794031422889
1675402794212128514
1675402794420924868
1675402794622280754
1675402794820729399
1675402795023448774
1675402795215717941
1675402795416256378
1675402795626549347
1675402795826296847
1675402796026875388
1675402796226391065
1675402796425981638
1675402796636159815
1675402796836159399
1675402797036960076
1675402797237084503
1675402797431110596
1675402797633108304
1675402797840544971
1675402798022635179
1675402798222095179
1675402798421561065
1675402798622281065
1675402798821926950
1675402799030932210
1675402799231501325
1675402799431334033
1675402799626847106
1675402799827305491
1675402800035587991
1675402800236616949
1675402800436934241
1675402800635163199
1675402800837880699
1675402801036650647
1675402801246918407
1675402801445474449
1675402801626173095
1675402801821095647
1675402802022327938
1675402802232276584
1675402802432045178
1675402802631620073
1675402802831585646
1675402803031755021
1675402803232479865
1675402803441104448
1675402803640893667
1675402803841272313
1675402804037846115
1675402804236364864
1675402804446383406
1675402804647069448
1675402804846078823
1675402805047482520
1675402805246867833
1675402805427454447
1675402805636242208
1675402805837272103
1675402806035390697
1675402806231218926
1675402806431942416
1675402806641402364
1675402806842547311
1675402807041580384
1675402807240946530
1675402807442042207
1675402807641095592
1675402807851208353
1675402808051304446
1675402808252446165
1675402808445615592
1675402808646657884
1675402808857327259
1675402809036565279
1675402809237501581
1675402809437801425
1675402809638115644
1675402809836440852
1675402810047026060
1675402810246227154
1675402810446231320
1675402810643055956
1675402810842323872
1675402811051327935
1675402811252321528
1675402811450927518
1675402811651138091
1675402811852073559
1675402812050715747
1675402812262401111
1675402812463128143
1675402812660676840
1675402812837298038
1675402813035867726
1675402813246554028
1675402813447650330
1675402813646392465
1675402813846448975
1675402814047444809
1675402814246709756
1675402814455794600
1675402814657550225
1675402814856079548
1675402815051358194
1675402815252817985
1675402815461805694
1675402815660793610
1675402815861384391
1675402816061483975
1675402816260775745
1675402816441285589
1675402816651409339
1675402816850870120
1675402817051263505
1675402817247376943
1675402817446144339
1675402817646615953
1675402817856435953
1675402818056645693
1675402818256095328
1675402818457094547
1675402818656067567
1675402818866961786
1675402819067348661
1675402819266629442
1675402819461883921
1675402819661250119
1675402819861931369
1675402820071534181
1675402820250795848
1675402820451953244
1675402820650986317
1675402820851607671
1675402821061257618
1675402821261388556
1675402821460642306
1675402821656679129
1675402821857248972
1675402822055799910
1675402822266458555
1675402822467035951
1675402822665872878
1675402822865502097
1675402823065973243
1675402823277038816
1675402823477952930
1675402823677198503
1675402823851583555
1675402824051980794
1675402824251737930
1675402824460735482
1675402824661941992
1675402824862393138
1675402825060978815
1675402825261274492
1675402825471234804
1675402825670540065
1675402825871933190
1675402826065894439
1675402826265820012
1675402826466106418
1675402826676401783
1675402826876225064
1675402827076097356
1675402827275816522
1675402827475571574
1675402827666098397
1675402827865661678
1675402828065769699
1675402828261502928
1675402828460667251
1675402828662010636
1675402828871456313
1675402829070987251
1675402829271703917
1675402829471682251
1675402829671173501
1675402829880813396
1675402830081355584
1675402830281855375
1675402830475699959
1675402830675706938
1675402830876022511
1675402831085812771
1675402831265744698
1675402831466612354
1675402831667051729
1675402831866736312
1675402832076384333
