1675402742372016971,-0.60358465,0.41410828,0.22628784
1675402742567801971,-0.82378346,0.5773083,-0.19361687
1675402742762573586,-0.09018585,0.5928141,-0.14574432
1675402742958686659,0.023058288,0.7043263,0.0024871826
1675402743158461606,-0.59912276,-0.1165359,0.6117935
1675402743350052023,1.3489585,1.1661812,3.5650167
1675402743546259679,-0.1175518,0.9779408,-0.43053722
1675402743742417544,-1.5346369,0.49929547,-1.6414146
1675402743938300304,-1.0973976,-2.0681872,-1.7764139
1675402744132349262,-0.45635074,-6.2445493,4.628422
1675402744327888064,3.5241878,1.2837248,3.694178
1675402744523298793,3.948244,2.76476,-1.3290293
1675402744719319262,-1.6283236,-0.17817211,-0.24222025
1675402744914506293,1.3625163,1.5077796,0.8718333
1675402745110263793,-2.35357,-0.8414426,4.226412
1675402745305546554,-0.8401656,0.8081417,-0.25149477
1675402745501226866,-1.9559453,1.7951031,0.48980927
1675402745700085303,-0.28259256,1.782484,1.744214
1675402745892641085,2.0765133,2.247056,1.7814094
1675402746088748532,2.5586708,1.6756516,-0.49799228
1675402746283695147,2.021734,-1.7258506,3.2194664
1675402746479397439,1.0465035,2.1031113,1.0498798
1675402746676697074,2.1097014,2.4463024,-0.023216724
1675402746872076709,2.0184903,1.9223499,0.7765374
1675402747067390043,3.3510742,3.5692968,0.37565565
1675402747261940042,2.438723,3.033905,-0.5341468
1675402747457427022,-5.3314977,-0.22042322,0.030718803
1675402747653135094,-0.576233,3.7410765,-1.3440146
1675402747848831865,-0.4021306,1.2119412,-0.61124086
1675402748044391500,0.4607042,-0.04256773,-1.2687292
1675402748240470771,0.30671048,-1.6370602,-3.619816
1675402748435916761,0.38576627,-0.8608904,-4.4719725
1675402748631648844,0.59443223,-0.18517113,-2.954789
1675402748826553427,1.0424576,0.4261818,-1.4115914
1675402749022366292,0.81392,0.22394943,-0.57887995
1675402749218656083,-0.28984722,0.32377338,-1.0058575
1675402749413991500,-0.47325128,1.1632967,-1.5679886
1675402749610120406,-0.7890271,1.2037668,-1.1996733
1675402749805367958,-1.645684,0.02978611,-0.71582824
1675402750000853896,-0.9243411,0.7435503,-0.39838067
1675402750196032958,0.050165534,1.4953823,-0.19451515
1675402750391372541,0.4302839,0.9403,-0.34861118
1675402750587916031,0.32323408,-0.13274765,-0.35882327
1675402750782475562,-0.02859354,-1.0344877,-0.31507558
1675402750978891968,-0.2781301,-1.3699036,-0.12261295
1675402751174194885,-0.3848157,-0.4829054,0.27265602
1675402751369841968,-0.28566623,-0.23562145,0.047231317
1675402751565582541,-0.32230443,0.04894352,-0.23874223
1675402751761864989,-0.26513535,0.004345894,-0.37895632
1675402751957128843,-0.27765453,0.18709564,-0.44672525
1675402752160195822,-0.14144254,0.23852348,-0.46625543
1675402752362070197,0.06985021,0.86978054,-0.48680103
1675402752542879259,-0.03188312,0.92811584,-0.36891687
1675402752738845665,-0.1987195,0.23258305,-0.21083188
1675402752934049884,0.021487117,0.33915234,-0.29888237
1675402753130011030,0.010501027,0.05172348,-0.54864866
1675402753325787071,0.003379941,-0.67910576,-0.7195007
1675402753521146915,0.2820052,0.35446453,-0.7921896
1675402753717533477,0.5244436,0.37936306,-0.59569454
1675402753912268321,0.6071516,-1.2966318,-0.5420065
1675402754107136915,-0.24587798,-0.29918385,-0.5340647
1675402754303550925,-0.49741352,1.0051765,-0.52689415
1675402754498727696,0.4256003,0.392869,-0.110936046
1675402754695161863,0.29445863,0.5374327,0.6516235
1675402754890249415,0.5741904,0.583477,0.69004494
1675402755084680196,1.3136158,-0.6356926,0.102306545
1675402755281376133,2.1746118,-2.1256118,-0.3308754
1675402755477457071,-0.42355114,-0.75398254,-0.8639126
1675402755672666654,-2.691211,1.4459505,-1.799364
1675402755867942956,-0.87788594,2.1080341,-1.63551
1675402756064036081,-0.4558406,1.246953,-0.545166
1675402756260437122,0.73311794,0.26014614,0.6543422
1675402756455430091,1.8301404,0.45508766,1.5115113
1675402756650267070,1.7050291,-0.6210003,1.2540333
1675402756845639883,2.0341675,-0.8871832,0.38589096
1675402757041847174,1.6504444,-1.7036123,-0.4982283
1675402757239549778,-1.6070462,-0.87760735,-1.0056357
1675402757432979622,-2.7575793,1.3341169,-1.2660942
1675402757628674986,-2.8856933,3.7806625,-0.99214315
1675402757825351132,-3.3753347,1.8389602,0.8791499
1675402758019748788,-0.2365923,-0.48749828,0.94065857
1675402758216154726,4.421387,-2.8515449,0.022621155
1675402758411744153,5.8169117,0.3859043,0.96565294
1675402758606326184,3.8899662,1.7623079,-0.048090935
1675402758803009673,-0.8705473,1.6320243,-1.3069515
1675402758998553267,-4.54928,1.6118312,-0.518816
1675402759193439986,-4.3009233,2.8067017,1.4177818
1675402759389701288,-4.384059,1.9110876,2.3288693
1675402759585068527,-2.2822416,1.4088583,1.3749151
1675402759779861913,1.2225251,-2.5358133,-0.71578264
1675402759975909465,6.397445,-3.1526966,0.13628483
1675402760172009308,4.122696,-0.13054943,1.6968431
1675402760367315975,1.4402959,-0.14815474,1.053237
1675402760563536287,1.1546524,0.27400112,0.32784414
1675402760758082798,-1.1970253,0.8381915,-1.0393295
1675402760954414152,-5.1440477,1.1399026,0.68343115
1675402761149999933,-2.7837203,1.1702442,3.6582189
1675402761345508735,1.0352428,-2.0888991,3.367038
1675402761541481235,2.8099608,-0.9328995,1.7249844
1675402761736722589,2.8385098,-0.82501125,0.4102857
1675402761932946131,0.6369439,-0.3410797,0.06966865
1675402762128411860,-1.5960207,1.4418287,0.14525372
1675402762323578110,-1.2266068,1.5060759,-0.56962293
1675402762519512485,-1.3779626,2.3238182,-1.4672112
1675402762715039620,-0.69593525,2.710803,-1.3708333
1675402762911570870,-0.21734357,1.1388254,-1.0672768
1675402763105950766,-0.25095606,-2.4786882,-0.853919
1675402763302264828,1.3499918,-1.6892104,-0.54143214
1675402763497273005,1.6392449,3.7968998,-0.25151467
1675402763693236026,1.6986225,0.22794151,-0.24966264
1675402763888104932,0.8480217,-0.22062492,-1.2255988
1675402764083119463,-1.1543598,1.6749859,-1.0471408
1675402764278662276,-2.2308636,0.8092041,0.19864106
1675402764475708421,-1.6589867,0.08516312,0.305166
1675402764670394202,0.054777384,0.81560993,0.30421138
1675402764867134411,0.92079437,0.54667854,0.24015522
1675402765062359931,1.656661,-0.47562313,0.21891904
1675402765257296129,1.3670973,0.50813866,0.19159675
1675402765452716963,-0.045886606,0.5577488,0.34920573
1675402765648583733,-0.59252757,0.0013246536,0.03296745
1675402765843393369,-0.564506,0.5449629,-0.25528944
1675402766039401702,-0.62297106,0.74474716,-0.00201118
1675402766235325191,-0.083097816,0.12648678,0.08824539
1675402766431111546,0.7445588,0.17067146,0.011753559
1675402766626320087,0.8649713,0.51241875,-0.1076563
1675402766821956910,0.058735073,0.087924,-0.03832698
1675402767018328733,-0.15432519,0.17486382,-0.057863474
1675402767213969514,-0.5253465,0.6023655,-0.045683354
1675402767409232118,-0.48772717,0.20724201,-0.2208841
1675402767605203160,-0.08468068,0.1030674,-0.2979211
1675402767799770868,0.06796706,0.23312855,-0.06978741
1675402767996022430,0.3499527,0.06629467,0.21243924
1675402768190978628,0.4051051,-0.21897602,0.22527158
1675402768386608264,0.30672383,-0.08917904,-0.028449416
1675402768582123576,-0.095475316,0.29626656,-0.034442768
1675402768777884826,-0.45847094,0.42943764,0.1829104
1675402768974401232,-0.76827073,-0.3901949,0.2584928
1675402769169223524,-0.21409309,-0.16751099,0.123682305
1675402769365345659,-3.0493736E-4,0.67567635,0.04057321
1675402769559605555,-0.32681715,-0.3768301,-0.032780766
1675402769756768315,0.19830275,-0.37148,-0.09502244
1675402769952058211,0.21811485,0.65793514,-0.051725477
1675402770146318315,-0.4208256,-0.13572311,-0.0017068386
1675402770343098315,-0.1577586,-0.42883873,-0.04719436
1675402770539330138,0.080715775,0.48385525,-0.12767938
1675402770734098002,-0.32597554,0.10930061,-0.10629144
1675402770929856648,-0.07600653,-0.31974888,-0.031950474
1675402771125267065,0.22497499,0.4581499,0.061453164
1675402771321008940,-0.12033665,0.20499706,0.0468418
1675402771516258783,-0.1040715,-0.25007915,-0.0632996
1675402771712178523,0.11601019,0.23576546,-0.036085784
1675402771907366179,-0.08599031,0.19888115,0.0039485693
1675402772104968887,-0.101522565,-0.24965191,0.03278631
1675402772299356804,0.108017564,0.08057499,-0.005619347
1675402772494130658,0.0016597509,0.20687962,-0.041399002
1675402772690474720,-0.034174085,-0.19228268,-0.010799348
1675402772884993470,0.08854461,-0.019983292,0.015295088
1675402773081045918,0.010650516,0.24943447,-0.026382565
1675402773277242324,-0.10115898,-0.142663,0.005393803
1675402773475278053,0.021545053,-0.19751549,0.017659962
1675402773667877272,0.049267054,0.2400608,-0.014085531
1675402773863740657,-0.010109782,-0.015276909,0.0072820783
1675402774061234980,0.008781433,-0.18413639,-5.684495E-4
1675402774255227480,0.041357398,0.22303867,-0.00478673
1675402774450899042,-0.01866126,-0.045660973,-0.014141321
1675402774652787740,0.016612649,-0.16050625,0.01318562
1675402774841864928,0.017825365,0.14457989,7.7301264E-4
1675402775036994303,-0.024441838,0.03129673,-0.006420195
1675402775233145188,1.6200542E-4,-0.13804531,0.009700537
1675402775428580865,0.004464984,0.072758675,-0.0059853196
1675402775623840969,-0.004353404,0.060969353,0.012499809
1675402775819696438,-0.01214397,-0.096185684,0.009527922
1675402776015237115,0.008927226,0.025326729,-0.004285276
1675402776211111177,-0.007328391,0.057639122,-0.013105571
1675402776406269510,-0.017149568,-0.06084633,0.012785375
1675402776601683573,-0.0066592693,0.0039606094,-0.0013915896
1675402776797598833,0.0012947321,0.038544655,-0.013379812
1675402776993436125,-0.0098336935,-0.029586792,-0.0023222566
1675402777188719510,-0.0072056055,-0.010420799,0.017025113
1675402777384581385,-0.0018986464,0.037098885,0.0011689663
1675402777580597166,-0.003963113,-0.018351555,-0.008205295
1675402777775658416,0.0050405264,-0.009778976,5.161762E-4
1675402777971607791,-4.2760372E-4,0.028395653,0.008194149
1675402778167143572,-0.007028818,-0.0039491653,0.0040053725
1675402778362385343,0.008360386,-0.026154518,-0.014357388
1675402778558503624,0.008949995,0.020824432,-9.111762E-4
1675402778753430343,-0.0024331808,0.0051603317,-3.5262108E-4
1675402778949409301,-0.0039833784,-0.030441284,0.00297302
1675402779144419770,0.025339603,0.010625839,0.004945338
1675402779340747478,-0.004257083,0.028102875,0.008723199
1675402779536748103,-0.003929496,-0.04610443,0.0050736666
1675402779731798155,0.023178339,0.01146698,0.00336802
1675402779927563572,-0.0032542944,0.021719933,0.011153698
1675402780122998988,-0.01407969,-0.022665977,0.01391983
1675402780318737634,0.01853156,0.0044031143,0.014935911
1675402780514155342,0.0016028881,0.013684273,0.009100139
1675402780710792113,-0.02020073,-0.009362221,0.010505915
1675402780905313363,0.0039845705,-0.001367569,0.014799416
1675402781101409717,0.0033870935,0.0110569,0.011125267
1675402781296374248,-0.010649562,-0.009038925,0.0045084953
1675402781492341071,-0.004156947,-0.0013389587,0.008372664
1675402781687599092,0.0037375689,0.0036268234,0.018659115
1675402781883183310,-0.005212903,0.0107450485,0.010498822
1675402782078734456,-0.011096358,-0.0035600662,0.01304698
1675402782275701748,-0.007661462,0.0015897751,0.0018188357
1675402782471326748,-0.0017079115,0.008095741,0.017438948
1675402782671637373,-5.668402E-4,-0.005381584,0.016112924
1675402782861832529,0.0021705627,-0.011698723,0.0022001266
1675402783057347529,4.5704842E-4,0.0139398575,-0.0032692254
1675402783252819716,-0.0030374527,-0.0033302307,0.008482009
1675402783447891487,0.007023096,-0.0074853897,0.01531443
1675402783644249872,0.00539577,0.016682625,0.016162395
1675402783840473778,-0.015202165,0.013030052,0.005520761
1675402784035516955,-0.028330326,-0.07437229,-0.012626469
1675402784231050080,0.10041046,-0.39075375,-0.12533456
1675402784426484143,0.6319202,1.3242664,-0.43024722
1675402784622228049,-0.46480513,0.79766273,-0.367375
1675402784817386382,-0.49602485,-2.0788145,-0.29686987
1675402785013054247,0.7199414,0.69204617,-0.16067511
1675402785209527320,-0.40676332,1.5776014,0.17892075
1675402785405262476,-0.70110524,-1.1726227,0.4533299
1675402785600145965,0.6030531,-0.10173035,0.16593373
1675402785795896069,0.055253863,1.2097893,0.3984328
1675402785991122267,-0.3192147,-0.53523827,0.29325324
1675402786186612319,0.31425953,-0.46968174,-0.043391228
1675402786381827111,0.12239039,0.9944048,0.19718716
1675402786577442527,-0.24139893,-0.0279665,0.26642555
1675402786773602684,0.06832969,-0.63889027,0.19868281
1675402786969231277,0.24692428,0.7251072,0.21827307
1675402787165027163,-0.23337638,0.2524004,0.5195108
1675402787360075392,0.15638208,-0.57714367,0.17634441
1675402787555696954,0.2927351,0.39611626,0.116416045
1675402787751677787,-0.18159592,0.46586418,0.22631946
1675402787947450444,-0.07349503,-0.5089674,0.13667539
1675402788142530444,0.23494709,0.15462399,0.09835531
1675402788339153152,-0.12823308,0.53126526,0.10654163
1675402788534280964,-0.14949858,-0.34418964,0.1858246
1675402788729776120,0.15970707,-0.009208679,0.046622097
1675402788928740027,-0.12053573,0.39334965,0.13762444
1675402789121261641,-0.09014666,-0.20654488,0.025920123
1675402789316770599,0.07634401,-0.17979622,-0.003789246
1675402789513117162,-0.007120371,0.3398466,-0.010833204
1675402789708186693,-0.11317086,-0.24992466,-0.009618282
1675402789907006849,0.12706435,-0.019152641,0.028209448
1675402790098849193,-0.022250533,0.29149342,0.025565982
1675402790294231536,-0.09206116,-0.19997883,0.010716021
1675402790493244193,0.1417278,-0.12984657,-0.09435636
1675402790685143984,-0.024349093,0.2839718,0.033040106
1675402790880587526,-0.07524598,-0.06950474,0.0092766285
1675402791077262369,0.014418006,-0.19494438,0.026327074
1675402791272207317,0.039929986,0.17839527,-0.02290541
1675402791468086588,-0.052227855,0.07536793,-0.0043851733
1675402791663691536,0.016082525,-0.16559124,0.025195658
1675402791859439244,0.030119538,0.027801514,-0.02557975
1675402792055321744,0.022039652,0.108922005,0.02594912
1675402792250072682,-0.0019676685,-0.101551056,-0.027961671
1675402792446041588,0.00880897,-0.029340744,0.0156129
1675402792643013098,0.01663196,0.11649513,-0.029232323
1675402792837630650,-0.031825542,-0.055930138,0.02375096
1675402793033845650,0.020115495,-0.07999039,-0.0068323016
1675402793228625389,0.009343505,0.075572014,-0.0031517148
1675402793424661796,-4.4834614E-4,0.02333355,0.010498583
1675402793619693098,-0.010706067,-0.09397888,3.1971931E-4
1675402793815198202,0.03190756,0.057909966,0.0074799657
1675402794011364816,-0.023742557,0.09130001,-0.011037111
1675402794206493879,-0.028335571,-0.16345596,0.031592786
1675402794402042004,0.038366675,0.012010574,-0.013819993
1675402794597402108,2.2995472E-4,0.13893986,0.0061659813
1675402794793661066,-0.017662644,-0.07409191,-0.011489809
1675402794988652160,-0.01298058,-0.11462879,0.011513889
1675402795184459972,0.049557567,0.13914967,-0.0053802133
1675402795379497732,-0.035266757,0.036614418,-0.014459133
1675402795575540128,-0.022358894,-0.092142105,0.023593485
1675402795771381222,0.025419354,0.058873177,0.007008612
1675402795966997003,-0.03641689,0.04283905,0.002005875
1675402796162562420,0.0091382265,-0.12975979,-0.023745358
1675402796357879034,0.024901867,0.050192833,0.011330068
1675402796553271794,-0.024086118,2.117157E-4,0.0128465295
1675402796748986690,-0.001680851,-0.019709587,0.0014229417
1675402796944388930,0.032384753,0.10326767,-0.0075101256
1675402797140287315,-0.06572962,-0.075671196,0.001826644
1675402797336414034,0.011396289,-0.11192417,0.0053769946
1675402797531968669,0.058478832,0.114439964,0.023685157
1675402797728046534,-0.028383374,0.06551647,0.007888913
1675402797923164711,-0.02647221,-0.08398533,-0.022518992
1675402798118753981,0.04912412,-0.014370918,0.003762126
1675402798314181533,0.0014314651,0.03864193,0.022568405
1675402798512128929,-0.027708292,0.022473335,0.018608153
1675402798705605596,0.015231013,-0.02456665,-0.003592074
1675402798901412106,7.760525E-5,-0.016787529,3.7252903E-4
1675402799096139762,0.0038853884,-0.03299141,0.0077083707
1675402799292172314,0.020641208,0.08023834,0.017728865
1675402799487429554,-0.025523067,2.9850006E-4,0.01644212
1675402799683576585,-0.013745189,-0.095228195,0.001665771
1675402799879172470,0.04682958,0.056838036,0.013403237
1675402800075410439,-0.027498126,0.051392555,0.015368938
1675402800270776012,-0.03787744,-0.10913181,0.0015923381
1675402800465851585,0.06072235,0.022543907,0.012857497
1675402800661312470,-0.010695696,0.1194458,0.025520861
1675402800858063564,-0.061324,-0.104483604,-0.003050387
1675402801052480959,0.05281937,-0.034015656,-0.0045266747
1675402801247559293,0.013347745,0.113596916,0.027107656
1675402801443187938,-0.070480466,-0.05445862,0.015547216
1675402801640560438,0.03815639,-0.07853317,-0.009190649
1675402801834979136,0.040014863,0.12582493,0.009369731
1675402802031017209,-0.08566606,-0.0084171295,0.022543877
1675402802226248980,0.021262407,-0.1200552,0.0067048967
1675402802422270698,0.07467806,0.16339397,0.006261319
1675402802618163928,-0.09215963,0.0026407242,0.006485343
1675402802812878407,-0.004347682,-0.21007347,-0.02199623
1675402803008563875,0.10715246,0.13853455,0.013358086
1675402803204744761,-0.069874644,0.09433079,0.03281191
1675402803400108875,-0.04829502,-0.15372944,-0.00428614
1675402803595407313,0.09980428,0.03756714,-0.0049131513
1675402803791116427,-0.03636515,0.093785286,0.016766518
1675402803986986792,-0.061119318,-0.15880394,0.005833924
1675402804181934135,0.09668672,0.05683136,0.0033089817
1675402804377612729,-0.022136569,0.12734127,0.021056294
1675402804573649656,-0.078231335,-0.14225292,0.0037759542
1675402804769018510,0.09104717,-0.018307686,-0.0051442683
1675402804965041323,0.007611394,0.14843082,0.010910302
1675402805160608197,-0.09371126,-0.09831238,-0.0061000288
1675402805361789343,0.064177155,-0.047934532,-0.0069556236
1675402805551986218,0.025555134,0.10334492,0.026209533
1675402805747816687,-0.074423194,-0.029823303,0.012102306
1675402805943956895,0.029411793,-0.055138588,-0.015095711
1675402806137586218,0.04059422,0.06473255,-0.010164261
1675402806333829759,-0.058727264,-0.007246971,0.0033031106
1675402806530462728,0.004953742,-0.054265022,0.013370693
1675402806725122520,0.044584632,0.04932022,0.009598196
1675402806921125020,-0.042740703,0.01959896,-3.437996E-4
1675402807117427520,-0.011990666,-0.0412302,-0.0010644197
1675402807313134551,0.04219997,0.028569221,-0.00296247
1675402807508697467,-0.023448706,0.024457932,0.009017885
1675402807704124655,-0.017938733,-0.04555416,-0.004006505
1675402807898642884,0.030721664,-0.008091927,-0.010127544
1675402808095056582,-0.010332823,0.006087303,0.0050467253
1675402808290724290,-0.013743997,0.00429821,0.022475779
1675402808485125332,0.021403432,0.036725998,0.0013064146
1675402808681137311,-0.01471436,-0.03208828,-0.012568891
1675402808877438456,0.015849829,0.013408661,0.0049028993
1675402809073376738,-0.011049509,0.06044483,0.016891062
1675402809268080175,-0.031629205,-0.120324135,0.0013725162
1675402809463674706,0.03345239,0.002076149,-0.012586534
1675402809660989758,0.010941267,0.08158016,0.017127454
1675402809855375487,-0.033997416,-0.029026985,-0.007403612
1675402810050131998,0.010947108,-0.051600456,-0.006887555
1675402810246085748,0.029128194,0.05727768,0.016372144
1675402810441944029,-0.031511545,0.042043686,0.022717476
1675402810637371164,-0.012376308,-0.06317711,-0.0018256307
1675402810832854185,0.03319776,-0.016630173,-0.018929899
1675402811029094706,-0.0047991276,0.06610203,0.0049951673
1675402811224333820,-0.032076597,-0.024662971,0.0019645095
1675402811419952883,0.016611576,-0.06198597,0.0034359097
1675402811615427987,0.018948674,0.07814789,0.019960105
1675402811810994080,-0.043734193,0.024521828,0.023898244
1675402812006624549,0.013816476,-0.093343735,-0.017936975
1675402812202214913,0.034208655,0.029006004,-0.012581378
1675402812398050695,-0.034216523,0.08104992,0.04817134
1675402812593385955,-0.022495508,-0.082570076,0.011494905
1675402812789358247,0.037546873,0.002064705,-0.0048344135
1675402812990881892,-0.0027419329,0.0799551,0.00467816
1675402813181179601,-0.047386646,-0.05833912,0.008829266
1675402813375616007,0.02996695,-0.069890976,0.015102506
1675402813571871267,0.021109939,0.09932041,0.02110678
1675402813766934132,-0.042965055,-0.0014009476,0.00901258
1675402813962687465,0.010767579,-0.05956459,-0.0015617013
1675402814158893402,0.05286181,0.03931904,-0.03121391
1675402814353547881,-0.061385274,0.032058716,-0.011065066
1675402814549554183,-0.011472583,-0.08740902,0.042490304
1675402814744335850,0.054208636,0.06190014,0.030398786
1675402814940609235,-0.046172142,0.01287365,0.017776787
1675402815137340537,-9.740591E-4,-0.066529274,-0.039907396
1675402815332067256,0.053079963,0.04169655,-0.02112335
1675402815526316787,-0.02946651,0.04240036,0.015405774
1675402815723210798,-0.03492844,-0.06865215,0.026231438
1675402815918925485,0.039875865,0.012665749,0.013406754
1675402816114207881,-0.009544373,0.04628086,-0.008059323
1675402816310858558,-0.02363336,-0.041415215,-0.011215806
1675402816505293818,0.032130122,-0.009940147,-0.006522417
1675402816702069964,-0.0030329227,0.038048744,0.020136446
1675402816897663141,-0.02882874,-0.009387016,0.0079936385
1675402817092512985,0.013251662,-5.722046E-6,0.014353573
1675402817288696682,0.008439183,0.016669273,-0.00775823
1675402817483499182,-0.025924087,-0.01495266,-0.010342717
1675402817678642516,0.010440469,-0.01569271,-2.4944544E-4
1675402817875472307,0.0143870115,0.03013897,0.0061157346
1675402818071817828,-0.017814636,-0.010626793,0.010380089
1675402818266137932,-0.0017729998,-0.008836746,0.0037006736
1675402818462115692,0.0062972307,-0.007928848,-0.0013965964
1675402818657412099,-0.0033847094,-7.6293945E-5,-0.0090996325
1675402818852828036,-2.4557114E-4,-6.4849854E-4,0.009234279
1675402819048119130,0.0026535988,0.013553619,0.015767843
1675402819243580380,-0.010218501,-0.0077524185,0.0077499747
1675402819441152254,0.0027016401,0.0063886642,-0.0045654774
1675402819635022879,0.003998399,6.170273E-4,-0.006061673
1675402819831100588,-0.0028361082,0.0048742294,0.0051547885
1675402820026677515,-0.004700899,-0.019093513,0.009406656
1675402820228009598,0.012806177,0.00356102,0.0020071864
1675402820418189962,0.001182437,0.022948265,-0.0021570027
1675402820613545223,-0.0056678057,-0.014752388,4.3320656E-4
1675402820808694441,0.008097291,-0.014811516,0.0033621192
1675402821005200431,0.0054758787,0.022748947,0.01152575
1675402821199969025,-0.003973007,-0.0037984848,-2.721846E-4
1675402821395359545,0.005783081,-0.018893242,-0.0072490275
1675402821591848035,0.0062037706,0.009613991,0.0010792911
1675402821786776212,-0.005843878,0.012785912,0.009805769
1675402821982856629,8.6808205E-4,-0.009148598,0.005450785
1675402822177939597,0.004132867,0.003958702,-0.0058008432
1675402822373492514,0.0020074844,0.007857323,-0.0057721734
1675402822570184545,-0.0021163225,-0.0069503784,0.0055142343
1675402822765024545,0.008000493,-0.01859951,0.0076639056
1675402822960249024,0.0102911,0.022521019,5.271733E-4
1675402823155822722,-0.009582877,0.014681816,-0.005559236
1675402823352102045,-0.0024157763,-0.037820816,-4.6876073E-4
1675402823547565326,0.020505548,0.0047063828,0.01003319
1675402823744059857,-0.0055419207,0.046416283,0.013543963
1675402823938485065,-0.021639943,-0.076052666,-0.011531025
1675402824135347409,0.03558743,-0.0070991516,-0.014165252
1675402824329928086,0.0108731985,0.08614826,0.011516303
1675402824525383138,-0.03497684,-0.038168907,0.0062975287
1675402824721388034,0.015577197,-0.046352386,-0.0035240352
1675402824916539857,0.02081561,0.058149338,0.0026876628
1675402825112894700,-0.023930311,-0.013249397,0.0025871694
1675402825307783711,0.014466047,-0.046090126,0.0042228997
1675402825504096158,0.02641046,0.058652878,0.006539643
1675402825700716523,-0.035879254,0.0131464,0.0016832948
1675402825895110117,0.005072236,-0.06663704,-0.0029513538
1675402826089931314,0.04553497,0.034363747,0.0023478866
1675402826285406419,-0.026206613,0.032450676,0.0055764318
1675402826480974335,-0.0175035,-0.05130291,-0.0041362643
1675402826677364700,0.044193864,0.0018014908,0.002159834
1675402826872519960,-0.006012082,0.044774055,0.014587045
1675402827068494752,-0.03211844,-0.026986122,0.0138888955
1675402827264205533,0.027677655,-0.006424904,0.0066493154
1675402827464075637,0.015101552,0.029094696,0.0025255084
1675402827655038033,-0.022009015,-0.018147469,0.0014794469
1675402827850546730,0.013132453,-0.025141716,-0.006431788
1675402828046552512,0.014741302,0.030211449,-0.0011892319
1675402828242020012,-0.017977238,-0.0046339035,0.008200228
1675402828442265584,0.009855628,-0.028568268,0.003262788
1675402828633987511,0.017722964,0.023978233,-0.0024116635
1675402828828830793,-0.015845895,0.0104055405,0.0014109015
1675402829024315324,0.0045119524,-0.028758049,-0.0015644431
1675402829220508292,0.023153186,0.015978813,0.0029752553
1675402829415345532,-0.010897994,0.013625145,0.0013050437
1675402829611540688,-0.0064109564,-0.02709198,0.0010962486
1675402829806852251,0.021511197,0.01403141,0.004906237
1675402830003149230,-0.006806731,0.006462097,0.002689004
1675402830197860636,-0.0065481663,-0.024550438,-0.009169251
1675402830393594282,0.013445258,0.010987282,-7.235706E-4
1675402830588907563,-0.006018281,0.0061531067,0.008921295
1675402830785262198,-0.0059759617,-0.02430439,0.0049734116
1675402830979648292,0.011056542,0.021653175,-0.0030308068
1675402831178551625,-0.009508014,0.011738777,-0.003949821
1675402831371818812,-0.0061045885,-0.023088455,0.0024903417
1675402831566870114,0.015544295,-6.1035156E-5,0.0073384643
1675402831762615531,-0.008654118,0.025992393,0.006785065
1675402831958237250,-0.016512632,-0.018341064,-0.0019357204
1675402832153372302,0.017032146,-0.00864315,-0.0050548315
1675402832349605062,2.6786327E-4,0.024440765,-0.0032498538
1675402832544499541,-0.021437883,-0.012513161,0.002496153
1675402832740422926,0.011655927,-0.008979797,0.006454468
