1675402742487865930
1675402742531350669
1675402742572796086
1675402742612591346
1675402742652850096
1675402742711110513
1675402742751533586
1675402742791601607
1675402742831213690
1675402742871243065
1675402742911389107
1675402742971454523
1675402743011169367
1675402743053034054
1675402743091939211
1675402743131681450
1675402743191224627
1675402743231278221
1675402743271480513
1675402743311891867
1675402743351978586
1675402743391785721
1675402743451948013
1675402743491510408
1675402743532857179
1675402743572255721
1675402743612555252
1675402743652990200
1675402743712050565
1675402743752672388
1675402743792086450
1675402743833274210
1675402743873105877
1675402743933105200
1675402743972212752
1675402744013677856
1675402744053162231
1675402744091594210
1675402744132464679
1675402744192130252
1675402744233339679
1675402744273225200
1675402744312378325
1675402744352207387
1675402744392511085
1675402744451958116
1675402744492733012
1675402744532081554
1675402744571945512
1675402744612415356
1675402744672125668
1675402744712212804
1675402744752703220
1675402744792677439
1675402744831309939
1675402744871942075
1675402744931309991
1675402744971533272
1675402745011709262
1675402745051364418
1675402745092024054
1675402745131358116
1675402745191592752
1675402745232149679
1675402745271673585
1675402745311637804
1675402745352267074
1675402745411744574
1675402745452789574
1675402745491623220
1675402745531354731
1675402745571411970
1675402745611989053
1675402745671748481
1675402745711653481
1675402745751599574
1675402745791693168
1675402745831189314
1675402745871375199
1675402745931377074
1675402745971418585
1675402746011373741
1675402746051661449
1675402746092019157
1675402746151346918
1675402746191666449
1675402746231745980
1675402746271258064
1675402746311519209
1675402746351692126
1675402746411429157
1675402746451675199
1675402746491686189
1675402746531656866
1675402746572109157
1675402746612652439
1675402746672091918
1675402746711506605
1675402746752083688
1675402746793558116
1675402746833254001
1675402746893325303
1675402746932599001
1675402746973166865
1675402747012920563
1675402747053431657
1675402747091996084
1675402747155351865
1675402747191203897
1675402747231497386
1675402747271551553
1675402747311208792
1675402747351547699
1675402747411221605
1675402747451617334
1675402747491952074
1675402747531626344
1675402747571341657
1675402747632457959
1675402747671693063
1675402747711593324
1675402747751681917
1675402747792421657
1675402747832382126
1675402747891652698
1675402747931205823
1675402747971529782
1675402748012771448
1675402748052781500
1675402748092757230
1675402748152570875
1675402748191920771
1675402748232753844
1675402748272123115
1675402748311514469
1675402748371261188
1675402748412309365
1675402748452792802
1675402748491249417
1675402748531316240
1675402748571572959
1675402748632122594
1675402748671527959
1675402748711243219
1675402748751908896
1675402748792149886
1675402748852115875
1675402748892520250
1675402748932111031
1675402748972281188
1675402749011688219
1675402749051891656
1675402749111886604
1675402749151860927
1675402749191984000
1675402749232032177
1675402749272068635
1675402749311689677
1675402749372664208
1675402749412896917
1675402749452420875
1675402749493404781
1675402749531919937
1675402749592225719
1675402749632229417
1675402749672082281
1675402749712376604
1675402749751480041
1675402749792695614
1675402749852583739
1675402749891948739
1675402749931571187
1675402749972744208
1675402750012662281
1675402750052574416
1675402750112511291
1675402750152124885
1675402750192071604
1675402750232675145
1675402750272112489
1675402750331476604
1675402750371469833
1675402750412397697
1675402750452423114
1675402750492110770
1675402750531827281
1675402750592532072
1675402750632401031
1675402750672402749
1675402750711508739
1675402750751616864
1675402750794173010
1675402750851962801
1675402750892070614
1675402750932526916
1675402750972992906
1675402751012809676
1675402751071856656
1675402751112064103
1675402751151898947
1675402751191905145
1675402751232045301
1675402751272062385
1675402751331926187
1675402751372764364
1675402751412421916
1675402751452243530
1675402751491846082
1675402751532126187
1675402751592138843
1675402751631438739
1675402751672136916
1675402751714632072
1675402751752185093
1675402751811789416
1675402751851847645
1675402751891959468
1675402751931931916
1675402751971842332
1675402752011857489
1675402752071698739
1675402752111849676
1675402752152670926
1675402752192334416
1675402752233013478
1675402752272801499
1675402752332693322
1675402752372682905
1675402752411499572
1675402752452292645
1675402752492310770
1675402752551756603
1675402752591478999
1675402752632285770
1675402752671820561
1675402752711826290
1675402752752262384
1675402752812399572
1675402752852318790
1675402752892441186
1675402752931521915
1675402752972728426
1675402753011702384
1675402753072375821
1675402753112575457
1675402753151673009
1675402753191419988
1675402753232319259
1675402753291599936
1675402753331714936
1675402753371909207
1675402753411641498
1675402753452107228
1675402753491175196
1675402753551326915
1675402753591171290
1675402753633227957
1675402753672656290
1675402753712238373
1675402753751435977
1675402753811451446
1675402753851348113
1675402753891168582
1675402753931400509
1675402753972320196
1675402754032429259
1675402754071355092
1675402754110996029
1675402754151719936
1675402754191149519
1675402754232746498
1675402754291147540
1675402754331136290
1675402754371199050
1675402754411414883
1675402754451700821
1675402754491436446
1675402754552081550
1675402754591545040
1675402754631160925
1675402754671110508
1675402754711141185
1675402754772151967
1675402754811505873
1675402754851470092
1675402754892021237
1675402754931349467
1675402754972666810
1675402755031488217
1675402755071474258
1675402755111923425
1675402755152916185
1675402755191657696
1675402755250859466
1675402755291878946
1675402755331372331
1675402755371964727
1675402755411571237
1675402755451601862
1675402755511825143
1675402755551199675
1675402755591176498
1675402755631542227
1675402755671486550
1675402755711761862
1675402755771223477
1675402755811095560
1675402755851439310
1675402755891709206
1675402755931525716
1675402755991335456
1675402756031679831
1675402756071520977
1675402756112745977
1675402756151434154
1675402756191701654
1675402756251542122
1675402756291169466
1675402756331474362
1675402756371171497
1675402756411714779
1675402756451766862
1675402756511538476
1675402756551570612
1675402756591413841
1675402756631425351
1675402756671066393
1675402756731540976
1675402756771136341
1675402756811340299
1675402756851505299
1675402756891562695
1675402756931461289
1675402756991099257
1675402757031139622
1675402757072342278
1675402757111310091
1675402757151617695
1675402757191807018
1675402757252316966
1675402757291457487
1675402757331118632
1675402757371476341
1675402757411231861
1675402757472224257
1675402757512412486
1675402757551267174
1675402757591498216
1675402757632292851
1675402757672309674
1675402757732203632
1675402757771776184
1675402757812175247
1675402757852535299
1675402757891962330
1675402757931835455
1675402757992993736
1675402758031268736
1675402758072488059
1675402758111755247
1675402758151865611
1675402758211965663
1675402758251776965
1675402758292037590
1675402758331945663
1675402758371082955
1675402758411104934
1675402758471097746
1675402758511411340
1675402758551480819
1675402758591749465
1675402758631651444
1675402758671624726
1675402758731545351
1675402758771362851
1675402758811657955
1675402758851653059
1675402758891581132
1675402758951244882
1675402758991117538
1675402759032167434
1675402759072178007
1675402759112329777
1675402759151810611
1675402759211383840
1675402759252345246
1675402759293497642
1675402759332828215
1675402759372669413
1675402759411430142
1675402759471299621
1675402759511398007
1675402759551293111
1675402759591640559
1675402759630987173
1675402759692631027
1675402759731396913
1675402759771709361
1675402759812325558
1675402759851164517
1675402759891367902
1675402759951462069
1675402759991506704
1675402760031276444
1675402760071292954
1675402760111786392
1675402760151653058
1675402760211127381
1675402760252302069
1675402760291319673
1675402760332257225
1675402760371547121
1675402760432269256
1675402760471834725
1675402760512290142
1675402760551809360
1675402760591580871
1675402760632639933
1675402760691664152
1675402760731802277
1675402760771792069
1675402760811809308
1675402760852509464
1675402760892448318
1675402760951960506
1675402760992020089
1675402761032285975
1675402761072581339
1675402761112472277
1675402761171831808
1675402761212412173
1675402761251957433
1675402761291104360
1675402761332492589
1675402761371409516
1675402761432215662
1675402761472811287
1675402761512232068
1675402761551643787
1675402761591599985
1675402761651934204
1675402761692246599
1675402761732275089
1675402761772262797
1675402761811491599
1675402761852243006
1675402761911258579
1675402761951358370
1675402761992227797
1675402762031341078
1675402762072485245
1675402762112401651
1675402762171369099
1675402762211969464
1675402762251578578
1675402762292380662
1675402762331407797
1675402762391852328
1675402762432230818
1675402762471697172
1675402762512236182
1675402762551680610
1675402762592039464
1675402762652479359
1675402762692531287
1675402762732189568
1675402762772509828
1675402762811748109
1675402762852318109
1675402762912230141
1675402762951660297
1675402762991940766
1675402763031620349
1675402763071837693
1675402763131935036
1675402763171814516
1675402763212361547
1675402763251836807
1675402763292400922
1675402763333002640
1675402763391776599
1675402763432543578
1675402763472749984
1675402763511984776
1675402763551954620
1675402763591611286
1675402763652310661
1675402763692273422
1675402763731734724
1675402763771970140
1675402763812269203
1675402763871732067
1675402763912213109
1675402763951729046
1675402763991193786
1675402764031397849
1675402764071659671
1675402764131691755
1675402764171525453
1675402764211719098
1675402764251829932
1675402764291413942
1675402764331500869
1675402764391213734
1675402764431261286
1675402764471288265
1675402764512135921
1675402764551752328
1675402764610986702
1675402764653005765
1675402764692190244
1675402764732253473
1675402764772520661
1675402764812538525
1675402764871361963
1675402764911498057
1675402764952195713
1675402764991420400
1675402765031370713
1675402765072257536
1675402765131045973
1675402765172116806
1675402765212125400
1675402765251047223
1675402765291340088
1675402765351239879
1675402765390990556
1675402765431082900
1675402765471525713
1675402765512238004
1675402765551526806
1675402765611502796
1675402765651863733
1675402765690971546
1675402765731655712
1675402765771094671
1675402765811432587
1675402765871054879
1675402765912139306
1675402765950966702
1675402765991343264
1675402766031067952
1675402766091009150
1675402766130970712
1675402766171072535
1675402766211473004
1675402766251511962
1675402766291569046
1675402766351961389
1675402766391134358
1675402766431256441
1675402766471060243
1675402766511084566
1675402766551050295
1675402766611621181
1675402766651168525
1675402766691080243
1675402766731415087
1675402766771305816
1675402766831359462
1675402766871325608
1675402766911544775
1675402766951973212
1675402766992732535
1675402767031897431
1675402767091075504
1675402767131022431
1675402767171759514
1675402767211234097
1675402767251366024
1675402767291646233
1675402767351199358
1675402767392122795
1675402767431729826
1675402767471445920
1675402767511677222
1675402767571238628
1675402767611441962
1675402767651584774
1675402767691378368
1675402767732214045
1675402767771196910
1675402767831078003
1675402767871586128
1675402767911030555
1675402767951421649
1675402767991801962
1675402768050683264
1675402768091110816
1675402768131514305
1675402768171732066
1675402768211653316
1675402768251325659
1675402768311099461
1675402768351545555
1675402768391730711
1675402768431409774
1675402768471374826
1675402768511236232
1675402768572070763
1675402768611504826
1675402768651083055
1675402768692068159
1675402768731011180
1675402768792131336
1675402768831049201
1675402768872668263
1675402768911466440
1675402768951703367
1675402768991821701
1675402769051054774
1675402769091314357
1675402769131386545
1675402769171275919
1675402769211425451
1675402769250813159
1675402769311620815
1675402769351072117
1675402769391075971
1675402769431076388
1675402769471216388
1675402769531405294
1675402769572145190
1675402769611161388
1675402769650983836
1675402769691859721
1675402769731477169
1675402769790999930
1675402769831875086
1675402769871041544
1675402769911603940
1675402769951682065
1675402769991194982
1675402770051039357
1675402770091224825
1675402770131148836
1675402770171059825
1675402770210929721
1675402770270962690
1675402770310926544
1675402770351494565
1675402770392104773
1675402770431685086
1675402770471314252
1675402770532126752
1675402770571584200
1675402770611296752
1675402770651205190
1675402770691528263
1675402770731655711
1675402770791407169
1675402770831587742
1675402770870968211
1675402770911146127
1675402770951295242
1675402771011420971
1675402771051091179
1675402771091158731
1675402771131561544
1675402771171321960
1675402771211247221
1675402771271099252
1675402771310998575
1675402771351298627
1675402771390971127
1675402771430995137
1675402771471163471
1675402771530949044
1675402771571186648
1675402771610982741
1675402771651290762
1675402771690955919
1675402771751016491
1675402771790968627
1675402771831352846
1675402771871513679
1675402771911227585
1675402771950934252
1675402772010976023
1675402772051332429
1675402772091086804
1675402772130928991
1675402772171178783
1675402772210983314
1675402772271384356
1675402772310936283
1675402772351177585
1675402772391978679
1675402772431448314
1675402772491291387
1675402772531039460
1675402772571768054
1675402772611706439
1675402772651010658
1675402772692473210
1675402772750996283
1675402772791533054
1675402772831414824
1675402772870994043
1675402772911013939
1675402772950944199
1675402773011537741
1675402773050989408
1675402773091169147
1675402773131277793
1675402773171632428
1675402773230941803
1675402773270811595
1675402773311696387
1675402773351478001
1675402773391070397
1675402773431021595
1675402773491063157
1675402773530921230
1675402773571028782
1675402773611056126
1675402773650747949
1675402773690900762
1675402773750868105
1675402773792044720
1675402773830791230
1675402773871138261
1675402773911408366
1675402773971062793
1675402774011399772
1675402774050836699
1675402774091488105
1675402774130993053
1675402774171024616
1675402774230840032
1675402774270772324
1675402774310858418
1675402774351249407
1675402774391133938
1675402774450563730
1675402774491579251
1675402774531128678
1675402774572142324
1675402774611371647
1675402774651257376
1675402774711069772
1675402774752043157
1675402774791238053
1675402774830811126
1675402774870747688
1675402774912133365
1675402774970935553
1675402775010923626
1675402775051244459
1675402775091208157
1675402775130956386
1675402775190996334
1675402775230983834
1675402775270787948
1675402775311690553
1675402775351235136
1675402775392343625
1675402775450922532
1675402775490733105
1675402775532353834
1675402775570909146
1675402775611140552
1675402775651258417
1675402775710921907
1675402775751455657
1675402775790936698
1675402775830783990
1675402775871363209
1675402775931458573
1675402775971679146
1675402776011254563
1675402776051429146
1675402776091774459
1675402776131917167
1675402776191267479
1675402776231142531
1675402776271203833
1675402776311198104
1675402776350897375
1675402776392487635
1675402776451175031
1675402776491123313
1675402776531236906
1675402776571261333
1675402776611468833
1675402776670729875
1675402776711253052
1675402776751404927
1675402776791197740
1675402776830933312
1675402776870758312
1675402776931180812
1675402776972073156
1675402777010964875
1675402777050829927
1675402777090880656
1675402777130835396
1675402777192059510
1675402777231445135
1675402777270726281
1675402777310894979
1675402777351290708
1675402777411151958
1675402777450841593
1675402777491185135
1675402777530859614
1675402777572091177
1675402777611036802
1675402777670573572
1675402777710821802
1675402777750842895
1675402777791527322
1675402777830813729
1675402777870550343
1675402777931428572
1675402777970875604
1675402778011222166
1675402778050944979
1675402778091609406
1675402778150987687
1675402778191053104
1675402778230770604
1675402778270553676
1675402778310825708
1675402778350892114
1675402778411112843
1675402778450653833
1675402778491202114
1675402778531169562
1675402778571899614
1675402778611093416
1675402778670728676
1675402778711690708
1675402778750843416
1675402778791252582
1675402778831178728
1675402778890971593
1675402778930786957
1675402778971414718
1675402779011301801
1675402779050839093
1675402779090649718
1675402779151153416
1675402779191123832
1675402779230986489
1675402779270780655
1675402779310539926
1675402779350979822
1675402779411006280
1675402779450556124
1675402779491125551
1675402779531447895
1675402779571593884
1675402779630677999
1675402779670710603
1675402779710827634
1675402779751146697
1675402779791449040
1675402779830967374
1675402779891660186
1675402779931433207
1675402779971302426
1675402780011111592
1675402780050559457
1675402780091178572
1675402780151465238
1675402780190890863
1675402780230957582
1675402780270795967
1675402780310843259
1675402780370856644
1675402780411233571
1675402780450737061
1675402780490595342
1675402780531167686
1675402780570849561
1675402780630711801
1675402780670626592
1675402780711030186
1675402780751482165
1675402780791210603
1675402780850390550
1675402780890693363
1675402780931358571
1675402780971484248
1675402781011100707
1675402781050668102
1675402781111208884
1675402781151507217
1675402781190828571
1675402781231179300
1675402781270893623
1675402781311425082
1675402781371105029
1675402781410972946
1675402781451059925
1675402781491029300
1675402781531066227
1675402781590884613
1675402781631135342
1675402781671965811
1675402781710766071
1675402781751385238
1675402781791242842
1675402781851185706
1675402781891532998
1675402781931216383
1675402781971933883
1675402782011177894
1675402782051157894
1675402782112140342
1675402782151215654
1675402782191803050
1675402782231678467
1675402782271515237
1675402782331401331
1675402782371076435
1675402782410771383
1675402782451125029
1675402782490950081
1675402782531080498
1675402782591150862
1675402782631117633
1675402782671541019
1675402782711193518
1675402782751086123
1675402782790794925
1675402782851038154
1675402782891684456
1675402782931047945
1675402782973198831
1675402783012218362
1675402783070948102
1675402783110639404
1675402783150920654
1675402783191242945
1675402783230931852
1675402783270993050
1675402783330837841
1675402783370810185
1675402783410829664
1675402783451013622
1675402783490889768
1675402783532305810
1675402783591260393
1675402783632272581
1675402783671073362
1675402783711721799
1675402783752158154
1675402783810662528
1675402783851917737
1675402783891645497
1675402783931715549
1675402783970887945
1675402784010790080
1675402784071262372
1675402784111001278
1675402784150919455
1675402784191057424
1675402784230668622
1675402784271575185
1675402784330583778
1675402784370920757
1675402784410840914
1675402784451662372
1675402784491216955
1675402784551552997
1675402784590973987
1675402784631635862
1675402784671061330
1675402784711096955
1675402784751078361
1675402784811078205
1675402784851461122
1675402784891569820
1675402784931299820
1675402784971797841
1675402785012531851
1675402785071127424
1675402785111441174
1675402785151383518
1675402785191061851
1675402785231228101
1675402785291976695
1675402785331489038
1675402785370928257
1675402785411534090
1675402785450691851
1675402785490554507
1675402785550705340
1675402785590863049
1675402785630921642
1675402785670571799
1675402785711475861
1675402785751145549
1675402785811079559
1675402785851008569
1675402785890444038
1675402785931317476
1675402785970812267
1675402786031330965
1675402786070536069
1675402786110871955
1675402786150560757
1675402786190579975
1675402786231013205
1675402786290657163
1675402786330990080
1675402786371084142
1675402786410993725
1675402786450981173
1675402786490884038
1675402786550746434
1675402786590827788
1675402786632046173
1675402786671857007
1675402786711272111
1675402786770721121
1675402786810723882
1675402786851915340
1675402786890632163
1675402786930818100
1675402786970762319
1675402787030959506
1675402787071870444
1675402787111815444
1675402787150991590
1675402787191284715
1675402787251091642
1675402787290657527
1675402787331039454
1675402787370704038
1675402787410906642
1675402787451788777
1675402787510698881
1675402787550615235
1675402787592017579
1675402787630922110
1675402787670994037
1675402787711825287
1675402787771883985
1675402787810824558
1675402787851425235
1675402787891659871
1675402787931317579
1675402787990962423
1675402788030904350
1675402788071401746
1675402788111467058
1675402788151306954
1675402788191866798
1675402788251240808
1675402788291209818
1675402788331746225
1675402788370581537
1675402788410519402
1675402788451112423
1675402788510643100
1675402788551180600
1675402788591654870
1675402788631132214
1675402788670843881
1675402788730932214
1675402788770811641
1675402788810921693
1675402788851405912
1675402788890712370
1675402788930986277
1675402788991066641
1675402789030502370
1675402789070512787
1675402789111025235
1675402789150853516
1675402789191220495
1675402789250592526
1675402789291342006
1675402789331961693
1675402789370674610
1675402789410745495
1675402789471075026
1675402789510698308
1675402789551161745
1675402789591022110
1675402789630921589
1675402789671812162
1675402789730559505
1675402789770522110
1675402789810548932
1675402789850720391
1675402789892176120
1675402789932069662
1675402789990881016
1675402790031207578
1675402790070749141
1675402790110954557
1675402790150859922
1675402790211001953
1675402790252131641
1675402790291902839
1675402790331479453
1675402790370689609
1675402790411320338
1675402790470791849
1675402790510456432
1675402790550556588
1675402790591317318
1675402790631422526
1675402790671063880
1675402790731363411
1675402790771590390
1675402790810870911
1675402790850390807
1675402790890433411
1675402790950762630
1675402790991742630
1675402791030776172
1675402791070472682
1675402791110580338
1675402791150981172
1675402791210868776
1675402791250449296
1675402791290651171
1675402791330874817
1675402791370870807
1675402791411003411
1675402791470921328
1675402791510541588
1675402791550788515
1675402791590829609
1675402791630884401
1675402791690861328
1675402791730662265
1675402791770506275
1675402791810521953
1675402791850793880
1675402791891139036
1675402791950542369
1675402791990525025
1675402792030780963
1675402792070903827
1675402792111477577
1675402792151839192
1675402792211340702
1675402792250487525
1675402792290585911
1675402792330895234
1675402792370467161
1675402792430570494
1675402792470538046
1675402792510577265
1675402792550561379
1675402792591007681
1675402792630821171
1675402792691008619
1675402792730976171
1675402792770989400
1675402792811612004
1675402792850593983
1675402792891140494
1675402792950530077
1675402792991104817
1675402793030502421
1675402793070475910
1675402793110546587
1675402793170688098
1675402793210910598
1675402793250588306
1675402793290535754
1675402793331592473
1675402793371662056
1675402793430942056
1675402793471117421
1675402793511131431
1675402793551189973
1675402793590953098
1675402793651200025
1675402793691590910
1675402793731776900
1675402793771421275
1675402793811311223
1675402793851612889
1675402793912385910
1675402793951421535
1675402793991165598
1675402794031503775
1675402794071344660
1675402794111406639
1675402794170882993
1675402794212536118
1675402794251231691
1675402794291830649
1675402794331317993
1675402794390782629
1675402794430406743
1675402794470470181
1675402794510561951
1675402794550529556
1675402794590510701
1675402794650490597
1675402794690892472
1675402794730550285
1675402794771342316
1675402794811275649
1675402794850751274
1675402794910926951
1675402794950503045
1675402794990902837
1675402795030703410
1675402795071170962
1675402795130563618
1675402795170897524
1675402795210541743
1675402795250954295
1675402795291723982
1675402795330484503
1675402795390479139
1675402795431606274
1675402795470538514
1675402795511224399
1675402795551311014
1675402795590780284
1675402795650529816
1675402795690357420
1675402795730484972
1675402795770963097
1675402795810927680
1675402795870516482
1675402795910703878
1675402795950899034
1675402795990493930
1675402796030986743
1675402796070716013
1675402796130462055
1675402796170590805
1675402796211096847
1675402796250742940
1675402796290646117
1675402796330345284
1675402796390553305
1675402796430784086
1675402796470522576
1675402796510349607
1675402796550402888
1675402796610431482
1675402796651009347
1675402796690434867
1675402796730869503
1675402796771625232
1675402796811098930
1675402796871589190
1675402796910867159
1675402796951108305
1675402796990821221
1675402797030753461
1675402797070732003
1675402797130906638
1675402797170891898
1675402797210958305
1675402797251399711
1675402797291084971
1675402797351380805
1675402797391705909
1675402797431012419
1675402797471376638
1675402797511264242
1675402797551200648
1675402797611398096
1675402797650701117
1675402797691471950
1675402797730783877
1675402797770924346
1675402797811669919
1675402797870667992
1675402797911722263
1675402797950430075
1675402797990860283
1675402798030442211
1675402798090735961
1675402798131263565
1675402798170402940
1675402798210468929
1675402798250714138
1675402798291120492
1675402798350694294
1675402798390761690
1675402798430838721
1675402798470445752
1675402798510791481
1675402798550453356
1675402798610573617
1675402798650466898
1675402798690461898
1675402798731157002
1675402798770551221
1675402798830831169
1675402798870995856
1675402798910964085
1675402798951384762
1675402798991329554
1675402799031569450
1675402799091070439
1675402799130568200
1675402799170696741
1675402799210947731
1675402799251695752
1675402799291293460
1675402799351935283
1675402799390899658
1675402799431684033
1675402799470861793
1675402799510386168
1675402799570455647
1675402799611540387
1675402799651804345
1675402799690668408
1675402799730797002
1675402799770684241
1675402799831097262
1675402799871692262
1675402799911572679
1675402799951079241
1675402799990413512
1675402800050061689
1675402800090750856
1675402800131238929
1675402800170628981
1675402800210689553
1675402800251870439
1675402800311357106
1675402800350846949
1675402800391600751
1675402800430987210
1675402800470683199
1675402800510233928
1675402800570612835
1675402800610669189
1675402800650252887
1675402800690571637
1675402800730656116
1675402800790437470
1675402800830731376
1675402800870281272
1675402800910635699
1675402800951088095
1675402800991175751
1675402801050801636
1675402801090413772
1675402801130986324
1675402801170728980
1675402801211028407
1675402801250779345
1675402801310173199
1675402801350178824
1675402801390540386
1675402801431555907
1675402801470479709
1675402801530172886
1675402801570282470
1675402801610856011
1675402801650419449
1675402801691122365
1675402801731035907
1675402801790920334
1675402801830416063
1675402801871358772
1675402801910431115
1675402801951002626
1675402801990457574
1675402802051381532
1675402802092409136
1675402802131112053
1675402802171914240
1675402802210911688
1675402802270838876
1675402802311092313
1675402802350913251
1675402802390688251
1675402802431113198
1675402802471209761
1675402802531847730
1675402802570909657
1675402802611004396
1675402802650772157
1675402802690739292
1675402802730840646
1675402802790714813
1675402802830732000
1675402802870512365
1675402802910617105
1675402802951582521
1675402803011188354
1675402803050851636
1675402803090451532
1675402803130741688
1675402803171149344
1675402803211323250
1675402803270798250
1675402803310450021
1675402803350253615
1675402803391419709
1675402803430412365
1675402803471176636
1675402803530716219
1675402803570395646
1675402803610429136
1675402803650401583
1675402803691771167
1675402803751214813
1675402803790299083
1675402803830744656
1675402803870660333
1675402803911026583
1675402803950840073
1675402804010718198
1675402804050373406
1675402804090290385
1675402804130275958
1675402804170344135
1675402804210712104
1675402804270765385
1675402804310692625
1675402804350722885
1675402804390391010
1675402804430659708
1675402804490826479
1675402804530353771
1675402804570872156
1675402804610971375
1675402804650674187
1675402804690746062
1675402804750865593
1675402804790428979
1675402804830413823
1675402804870743927
1675402804910740645
1675402804950982468
1675402805010767156
1675402805050527104
1675402805091724656
1675402805130823666
1675402805170689083
1675402805230416062
1675402805270579968
1675402805311620281
1675402805351607833
1675402805390465124
1675402805430690489
1675402805490101062
1675402805530411999
1675402805570714916
1675402805610706322
1675402805650533978
1675402805690402103
1675402805750707728
1675402805790416739
1675402805830291270
1675402805870166322
1675402805910417728
1675402805970872051
1675402806011001635
1675402806050576791
1675402806090263874
1675402806130649968
1675402806170931635
1675402806230536947
1675402806270949812
1675402806310247676
1675402806350401634
1675402806391382520
1675402806451081687
1675402806490733301
1675402806530366895
1675402806570691061
1675402806610671686
1675402806650551686
1675402806710988249
1675402806750677832
1675402806791352780
1675402806830252311
1675402806871421426
1675402806910394030
1675402806970639655
1675402807010685540
1675402807050733093
1675402807091330905
1675402807130702728
1675402807191627155
1675402807232053770
1675402807270760176
1675402807310297103
1675402807351190332
1675402807390734707
1675402807450608353
1675402807490412103
1675402807530229863
1675402807570772311
1675402807610285384
1675402807650240176
1675402807711106946
1675402807750669967
1675402807790605801
1675402807830584446
1675402807871584030
1675402807931176894
1675402807970919603
1675402808010482467
1675402808051572832
1675402808091673248
1675402808131239134
1675402808190505644
1675402808231103092
1675402808270532936
1675402808310443144
1675402808351716582
1675402808390498561
1675402808450242102
1675402808490257988
1675402808530478144
1675402808571322623
1675402808612043092
1675402808670251634
1675402808710839550
1675402808750727936
1675402808790582206
1675402808830980227
1675402808870716686
1675402808930243873
1675402808971004915
1675402809010653925
1675402809050218248
1675402809090484654
1675402809131349810
1675402809190570748
1675402809230279238
1675402809271387571
1675402809311535227
1675402809352112206
1675402809410404446
1675402809450695540
1675402809491004915
1675402809530870696
1675402809570056581
1675402809610736529
1675402809671286112
1675402809711525331
1675402809751656685
1675402809791213769
1675402809830524289
1675402809870224394
1675402809930577310
1675402809971537206
1675402810010800904
1675402810050583300
1675402810090837206
1675402810150391008
1675402810190381321
1675402810230571737
1675402810271083716
1675402810311145956
1675402810350263456
1675402810411013925
1675402810450519497
1675402810490011997
1675402810530497883
1675402810570835487
1675402810610771581
1675402810670393299
1675402810710273404
1675402810750470799
1675402810790710174
1675402810830707674
1675402810890164966
1675402810931219706
1675402810970740591
1675402811010880122
1675402811051000956
1675402811091105122
1675402811150856216
1675402811190387570
1675402811230547049
1675402811270583143
1675402811310738612
1675402811350429810
1675402811410284966
1675402811450994914
1675402811490493976
1675402811530464185
1675402811570385747
1675402811630974914
1675402811670443143
1675402811710983820
1675402811751644862
1675402811791728195
1675402811831314914
1675402811890947309
1675402811931260591
1675402811970833976
1675402812010748143
1675402812050807205
1675402812090985122
1675402812150827726
1675402812190942205
1675402812230871736
1675402812270551788
1675402812310787101
1675402812370582830
1675402812410277361
1675402812450490070
1675402812490708247
1675402812530855122
1675402812570222153
1675402812630498455
1675402812671834809
1675402812710573247
1675402812750882049
1675402812790519184
1675402812850101059
1675402812891296007
1675402812930205330
1675402812971019028
1675402813010577205
1675402813050187101
1675402813111375538
1675402813150264340
1675402813190557205
1675402813231385538
1675402813270917569
1675402813310559757
1675402813370234601
1675402813410558455
1675402813450405173
1675402813490549705
1675402813530485278
1675402813590507465
1675402813630205173
1675402813670746111
1675402813710741736
1675402813750702673
1675402813790445330
1675402813850530955
1675402813890146215
1675402813930478559
1675402813970483350
1675402814010239548
1675402814050808298
1675402814110134236
1675402814150157829
1675402814190468194
1675402814230228038
1675402814271725173
1675402814330195538
1675402814370529236
1675402814410546683
1675402814450244861
1675402814490169079
1675402814530230173
1675402814591068923
1675402814630119913
1675402814670154079
1675402814711063402
1675402814750215798
1675402814790850642
1675402814850442985
1675402814890185017
1675402814930484548
1675402814971159392
1675402815010578819
1675402815070949183
1675402815111659912
1675402815150708194
1675402815190754600
1675402815230484600
1675402815270907360
1675402815331158662
1675402815370439287
1675402815412019131
1675402815450247725
1675402815490231006
1675402815530224860
1675402815590567464
1675402815630156318
1675402815670757360
1675402815710386006
1675402815750570589
1675402815810420173
1675402815851484548
1675402815890132673
1675402815930070641
1675402815970161162
1675402816010185537
1675402816070490433
1675402816110025693
1675402816150005537
1675402816191151995
1675402816230968506
1675402816270971631
1675402816330039443
1675402816369962568
1675402816410443454
1675402816450741943
1675402816490274860
1675402816550179651
1675402816590570693
1675402816630515328
1675402816670563193
1675402816711778922
1675402816751292151
1675402816811465068
1675402816850382933
1675402816890882516
1675402816930839547
1675402816970426110
1675402817010700849
1675402817070917047
1675402817110940589
1675402817150428870
1675402817190403037
1675402817230123141
1675402817291406891
1675402817330291734
1675402817370110589
1675402817411018922
1675402817450176109
1675402817491353141
1675402817550522099
1675402817591345120
1675402817630399547
1675402817670470797
1675402817711012516
1675402817750739130
1675402817811997047
1675402817850812307
1675402817890733870
1675402817930848922
1675402817970126057
1675402818030147880
1675402818070104443
1675402818110120640
1675402818150091526
1675402818190170172
1675402818230574026
1675402818290459286
1675402818330447203
1675402818371084547
1675402818410109026
1675402818450417567
1675402818490459286
1675402818550385224
1675402818591107515
1675402818630159494
1675402818670118192
1675402818711206630
1675402818770386421
1675402818811406630
1675402818850293921
1675402818890440744
1675402818930695640
1675402818970516109
1675402819030061525
1675402819070431317
1675402819110096005
1675402819152733505
1675402819190424286
1675402819249796838
1675402819290433557
1675402819330438348
1675402819370788817
1675402819410141890
1675402819450188088
1675402819510134182
1675402819550103504
1675402819590447619
1675402819630462671
1675402819670277202
1675402819709958609
1675402819770045484
1675402819810171890
1675402819850049650
1675402819890711733
1675402819930652254
1675402819990730379
1675402820030177567
1675402820071241577
1675402820111170119
1675402820150548088
1675402820190800171
1675402820250905015
1675402820290255223
1675402820330806577
1675402820371180275
1675402820410276837
1675402820450733244
1675402820510615900
1675402820550445223
1675402820591201577
1675402820631986577
1675402820671607514
1675402820730463348
1675402820770106421
1675402820810425171
1675402820850492046
1675402820890373764
1675402820930261160
1675402820990117827
1675402821030358348
1675402821070404337
1675402821110135431
1675402821149996629
1675402821190744181
1675402821250215848
1675402821290167410
1675402821330120587
1675402821370137097
1675402821409924493
1675402821470094129
1675402821510414285
1675402821550226889
1675402821590389493
1675402821630146785
1675402821670105483
1675402821730373295
1675402821770098920
1675402821810376212
1675402821850139701
1675402821890752149
1675402821930444701
1675402821990469337
1675402822030765847
1675402822070340691
1675402822110451733
1675402822150448972
1675402822210473868
1675402822250151733
1675402822290095951
1675402822330101576
1675402822370044597
1675402822410477410
1675402822470468972
1675402822510432878
1675402822550085378
1675402822591358087
1675402822631129649
1675402822670692878
1675402822730093868
1675402822770427774
1675402822811345482
1675402822850525743
1675402822889989857
1675402822949969232
1675402822990121732
1675402823030428659
1675402823070052253
1675402823110108347
1675402823150020170
1675402823210083347
1675402823250513972
1675402823290077305
1675402823330761003
1675402823370475899
1675402823410352149
1675402823470823555
1675402823510037930
1675402823550135690
1675402823590048451
1675402823630015586
1675402823690070013
1675402823730404805
1675402823770392669
1675402823810781003
1675402823850044753
1675402823890379388
1675402823950416940
1675402823990456992
1675402824030733919
1675402824070746888
1675402824110414596
1675402824150503555
1675402824210217721
1675402824250203138
1675402824291671159
1675402824330198294
1675402824370011315
1675402824429990534
1675402824470032148
1675402824510030898
1675402824549930534
1675402824590777930
1675402824630390430
1675402824690071002
1675402824730083607
1675402824770491888
1675402824810886159
1675402824850708971
1675402824890476315
1675402824950126784
1675402824991368502
1675402825030043138
1675402825070082929
1675402825109989231
1675402825169973711
1675402825210234961
1675402825250082304
1675402825290097565
1675402825329855065
1675402825370406263
1675402825430297825
1675402825471364908
1675402825510741627
1675402825550407513
1675402825590729596
1675402825650647513
1675402825691357929
1675402825731029075
1675402825770277044
1675402825810561835
1675402825850832721
1675402825910847148
1675402825951114439
1675402825990289752
1675402826031351054
1675402826070566367
1675402826110385325
1675402826170585585
1675402826210686002
1675402826250362148
1675402826290079283
1675402826330038866
1675402826390425533
1675402826430046366
1675402826470013710
1675402826510505168
1675402826550260898
1675402826590245064
1675402826650342460
1675402826691271470
1675402826730083502
1675402826770086366
1675402826810681002
1675402826850447720
1675402826910052981
1675402826950372512
1675402826990057512
1675402827029975377
1675402827070035845
1675402827130232981
1675402827170424595
1675402827209949543
1675402827249939491
1675402827290016522
1675402827330294647
1675402827390402929
1675402827430360481
1675402827470045637
1675402827510491366
1675402827550442460
1675402827590765220
1675402827650031574
1675402827689926314
1675402827730213553
1675402827770416991
1675402827811120272
1675402827870005637
1675402827910113970
1675402827950454439
1675402827991458293
1675402828030289960
1675402828070032980
1675402828130192876
1675402828169877303
1675402828209830376
1675402828250535272
1675402828290240897
1675402828330280532
1675402828391223657
1675402828431260689
1675402828470198136
1675402828509912407
1675402828549887980
1675402828609832199
1675402828651312251
1675402828690402043
1675402828730525480
1675402828770051626
1675402828810426626
1675402828871673293
1675402828910232772
1675402828951134959
1675402828990894334
1675402829031432928
1675402829070846886
1675402829130231313
1675402829170170220
1675402829211265063
1675402829251021469
1675402829290240011
1675402829350946417
1675402829390229490
1675402829430512199
1675402829470437615
1675402829510171990
1675402829550480167
1675402829610518136
1675402829650069907
1675402829690384073
1675402829730571417
1675402829769934751
1675402829811372980
1675402829870247511
1675402829910004646
1675402829950153084
1675402829989988605
1675402830029937719
1675402830089996365
1675402830129953084
1675402830170231469
1675402830210039177
1675402830250720792
1675402830290800271
1675402830349817927
1675402830389850271
1675402830430229907
1675402830470201000
1675402830510373709
1675402830550137354
1675402830609995323
1675402830650060375
1675402830689820375
1675402830729699542
1675402830770097719
1675402830830157979
1675402830870410844
1675402830909795375
1675402830949747094
1675402830990223083
1675402831031526000
1675402831090006729
1675402831130079438
1675402831170963083
1675402831211170635
1675402831251223500
1675402831289989073
1675402831350803708
1675402831389872302
1675402831431210792
1675402831469919073
1675402831509791989
1675402831570213969
1675402831609934229
1675402831650130948
1675402831690205010
1675402831730059489
1675402831770563760
1675402831829911469
1675402831870429021
1675402831910051156
1675402831949648239
1675402831990229906
1675402832049617354
1675402832089925948
1675402832129787614
1675402832169895114
1675402832209648604
1675402832249653135
1675402832309976625
1675402832349651052
1675402832389777354
