1675408455054727369
1675408455255303202
1675408455455704660
1675408455654721118
1675408455855006118
1675408456064835285
1675408456264747003
1675408456464786587
1675408456664457316
1675408456864716691
1675408457059444764
1675408457270034920
1675408457469677472
1675408457669400284
1675408457870280545
1675408458070101013
1675408458280049399
1675408458479774607
1675408458659441742
1675408458859762367
1675408459059467732
1675408459254919138
1675408459465588044
1675408459665608304
1675408459864724190
1675408460065032262
1675408460264917419
1675408460474691116
1675408460675113252
1675408460875025439
1675408461074837731
1675408461274437366
1675408461470018668
1675408461679365022
1675408461879870856
1675408462080028980
1675408462259584501
1675408462460029345
1675408462669736324
1675408462869713980
1675408463069459136
1675408463269637834
1675408463469289657
1675408463665187730
1675408463875012365
1675408464074961271
1675408464274641115
1675408464475180959
1675408464674916427
1675408464884452313
1675408465084952052
1675408465284375073
1675408465484204969
1675408465684571010
1675408465879380698
1675408466069650385
1675408466269618093
1675408466469579968
1675408466669576010
1675408466869734395
1675408467079350697
1675408467279641947
1675408467479649447
1675408467679345489
1675408467879982259
1675408468074961270
1675408468284940384
1675408468484755436
1675408468684817832
1675408468884924030
1675408469085106009
1675408469294972363
1675408469494439498
1675408469674947050
1675408469874722832
1675408470074702415
1675408470269792363
1675408470479843352
1675408470680214185
1675408470880162883
1675408471079471529
1675408471279655019
1675408471489970175
1675408471689514446
1675408471889667935
1675408472089851997
1675408472289630956
1675408472485019237
1675408472694660174
1675408472894983091
1675408473094828820
1675408473295242101
1675408473474950226
1675408473675128664
1675408473884510695
1675408474084682934
1675408474284411892
1675408474484428767
1675408474679808924
1675408474890079236
1675408475089925225
1675408475289785069
1675408475489752725
1675408475693497152
1675408475889233454
1675408476099882777
1675408476300218871
1675408476499970694
1675408476699939860
1675408476895009808
1675408477084736214
1675408477285044964
1675408477484975277
1675408477685051683
1675408477885319287
1675408478085144183
1675408478294740953
1675408478494667776
1675408478694933453
1675408478894545432
1675408479089920745
1675408479300218713
1675408479499948036
1675408479700381734
1675408479900144963
1675408480099611005
1675408480299842046
1675408480509887619
1675408480709707098
1675408480890175432
1675408481090029754
1675408481284898348
1675408481494628400
1675408481695131577
1675408481894571525
1675408482094752046
1675408482294915952
1675408482494916212
1675408482705239389
1675408482904831785
1675408483104825952
1675408483305026785
1675408483499837201
1675408483709772306
1675408483910313555
1675408484110016212
1675408484309712826
1675408484490454909
1675408484689826576
1675408484899977097
1675408485100036992
1675408485299343347
1675408485500203138
1675408485694782878
1675408485904874701
1675408486105245013
1675408486305315013
1675408486504569596
1675408486704987461
1675408486904917252
1675408487114963242
1675408487314899856
1675408487515088867
1675408487714430169
1675408487909786523
1675408488119912096
1675408488300063189
1675408488500022408
1675408488700062460
1675408488899987043
1675408489100216001
1675408489309986314
1675408489509843032
1675408489709818032
1675408489909385793
1675408490105059751
1675408490314551470
1675408490515188813
1675408490714650584
1675408490914460011
1675408491114669959
1675408491314474542
1675408491524826313
1675408491724994802
1675408491904845011
1675408492105114698
1675408492299746365
1675408492499641833
1675408492710096104
1675408492909486521
1675408493109848083
1675408493310067614
1675408493510299958
1675408493719854177
1675408493920032093
1675408494119514177
1675408494319549176
1675408494515129541
1675408494714955114
1675408494924856520
1675408495124553291
1675408495324731572
1675408495524566884
1675408495704547145
1675408495914614280
1675408496114605842
1675408496315017613
1675408496514615790
1675408496709426884
1675408496909453082
1675408497119628394
1675408497320041102
1675408497519998863
1675408497719939071
1675408497919549592
1675408498129816623
1675408498329694331
1675408498529372144
1675408498729536310
1675408498925397612
1675408499124927195
1675408499315182300
1675408499514482612
1675408499715007299
1675408499914579122
1675408500114543237
1675408500324987560
1675408500524523028
1675408500724661934
1675408500924528184
1675408501120143966
1675408501319620580
1675408501529873757
1675408501729738288
1675408501929675944
1675408502129641621
1675408502329356100
1675408502539853340
1675408502739265215
1675408502939367507
1675408503119001152
1675408503314340058
1675408503514425996
1675408503724853912
1675408503924531725
1675408504124370423
1675408504324370787
1675408504524612037
1675408504734764172
1675408504934511204
1675408505134764224
1675408505334695735
1675408505529721985
1675408505729755578
1675408505940245943
1675408506140019641
1675408506339762089
1675408506540146620
1675408506719600474
1675408506930017661
1675408507129728026
1675408507329667922
1675408507529942453
1675408507724397140
1675408507924669275
1675408508135133859
1675408508334991619
1675408508534970890
1675408508735181046
1675408508935173702
1675408509144948858
1675408509345145837
1675408509544891619
1675408509744901566
1675408509939572816
1675408510139481566
1675408510349982868
1675408510530039952
1675408510729593493
1675408510929795837
1675408511130039170
1675408511329749430
1675408511539741878
1675408511739988805
1675408511939722555
1675408512134575836
1675408512335073805
1675408512544841149
1675408512744697242
1675408512945114846
1675408513145048440
1675408513344241721
1675408513545253909
1675408513754852034
1675408513954504586
1675408514135201773
1675408514330600263
1675408514529376044
1675408514740124221
1675408514939699950
1675408515139359012
1675408515340044221
1675408515539521252
1675408515739263804
1675408515949923439
1675408516149688647
1675408516349702553
1675408516545357814
1675408516744873855
1675408516954901251
1675408517154823022
1675408517355199949
1675408517554569116
1675408517754579011
1675408517934863751
1675408518144788334
1675408518344881615
1675408518544404271
1675408518740374584
1675408518940027500
1675408519149593854
1675408519350056198
1675408519549825261
1675408519749792761
1675408519949738594
1675408520150182187
1675408520359593125
1675408520559454635
1675408520759796771
1675408520954859323
1675408521155038593
1675408521365247395
1675408521544891979
1675408521745271822
1675408521944878749
1675408522144812239
1675408522345086874
1675408522554745572
1675408522754454426
1675408522955127134
1675408523150168488
1675408523349736561
1675408523560309738
1675408523760282603
1675408523959888176
1675408524159673332
1675408524360120988
1675408524559770988
1675408524769574894
1675408524969218384
1675408525169559165
1675408525344889738
1675408525544474112
1675408525754956404
1675408525954664008
1675408526154704321
1675408526354109581
1675408526554597081
1675408526754380935
1675408526964586977
1675408527165117029
1675408527364687497
1675408527560098383
1675408527759817393
1675408527970197289
1675408528169782914
1675408528369919945
1675408528570081247
1675408528769736872
1675408528950141403
1675408529159553226
1675408529359783746
1675408529559607132
1675408529755015257
1675408529955126142
1675408530155084632
1675408530365034371
1675408530564683225
1675408530764647444
1675408530964902548
1675408531164791819
1675408531374735881
1675408531574814266
1675408531774497496
1675408531970026245
1675408532169894006
1675408532369456610
1675408532580000933
1675408532759956870
1675408532959936922
1675408533159758224
1675408533360008016
1675408533569471766
1675408533769876453
1675408533969647182
1675408534165027807
1675408534364896557
1675408534564849057
1675408534774639474
1675408534974981609
1675408535174375150
1675408535374584369
1675408535574890932
1675408535784957963
1675408535984972963
1675408536184867077
1675408536360143744
1675408536560022546
1675408536759831973
1675408536969379212
1675408537170109160
1675408537369621816
1675408537569675566
1675408537769330566
1675408537979820358
1675408538179473222
1675408538379637753
1675408538575193066
1675408538775179107
1675408538975297753
1675408539185030305
1675408539384832388
1675408539584615930
1675408539784745201
1675408539984632232
1675408540175286086
1675408540375218117
1675408540574913742
1675408540769972492
1675408540969699002
1675408541169695773
1675408541380266450
1675408541579715929
1675408541779700513
1675408541979847700
1675408542179469314
1675408542389745929
1675408542589626554
1675408542789961085
1675408542985011345
1675408543184853220
1675408543384586866
1675408543594780304
1675408543774806970
1675408543974263897
1675408544175197543
1675408544375173949
1675408544584814209
