1675408454762424869
1675408454969721900
1675408455009599452
1675408455039734556
1675408455089696014
1675408455129886119
1675408455170406796
1675408455229888046
1675408455269211743
1675408455309527889
1675408455349788462
1675408455389788879
1675408455435223150
1675408455489443670
1675408455510018410
1675408455569686535
1675408455609805858
1675408455649973150
1675408455709466587
1675408455749975077
1675408455770027056
1675408455809760389
1675408455889631899
1675408455909810806
1675408455949831587
1675408456009737837
1675408456049925545
1675408456091202629
1675408456131784920
1675408456190122108
1675408456229417576
1675408456270136847
1675408456309530337
1675408456349902108
1675408456409177681
1675408456433182576
1675408456469863045
1675408456533636587
1675408456569365597
1675408456609326483
1675408456669620962
1675408456689925701
1675408456749851066
1675408456789905857
1675408456809651378
1675408456870146014
1675408456909480337
1675408456950225909
1675408457008828878
1675408457049941274
1675408457089744555
1675408457149682732
1675408457189473618
1675408457210186847
1675408457250175701
1675408457309575128
1675408457349844555
1675408457397585336
1675408457449665649
1675408457489918201
1675408457531151118
1675408457571552732
1675408457612229138
1675408457669706326
1675408457709712107
1675408457749713513
1675408457789885597
1675408457839838409
1675408457873597576
1675408457909898461
1675408457969780805
1675408458009616534
1675408458049959711
1675408458094268826
1675408458129827263
1675408458189518722
1675408458229963253
1675408458249969086
1675408458310373774
1675408458350261794
1675408458390039346
1675408458449952680
1675408458490191169
1675408458516886117
1675408458589801534
1675408458629895023
1675408458650566378
1675408458690592575
1675408458749870388
1675408458790063982
1675408458836960544
1675408458889542680
1675408458929709867
1675408458969842680
1675408459012258877
1675408459049862055
1675408459089784554
1675408459149271794
1675408459189834815
1675408459214044971
1675408459269662888
1675408459313830440
1675408459350083044
1675408459409762627
1675408459429111273
1675408459489639659
1675408459529129086
1675408459569902523
1675408459610068565
1675408459655938356
1675408459690152106
1675408459749969190
1675408459789321898
1675408459829678669
1675408459889154190
1675408459929614346
1675408459957024398
1675408459997364242
1675408460049436065
1675408460089869971
1675408460149434033
1675408460189637575
1675408460230041117
1675408460269175700
1675408460319127367
1675408460369694085
1675408460409535752
1675408460449956585
1675408460492986116
1675408460529604294
1675408460590078252
1675408460620418252
1675408460653498460
1675408460710067002
1675408460750401325
1675408460790230752
1675408460849554970
1675408460869509241
1675408460929663825
1675408460969208877
1675408460996545908
1675408461049888095
1675408461090243408
1675408461129896272
1675408461189400856
1675408461229272418
1675408461269172939
1675408461316525022
1675408461350107418
1675408461389907991
1675408461451051220
1675408461490064866
1675408461529552574
1675408461570467522
1675408461629202939
1675408461669812314
1675408461709872574
1675408461750146741
1675408461799690231
1675408461849818928
1675408461890140856
1675408461929719605
1675408461969353928
1675408462013543928
1675408462049635855
1675408462094055699
1675408462149646741
1675408462169474970
1675408462229820855
1675408462274430647
1675408462310156585
1675408462350068564
1675408462390356376
1675408462435957991
1675408462489845543
1675408462530097522
1675408462569390751
1675408462629403511
1675408462670379814
1675408462690411480
1675408462757123720
1675408462790521741
1675408462829617938
1675408462889798043
1675408462930923720
1675408462969306584
1675408463009427678
1675408463069520074
1675408463109755543
1675408463149914605
1675408463189946115
1675408463230066376
1675408463279440647
1675408463329885542
1675408463369502834
1675408463400136688
1675408463454170699
1675408463493866949
1675408463529267678
1675408463580857626
1675408463609996272
1675408463669538355
1675408463709148459
1675408463749850490
1675408463789887157
1675408463829924657
1675408463869904449
1675408463929769657
1675408463969747938
1675408464009861428
1675408464069706636
1675408464096907625
1675408464130517157
1675408464189333198
1675408464230784448
1675408464269340334
1675408464329578615
1675408464369047261
1675408464409787261
1675408464451310855
1675408464492631219
1675408464530019865
1675408464579585125
1675408464629974188
1675408464669695125
1675408464709433511
1675408464769756948
1675408464793850750
1675408464829438615
1675408464889352261
1675408464914222625
1675408464969525542
1675408465009781896
1675408465049468771
1675408465089815229
1675408465149661115
1675408465169508458
1675408465229723979
1675408465270000698
1675408465309597417
1675408465369174708
1675408465409362208
1675408465449429031
1675408465489379135
1675408465537081427
1675408465570691687
1675408465629515073
1675408465669329552
1675408465709351219
1675408465757198562
1675408465809513250
1675408465849659187
1675408465891787052
1675408465932545594
1675408465969618614
1675408466009648979
1675408466069195281
1675408466109707260
1675408466149536427
1675408466189587312
1675408466234190385
1675408466269528041
1675408466329325593
1675408466354418458
1675408466394881114
1675408466449458510
1675408466489524760
1675408466529966583
1675408466569961531
1675408466609763666
1675408466669945177
1675408466709485177
1675408466749081583
1675408466809329343
1675408466849447937
1675408466877393874
1675408466930749187
1675408466969672729
1675408467011108354
1675408467069679656
1675408467109617676
1675408467149676635
1675408467198314760
1675408467249410958
1675408467289645801
1675408467329658406
1675408467372639030
1675408467413298093
1675408467449638249
1675408467509200228
1675408467549498926
1675408467574180020
1675408467629471999
1675408467660685593
1675408467709681895
1675408467754163822
1675408467789473353
1675408467835421947
1675408467889627155
1675408467929711999
1675408467969991478
1675408468009579759
1675408468050030489
1675408468109294082
1675408468149674134
1675408468189450905
1675408468249897520
1675408468270452311
1675408468309636113
1675408468371424030
1675408468409620541
1675408468449870176
1675408468509693665
1675408468549604395
1675408468589227415
1675408468629122415
1675408468679703301
1675408468729248874
1675408468769936842
1675408468809817467
1675408468853030384
1675408468889391426
1675408468929583822
1675408468989479238
1675408469014254655
1675408469069869811
1675408469089201530
1675408469141502415
1675408469200470957
1675408469229968821
1675408469270126478
1675408469315782832
1675408469355698873
1675408469409766321
1675408469449734394
1675408469490211842
1675408469549561946
1675408469589456165
1675408469629770905
1675408469677435280
1675408469711080644
1675408469756917519
1675408469797913925
1675408469838588925
1675408469889380019
1675408469929680175
1675408469990091946
1675408470029703509
1675408470069833144
1675408470109904967
1675408470159658613
1675408470209642727
1675408470249111321
1675408470289669446
1675408470329426373
1675408470374400436
1675408470409614602
1675408470449598300
1675408470509617154
1675408470549410904
1675408470589619811
1675408470641625800
1675408470669958092
1675408470729603300
1675408470769669290
1675408470796507519
1675408470850541946
1675408470889937831
1675408470929691008
1675408470989406269
1675408471029168769
1675408471050561165
1675408471129592519
1675408471169454914
1675408471189519185
1675408471229483248
1675408471289580487
1675408471329588456
1675408471372027883
1675408471429654394
1675408471469583664
1675408471509566216
1675408471549899862
1675408471589984550
1675408471639819654
1675408471689678300
1675408471729552258
1675408471749345539
1675408471814832935
1675408471849569706
1675408471889481112
1675408471948767570
1675408471989520331
1675408472029635956
1675408472069680279
1675408472109558820
1675408472156121529
1675408472209518820
1675408472230157414
1675408472289958247
1675408472330243977
1675408472369458872
1675408472429597987
1675408472469614862
1675408472491168508
1675408472531320539
1675408472589326893
1675408472629749028
1675408472689566528
1675408472729568924
1675408472769589497
1675408472812618716
1675408472853121268
1675408472908933403
1675408472949339237
1675408472989834497
1675408473029384393
1675408473069759445
1675408473129402674
1675408473154371164
1675408473189445174
1675408473249598091
1675408473289419966
1675408473329411424
1675408473392138872
1675408473412672257
1675408473472473559
1675408473512590695
1675408473532469757
1675408473592706216
1675408473632989705
1675408473672933924
1675408473732256059
1675408473772122882
1675408473812672830
1675408473872544132
1675408473912590591
1675408473934420278
1675408473974880903
1675408474032011268
1675408474072017830
1675408474121802986
1675408474172535382
1675408474212518142
1675408474255889757
1675408474296575122
1675408474336405174
1675408474392394444
1675408474432191892
1675408474472523142
1675408474512527622
1675408474552548142
1675408474603590694
1675408474632195642
1675408474692396267
1675408474732880746
1675408474772574236
1675408474818272986
1675408474852509809
1675408474912334861
1675408474951924496
1675408474972970903
1675408475032462048
1675408475072651111
1675408475112428663
1675408475172336632
1675408475212384340
1675408475240715590
1675408475292291996
1675408475332351632
1675408475372331840
1675408475432413298
1675408475472203871
1675408475512405746
1675408475561887257
1675408475612147413
1675408475652391892
1675408475692321840
1675408475736785798
1675408475776588298
1675408475812387361
1675408475872221267
1675408475912157361
1675408475937585069
1675408475992397777
1675408476032370329
1675408476072259808
1675408476132430850
1675408476152161163
1675408476218242413
1675408476251963558
1675408476292451944
1675408476332891267
1675408476380060642
1675408476413098923
1675408476472698454
1675408476512208246
1675408476551974600
1675408476612474392
1675408476652217569
1675408476672443767
1675408476720842985
1675408476774205954
1675408476812426423
1675408476852272412
1675408476911915589
1675408476952451527
1675408476992509808
1675408477043860746
1675408477092231839
1675408477132513818
1675408477172771058
1675408477216885641
1675408477252520277
1675408477312163193
1675408477332242725
1675408477378269235
1675408477432581370
1675408477472725172
1675408477512198089
1675408477552565641
1675408477592335485
1675408477632865016
1675408477692317360
1675408477719943558
1675408477773216266
1675408477813180172
1675408477854000172
1675408477912677881
1675408477952566318
1675408477992372204
1675408478041134235
1675408478074320328
1675408478118671214
1675408478152626370
1675408478212294391
1675408478252445120
1675408478295117203
1675408478351965433
1675408478392518141
1675408478432372047
1675408478472799964
1675408478523820276
1675408478572252776
1675408478612539287
1675408478652464807
1675408478692484339
1675408478738056318
1675408478772505484
1675408478812461057
1675408478872538297
1675408478892534339
1675408478952458141
1675408478992515641
1675408479032401318
1675408479072394130
1675408479112879234
1675408479160100068
1675408479212046526
1675408479253030484
1675408479292529234
1675408479352379703
1675408479392313245
1675408479414432932
1675408479472119078
1675408479514842984
1675408479552585901
1675408479612192515
1675408479652553922
1675408479692530172
1675408479735604078
1675408479792466995
1675408479832288192
1675408479872547359
1675408479912479442
1675408479952509286
1675408480003475432
1675408480052465015
1675408480092171630
1675408480112178921
1675408480172442099
1675408480198750276
1675408480252101942
1675408480292071786
1675408480332233244
1675408480372516317
1675408480432355067
1675408480471934911
1675408480512637255
1675408480552424911
1675408480592911838
1675408480652215744
1675408480692127255
1675408480732474286
1675408480792649442
1675408480821718348
1675408480856628036
1675408480911865171
1675408480952482254
1675408480992277515
1675408481051862984
1675408481092306942
1675408481132474025
1675408481175971421
1675408481216593400
1675408481272226838
1675408481312276056
1675408481352930848
1675408481391776317
1675408481432476577
1675408481492519702
1675408481518476473
1675408481564560275
1675408481592548400
1675408481638822098
1675408481692540067
1675408481732177463
1675408481772410588
1675408481812713869
1675408481872551525
1675408481893829077
1675408481952938504
1675408481992398817
1675408482032604494
1675408482092460952
1675408482132217254
1675408482172084077
1675408482212280952
1675408482252678139
1675408482295153973
1675408482352319233
1675408482392477098
1675408482432431785
1675408482481863452
1675408482531996160
1675408482571924493
1675408482611963556
1675408482657428296
1675408482692771473
1675408482732466004
1675408482792184077
1675408482832370223
1675408482871818243
1675408482912389597
1675408482972181160
1675408482992619077
1675408483052489285
1675408483072380483
1675408483118979806
1675408483178603504
1675408483212491004
1675408483252986837
1675408483293422827
1675408483334159754
1675408483392950222
1675408483432819076
1675408483472366993
1675408483532425951
1675408483572200587
1675408483601400743
1675408483655416524
1675408483692148503
1675408483732235535
1675408483791766680
1675408483832241993
1675408483872111628
1675408483912270795
1675408483972127774
1675408484012169649
1675408484052287305
1675408484097551837
1675408484137216732
1675408484175639024
1675408484232200326
1675408484272358607
1675408484298105326
1675408484351986264
1675408484372231889
1675408484444642201
1675408484472274389
1675408484512098764
1675408484552190951
1675408484619152722
1675408484652050013
1675408484692517045
1675408484732968972
1675408484774311836
1675408484832486159
1675408484871821263
1675408484912479180
1675408484972379649
1675408484994953763
1675408485032399545
1675408485075708190
1675408485132413242
1675408485171940378
1675408485232043347
1675408485272111888
1675408485312047722
1675408485352067513
1675408485392433763
1675408485452411680
1675408485491909753
1675408485532260638
1675408485576996940
1675408485612433607
1675408485652268242
1675408485712286211
1675408485738260169
1675408485791964701
1675408485812389232
1675408485852501836
1675408485912322253
1675408485951771471
1675408485992412982
1675408486032435013
1675408486080170169
1675408486132268555
1675408486172191784
1675408486214588711
1675408486271968555
1675408486312343607
1675408486351897825
1675408486402002617
1675408486435090586
1675408486482125898
1675408486511781315
1675408486572060950
1675408486612345950
1675408486655888711
1675408486712304804
1675408486751717252
1675408486791889700
1675408486832641731
1675408486883867981
1675408486931912044
1675408486972199492
1675408487012617669
1675408487051984492
1675408487091871523
1675408487151971471
1675408487178165169
1675408487219378294
1675408487252739804
1675408487293096262
1675408487351862565
1675408487391934700
1675408487432655429
1675408487472287564
1675408487512965273
1675408487572125898
1675408487612461106
1675408487652031679
1675408487712563502
1675408487751866575
1675408487775003919
1675408487832190741
1675408487875546939
1675408487912012356
1675408487971915689
1675408488011718554
1675408488051954283
1675408488092354439
1675408488151966627
1675408488192292356
1675408488232346158
1675408488272646210
1675408488312236262
1675408488364210272
1675408488391981783
1675408488452188137
1675408488471954960
1675408488531970793
1675408488559114127
1675408488632138033
1675408488652316887
1675408488692771991
1675408488732891366
1675408488773113918
1675408488832372147
1675408488872007408
1675408488912219387
1675408488952434804
1675408489014076731
1675408489054646001
1675408489091891470
1675408489151931001
1675408489182073449
1675408489218545949
1675408489272185064
1675408489312060741
1675408489351866105
1675408489411826314
1675408489452147095
1675408489492118710
1675408489536186522
1675408489577201835
1675408489632010428
1675408489672033918
1675408489712417407
1675408489751718970
1675408489791828605
1675408489832011001
1675408489892170532
1675408489911958761
1675408489971887616
1675408489999088605
1675408490039326157
1675408490091890324
1675408490131816626
1675408490173207980
1675408490213805063
1675408490254521470
1675408490312561157
1675408490352283605
1675408490392428657
1675408490452172772
1675408490494707511
1675408490531798553
1675408490575288553
1675408490612304803
1675408490655769386
1675408490712574542
1675408490751925532
1675408490792281782
1675408490843061469
1675408490892352563
1675408490931815584
1675408490972004594
1675408491017642251
1675408491052456001
1675408491092197042
1675408491131943032
1675408491192096001
1675408491232072094
1675408491272125896
1675408491331818969
1675408491372047823
1675408491392231313
1675408491431943032
1675408491480149073
1675408491520141417
1675408491571942771
1675408491612613605
1675408491653972823
1675408491694837615
1675408491752101573
1675408491792404646
1675408491841365740
1675408491892304282
1675408491931888657
1675408491962250011
1675408492016070479
1675408492052405479
1675408492092033865
1675408492151853136
1675408492191696417
1675408492232067979
1675408492272883917
1675408492331857979
1675408492372059958
1675408492411829438
1675408492452437198
1675408492498232615
1675408492531771938
1675408492572048292
1675408492631651104
1675408492658666938
1675408492712008500
1675408492732062146
1675408492811859594
1675408492832009229
1675408492872122719
1675408492912225687
1675408492960022458
1675408493012130583
1675408493054925583
1675408493112011729
1675408493151857198
1675408493191931052
1675408493231989229
1675408493281272719
1675408493331842510
1675408493355354646
1675408493391925010
1675408493456022198
1675408493492109750
1675408493531789021
1675408493591791312
1675408493632281104
1675408493672214333
1675408493711865635
1675408493752157510
1675408493812078708
1675408493852259229
1675408493872410583
1675408493932147875
1675408493971996572
1675408494012189281
1675408494072234489
1675408494112137093
1675408494132937510
1675408494172838656
1675408494213048447
1675408494272156156
1675408494312631937
1675408494352152874
1675408494392014385
1675408494441187197
1675408494495006989
1675408494534489281
1675408494591599801
1675408494632066051
1675408494671895531
1675408494712046520
1675408494762302458
1675408494796176728
1675408494832225687
1675408494892468916
1675408494931943187
1675408494971840582
1675408495015816260
1675408495071702197
1675408495111965739
1675408495151753916
1675408495192215687
1675408495232145895
1675408495291920530
1675408495312061207
1675408495371745634
1675408495411602041
1675408495451894280
1675408495511893499
1675408495551919853
1675408495572845895
1675408495613068811
1675408495656978863
1675408495693278655
1675408495751779853
1675408495811808134
1675408495851828134
1675408495891708030
1675408495934912040
1675408495974793603
1675408496012125530
1675408496071752770
1675408496112055061
1675408496135806624
1675408496191817457
1675408496236303342
1675408496282480530
1675408496312139176
1675408496372093342
1675408496411760738
1675408496456312249
1675408496512152821
1675408496551887144
1675408496591947978
1675408496618343394
1675408496672065061
1675408496711852196
1675408496765063915
1675408496811668707
1675408496851912248
1675408496892579592
1675408496919473863
1675408496991882457
1675408497011960269
1675408497053531675
1675408497093921259
1675408497133955738
1675408497192051780
1675408497241350790
1675408497292195946
1675408497331903238
1675408497372015321
1675408497414975946
1675408497452606154
1675408497511866936
1675408497542364540
1675408497575898654
1675408497632119644
1675408497671941363
1675408497711969748
1675408497771784956
1675408497811961311
1675408497852341936
1675408497897438133
1675408497938086623
1675408497992027560
1675408498032137613
1675408498052593185
1675408498111784123
1675408498151763081
1675408498191715477
1675408498251581623
1675408498291838185
1675408498312350165
1675408498359680269
1675408498400166675
1675408498451555633
1675408498491850269
1675408498551704956
1675408498591716727
1675408498632333237
1675408498672081675
1675408498722300112
1675408498771591623
1675408498811700946
1675408498851675321
1675408498892108654
1675408498936085789
1675408498971856414
1675408499016432404
1675408499071807091
1675408499112024539
1675408499151865425
1675408499203527143
1675408499251999643
1675408499292264956
1675408499331988185
1675408499358224800
1675408499412396518
1675408499452264227
1675408499491835060
1675408499551994487
1675408499591885633
1675408499619540424
1675408499691578445
1675408499732000945
1675408499752051622
1675408499792177039
1675408499840947351
1675408499880771622
1675408499932165893
1675408499991626153
1675408500032491258
1675408500072240997
1675408500112454331
1675408500152114278
1675408500201893601
1675408500252124070
1675408500291940008
1675408500311757768
1675408500356323601
1675408500411900476
1675408500451924174
1675408500511685268
1675408500551734174
1675408500591631466
1675408500632243966
1675408500671828237
1675408500718984434
1675408500771890632
1675408500792234070
1675408500852400268
1675408500892058601
1675408500932168653
1675408500991848966
1675408501031818705
1675408501053369643
1675408501093380424
1675408501171904695
1675408501191985216
1675408501232226153
1675408501292191309
1675408501332123393
1675408501374060997
1675408501414910788
1675408501471714122
1675408501512105007
1675408501551882559
1675408501591699799
1675408501631643757
1675408501692155528
1675408501716205059
1675408501751773236
1675408501816275528
1675408501851635319
1675408501891927403
1675408501952040528
1675408501991949799
1675408502031859330
1675408502071681361
1675408502092469330
1675408502158797923
1675408502198620007
1675408502232695580
1675408502291846830
1675408502331797767
1675408502371748288
1675408502431990996
1675408502471996465
1675408502493595684
1675408502533299642
1675408502573501777
1675408502631574486
1675408502671857715
1675408502731648027
1675408502771903913
1675408502814044434
1675408502855051986
1675408502895185111
1675408502951647559
1675408502991779277
1675408503031757090
1675408503071668548
1675408503111691986
1675408503156510163
1675408503191820371
1675408503251717194
1675408503291979173
1675408503331686100
1675408503376914173
1675408503411676100
1675408503471635944
1675408503511431360
1675408503531779485
1675408503592092506
1675408503632202142
1675408503671635996
1675408503732065683
1675408503771738756
1675408503800001725
1675408503871723235
1675408503911780527
1675408503933325319
1675408503973503756
1675408504031721464
1675408504071748964
1675408504120527558
1675408504171875891
1675408504211572089
1675408504251639902
1675408504295517350
1675408504335829068
1675408504371851725
1675408504432107975
1675408504471869173
1675408504496730214
1675408504551628131
1675408504591831360
1675408504632217818
1675408504692125735
1675408504732080891
1675408504771815422
1675408504817585110
1675408504851900787
1675408504892310422
1675408504951857870
1675408504972914485
1675408505032155110
1675408505072181516
1675408505112193547
1675408505172102401
1675408505212100058
1675408505232185891
1675408505280451256
1675408505351657922
1675408505371812766
1675408505414354276
1675408505471876933
1675408505511857610
1675408505551435266
1675408505601998339
1675408505651353183
1675408505691819016
1675408505732112453
1675408505771610474
1675408505811489380
1675408505871631464
1675408505896035839
1675408505937093235
1675408505991802766
1675408506031353339
1675408506071366932
1675408506132055422
1675408506152153912
1675408506211650630
1675408506252175057
1675408506279170057
1675408506332025786
1675408506371862141
1675408506412479328
1675408506471573286
1675408506512057297
1675408506551910578
1675408506611601828
1675408506651895318
1675408506671511568
1675408506711934328
1675408506771625630
1675408506811590265
1675408506853891828
1675408506912006672
1675408506951622036
1675408506991814640
1675408507032111307
1675408507082325578
1675408507131835890
1675408507171785838
1675408507211799953
1675408507251580474
1675408507296915526
1675408507331821359
1675408507371996463
1675408507431829901
1675408507471795942
1675408507511758807
1675408507564298442
1675408507591919588
1675408507651613390
1675408507692055994
1675408507720060630
1675408507771956151
1675408507812098911
1675408507852174796
1675408507911674171
1675408507952133650
1675408507973470994
1675408508052104484
1675408508091918234
1675408508111982452
1675408508151907713
1675408508211616619
1675408508252259067
1675408508294822452
1675408508351378911
1675408508392273807
1675408508432034692
1675408508472047400
1675408508512254900
1675408508562516827
1675408508611810473
1675408508652121879
1675408508672179588
1675408508736987661
1675408508772073858
1675408508812011306
1675408508871811879
1675408508892011671
1675408508951974171
1675408508991838338
1675408509031923390
1675408509072523233
1675408509112731515
1675408509152406462
1675408509212617608
1675408509251858702
1675408509291975942
1675408509352026619
1675408509391442973
1675408509413987504
1675408509454300681
1675408509512010160
1675408509552024275
1675408509611416671
1675408509652191619
1675408509694214535
1675408509731476879
1675408509775578129
1675408509831457556
1675408509871490473
1675408509911936046
1675408509951779327
1675408509991561306
1675408510051624327
1675408510077344014
1675408510111722243
1675408510171621670
1675408510211319639
1675408510251744170
1675408510311758962
1675408510331520108
1675408510391520785
1675408510431499587
1675408510452168024
1675408510512116306
1675408510552855629
1675408510592216358
1675408510651712712
1675408510691601462
1675408510731748910
1675408510791648285
1675408510831773545
1675408510854373024
1675408510893957087
1675408510951480576
1675408510991577035
1675408511041196878
1675408511091650264
1675408511131915212
1675408511174940993
1675408511215698441
1675408511251811201
1675408511291819899
1675408511351487347
1675408511391690732
1675408511432094847
1675408511472014899
1675408511517423232
1675408511551775472
1675408511611520264
1675408511631438701
1675408511697553232
1675408511731798128
1675408511771802034
1675408511811837659
1675408511859071514
1675408511893443701
1675408511952629743
1675408511992164586
1675408512032051461
1675408512091791774
1675408512131785159
1675408512160580888
1675408512211770628
1675408512251778180
1675408512291992763
1675408512351929534
1675408512392102034
1675408512431282034
1675408512471291826
1675408512531540003
1675408512571767295
1675408512611298805
1675408512656094378
1675408512696571930
1675408512731595055
1675408512791983701
1675408512831872086
1675408512858189169
1675408512911734013
1675408512951692242
1675408512991965940
1675408513051525107
1675408513071747971
1675408513131717555
1675408513171500263
1675408513212024169
1675408513252275575
1675408513311689273
1675408513333050888
1675408513392587763
1675408513431520523
1675408513471962294
1675408513531695211
1675408513553912659
1675408513591896148
1675408513654495107
1675408513691733492
1675408513734089117
1675408513771763700
1675408513831773857
1675408513872177086
1675408513911954898
1675408513963250263
1675408514011842867
1675408514051828336
1675408514092394273
1675408514136108908
1675408514171283440
1675408514231851200
1675408514251683544
1675408514297768231
1675408514352219065
1675408514371576877
1675408514431673023
1675408514477956356
1675408514511808700
1675408514551601200
1675408514611159325
1675408514639959481
1675408514692214481
1675408514732066929
1675408514773037137
1675408514831523231
1675408514872235939
1675408514911949064
1675408514960541773
1675408514993796148
1675408515040481356
1675408515071580731
1675408515131773700
1675408515171738023
1675408515214645627
1675408515271845887
1675408515311965106
1675408515351615835
1675408515391793543
1675408515443133752
1675408515491960314
1675408515532062189
1675408515571928752
1675408515612210991
1675408515657755887
1675408515692274429
1675408515731910783
1675408515791882345
1675408515811408127
1675408515871690574
1675408515911533595
1675408515951892085
1675408515991687137
1675408516031713543
1675408516079552970
1675408516132020106
1675408516171697918
1675408516211335626
1675408516271305470
1675408516311300262
1675408516335917553
1675408516391370106
1675408516434285001
1675408516472053908
1675408516531838491
1675408516571393230
1675408516611337866
1675408516655068230
1675408516711752345
1675408516751396303
1675408516791534741
1675408516831806928
1675408516871585262
1675408516923044116
1675408516971688230
1675408517011619116
1675408517031886459
1675408517091975730
1675408517118081720
1675408517171492814
1675408517211834532
1675408517252063699
1675408517292080053
1675408517351325053
1675408517392054324
1675408517432184532
1675408517472403803
1675408517512037501
1675408517571991720
1675408517611747293
1675408517651944115
1675408517711777761
1675408517741594115
1675408517775003803
1675408517831621459
1675408517871771459
1675408517911808386
1675408517971452032
1675408518011683907
1675408518051855313
1675408518095506407
1675408518136629584
1675408518191704011
1675408518231864949
1675408518271936459
1675408518311895521
1675408518351867813
1675408518412029792
1675408518437601511
1675408518471645574
1675408518531815834
1675408518558521615
1675408518598378907
1675408518651919532
1675408518691628803
1675408518732393386
1675408518772776094
1675408518813304219
1675408518871635209
1675408518912250678
1675408518952223490
1675408519011849844
1675408519053850261
1675408519091457240
1675408519134502292
1675408519171647500
1675408519214692969
1675408519271659896
1675408519311308907
1675408519351627344
1675408519401498959
1675408519451631875
1675408519491411979
1675408519531597865
1675408519576691094
1675408519616666563
1675408519671748386
1675408519711356771
1675408519751605677
1675408519791637448
1675408519831327031
1675408519891316458
1675408519911704583
1675408519971569219
1675408519991355781
1675408520039031562
1675408520091704896
1675408520131349531
1675408520171990104
1675408520212955469
1675408520253520156
1675408520312036406
1675408520351947187
1675408520391744792
1675408520451723073
1675408520491488281
1675408520521229062
1675408520574692552
1675408520611859791
1675408520651729010
1675408520711918698
1675408520751574166
1675408520791375468
1675408520831790573
1675408520891806927
1675408520931856718
1675408520971480104
1675408521016606250
1675408521056973177
1675408521091580104
1675408521131473489
1675408521191436250
1675408521217534479
1675408521271991093
1675408521291885416
1675408521371589895
1675408521391439166
1675408521431681614
1675408521472284895
1675408521518978489
1675408521571323697
1675408521611649635
1675408521651968645
1675408521694264583
1675408521752077812
1675408521791449843
1675408521840297083
1675408521891824010
1675408521914475312
1675408521951832499
1675408522014960416
1675408522051819947
1675408522091839270
1675408522151822395
1675408522191842447
1675408522231776510
1675408522271647291
1675408522312045468
1675408522371641093
1675408522411350207
1675408522452282864
1675408522497049999
1675408522536350572
1675408522571692812
1675408522631709999
1675408522658583801
1675408522711554270
1675408522731731145
1675408522772621457
1675408522831398489
1675408522871445520
1675408522912138384
1675408522952220051
1675408523000414791
1675408523051948905
1675408523092006197
1675408523133807343
1675408523191652186
1675408523231339790
1675408523271526665
1675408523321494530
1675408523354780051
1675408523391772655
1675408523451558384
1675408523491528020
1675408523531786301
1675408523575560519
1675408523631502186
1675408523671625676
1675408523711796405
1675408523751696874
1675408523791981144
1675408523851378436
1675408523871808436
1675408523931625363
1675408523971843436
1675408524011817446
1675408524071744842
1675408524111833071
1675408524132466092
1675408524172394425
1675408524212491613
1675408524252615311
1675408524311850623
1675408524351688332
1675408524391937134
1675408524431958332
1675408524494240259
1675408524533724790
1675408524572012394
1675408524631844790
1675408524671359738
1675408524697851717
1675408524751599425
1675408524795307654
1675408524831591092
1675408524871478123
1675408524931226665
1675408524971257238
1675408525011568540
1675408525071137446
1675408525111416717
1675408525151382915
1675408525191786404
1675408525231844894
1675408525271304373
1675408525311647029
1675408525371580415
1675408525404235415
1675408525451469008
1675408525478633956
1675408525551585883
1675408525571250467
1675408525612651665
1675408525652321196
1675408525692763123
1675408525751455362
1675408525791841664
1675408525832026560
1675408525871448956
1675408525931697758
1675408525974431196
1675408526011466404
1675408526071346873
1675408526102126352
1675408526138356248
1675408526191537654
1675408526231556664
1675408526281945102
1675408526311475050
1675408526371628904
1675408526411373487
1675408526455892602
1675408526497115727
1675408526551604477
1675408526591382497
1675408526611652914
1675408526671675883
1675408526711453852
1675408526751484581
1675408526811349424
1675408526851453227
1675408526871272029
1675408526918568799
1675408526959558852
1675408527011152341
1675408527051578226
1675408527093466924
1675408527133031924
1675408527173835726
1675408527232266716
1675408527280728435
1675408527331465726
1675408527371411039
1675408527414455674
1675408527451699685
1675408527495240518
1675408527531773643
1675408527575766455
1675408527631740310
1675408527671580101
1675408527711529007
1675408527762798070
1675408527811479841
1675408527851443174
1675408527891336559
1675408527938058747
1675408527977604632
1675408528031508278
1675408528051521247
1675408528111300101
1675408528151676039
1675408528191705830
1675408528251545466
1675408528291667393
1675408528311522653
1675408528351608382
1675408528399854111
1675408528439370518
1675408528491393278
1675408528531764997
1675408528573558486
1675408528613892601
1675408528671693434
1675408528711541090
1675408528754448799
1675408528811268695
1675408528851579736
1675408528881837236
1675408528935792340
1675408528971526663
1675408529015161038
1675408529058583538
1675408529111509215
1675408529151698330
1675408529191078746
1675408529252017392
1675408529291366038
1675408529331863799
1675408529352222913
1675408529411847965
1675408529451740517
1675408529491403694
1675408529550975465
1675408529591614944
1675408529612301194
1675408529652411403
1675408529731583278
1675408529751623278
1675408529791954944
1675408529831958642
1675408529880243694
1675408529931515257
1675408529974618538
1675408530031326090
1675408530071497548
1675408530111980465
1675408530151612652
1675408530191732652
1675408530251529579
1675408530275239423
1675408530321877340
1675408530375689840
1675408530411540881
1675408530451447079
1675408530511230152
1675408530551471975
1675408530591708798
1675408530631205256
1675408530672201454
1675408530731397965
1675408530771240204
1675408530804689163
1675408530851376298
1675408530891675881
1675408530931158433
1675408530991284267
1675408531031257340
1675408531059178902
1675408531092376246
1675408531132924944
1675408531191272131
1675408531231384214
1675408531271817079
1675408531311901767
1675408531361133225
1675408531414409944
1675408531454658381
1675408531511586766
1675408531551797548
1675408531591628069
1675408531631418641
1675408531682064891
1675408531715560204
1675408531751747860
1675408531811272652
1675408531851244527
1675408531891044631
1675408531936241714
1675408531991500204
1675408532031460047
1675408532071411037
1675408532091665672
1675408532151814839
1675408532191793172
1675408532231183693
1675408532291472912
1675408532331734839
1675408532358760516
1675408532431704318
1675408532471261141
1675408532493123381
1675408532532591037
1675408532572883016
1675408532613337026
1675408532671916193
1675408532731175047
1675408532771780308
1675408532811443641
1675408532854667599
1675408532895304266
1675408532931171974
1675408532991917599
1675408533031334266
1675408533055685880
1675408533111692339
1675408533155724474
1675408533191871818
1675408533251431610
1675408533291916193
1675408533331369318
1675408533377182234
1675408533431274682
1675408533471846974
1675408533511451193
1675408533537956245
1675408533591741089
1675408533631001818
1675408533671468432
1675408533731419526
1675408533771502234
1675408533798785307
1675408533839099786
1675408533911067963
1675408533931077026
1675408533973128432
1675408534031128640
1675408534071475515
1675408534111706713
1675408534161125307
1675408534211602338
1675408534251302338
1675408534291681557
1675408534335155099
1675408534371194786
1675408534431596609
1675408534451150567
1675408534496065724
1675408534551414213
1675408534591059526
1675408534631656713
1675408534671190567
1675408534731393744
1675408534771274005
1675408534811889213
1675408534838272494
1675408534891528536
1675408534931965567
1675408534971990984
1675408535031663067
1675408535071239317
1675408535111653484
1675408535171417755
1675408535211895098
1675408535231730515
1675408535279474421
1675408535319730515
1675408535371575775
1675408535411652859
1675408535471414213
1675408535511598327
1675408535551522025
1675408535591687911
1675408535641549109
1675408535691118275
1675408535731669421
1675408535771439786
1675408535811202598
1675408535855639421
1675408535891420463
1675408535936075202
1675408535991592963
1675408536031205931
1675408536070984890
1675408536122982546
1675408536171429890
1675408536211406921
1675408536251299994
1675408536277788171
1675408536331929890
1675408536371841244
1675408536411212806
1675408536470956817
1675408536510977650
1675408536532750983
1675408536611198431
1675408536651587754
1675408536671423587
1675408536711304994
1675408536771421764
1675408536811223483
1675408536853296452
1675408536911103431
1675408536951322181
1675408536991165879
1675408537031388848
1675408537071610098
1675408537121388118
1675408537171298014
1675408537211382910
1675408537231123066
1675408537295770618
1675408537331279368
1675408537375821087
1675408537418365045
1675408537470977910
1675408537511390462
1675408537551405670
1675408537591191868
1675408537637919577
1675408537691113170
1675408537711641243
1675408537772241243
1675408537811140462
1675408537851189160
1675408537910902545
1675408537951685722
1675408537972528431
1675408538012917441
1675408538091095722
1675408538111459681
1675408538151450045
1675408538211567181
1675408538251604316
1675408538293886295
1675408538334815931
1675408538391372233
1675408538431370358
1675408538471637545
1675408538511572649
1675408538551524055
1675408538611792805
1675408538642110201
1675408538671626555
1675408538731206035
1675408538771635774
1675408538811698482
1675408538871570670
1675408538911582441
1675408538951776920
1675408538991384941
1675408539011817753
1675408539071840253
1675408539111875566
1675408539152152232
1675408539211145201
1675408539251638951
1675408539291424420
1675408539351571034
1675408539391275357
1675408539413204055
1675408539453140722
1675408539511325253
1675408539551118743
1675408539600386815
1675408539651348430
1675408539691523117
1675408539733774211
1675408539774972440
1675408539815358013
1675408539871520670
1675408539911373117
1675408539951102336
1675408539991096711
1675408540031288742
1675408540076859472
1675408540111413065
1675408540171586503
1675408540211020930
1675408540251102961
1675408540297132388
1675408540331209836
1675408540391325461
1675408540431391398
1675408540451641815
1675408540511992805
1675408540552168065
1675408540591228221
1675408540650976190
1675408540691342128
1675408540719669315
1675408540791009159
1675408540831060044
1675408540851301763
1675408540893648221
1675408540951247127
1675408540991069784
1675408541040318638
1675408541091293013
1675408541130860096
1675408541171135304
1675408541214937752
1675408541255529523
1675408541291461554
1675408541351491346
1675408541391330877
1675408541416087856
1675408541471234731
1675408541511509106
1675408541551351815
1675408541611128690
1675408541630958325
1675408541691540044
1675408541731804158
1675408541771458585
1675408541811508846
1675408541858503950
1675408541891991398
1675408541951961450
1675408541991407440
1675408542031165669
1675408542091528169
1675408542131074992
1675408542151655512
1675408542199914314
1675408542251690304
1675408542291247075
1675408542351186658
1675408542391075773
1675408542431014523
1675408542471232179
1675408542521672543
1675408542570843533
1675408542611210304
1675408542651545773
1675408542691059158
1675408542730994262
1675408542791220512
1675408542811006606
1675408542856879575
1675408542911196450
1675408542951219366
1675408542991244106
1675408543050996554
1675408543071679262
1675408543131039106
1675408543171167543
1675408543198585564
1675408543251613324
1675408543291774002
1675408543332654627
1675408543391423793
1675408543431301658
1675408543471368116
1675408543531505876
1675408543571363689
1675408543591533793
1675408543631561397
1675408543691345460
1675408543731546918
1675408543774435512
1675408543831405876
1675408543871683324
1675408543911507543
1675408543951504418
1675408544002486814
1675408544051185668
1675408544090988532
1675408544131476449
1675408544171204626
1675408544216713480
1675408544251288272
1675408544291025095
1675408544350783428
1675408544371589053
1675408544431245355
1675408544477225512
1675408544511549626
1675408544551336970
1675408544592043689
1675408544638832595
1675408544691560355
1675408544731407230
1675408544771146449
1675408544831114053
