1675401824361025907
1675401824560922470
1675401824764649970
1675401824963433980
1675401825165016636
1675401825374838042
1675401825573566167
1675401825773221844
1675401825974875282
1675401826173830855
1675401826368884917
1675401826580658094
1675401826778831271
1675401826978775125
1675401827178911167
1675401827375837625
1675401827586183198
1675401827786201166
1675401827966328146
1675401828168201218
1675401828366298354
1675401828561484656
1675401828774823093
1675401828971823978
1675401829171073510
1675401829372062364
1675401829572415228
1675401829781573353
1675401829980925645
1675401830181782832
1675401830380860020
1675401830580834342
1675401830776962832
1675401830986133144
1675401831186132259
1675401831386112728
1675401831565703092
1675401831766187415
1675401831975983925
1675401832175837883
1675401832376655383
1675401832576147779
1675401832776713925
1675401832972697623
1675401833181954446
1675401833382023352
1675401833582550227
1675401833782568872
1675401833982106737
1675401834191685799
1675401834391608976
1675401834591423195
1675401834791538039
1675401834991445851
1675401835186245851
1675401835377029393
1675401835575934809
1675401835776987674
1675401835976495330
1675401836176379080
1675401836386914340
1675401836587501892
1675401836787209080
1675401836985761632
1675401837186959652
1675401837382503090
1675401837591867308
1675401837792736579
1675401837991571840
1675401838192178558
1675401838391726996
1675401838601211579
1675401838800515641
1675401838981698506
1675401839181327881
1675401839381763141
1675401839577050641
1675401839786441474
1675401839986926162
1675401840186697464
1675401840386237724
1675401840586295537
1675401840796771109
1675401840995261943
1675401841195402568
1675401841395396890
1675401841595219234
1675401841790851526
1675401842001180588
1675401842200673296
1675401842400678557
1675401842600426994
1675401842780733192
1675401842980740952
1675401843190564442
1675401843390443973
1675401843591126525
1675401843791128087
1675401843985683191
1675401844195238764
1675401844396692618
1675401844595420795
1675401844795960587
1675401844995201577
1675401845195316993
1675401845405331056
1675401845605835483
1675401845805450014
1675401846005338816
1675401846200826159
1675401846390349232
1675401846590675274
1675401846790773503
1675401846990734232
1675401847190377409
1675401847390651315
1675401847600091784
1675401847800437930
1675401848000865534
1675401848200387304
1675401848396506575
1675401848606108086
1675401848806235950
1675401849006280325
1675401849206123814
1675401849405831262
1675401849605521783
1675401849816798137
1675401850017407095
1675401850197451679
1675401850399105429
1675401850590963762
1675401850801611418
1675401851001437408
1675401851200413605
1675401851400582616
1675401851600218605
1675401851800315011
1675401852011302824
1675401852210553084
1675401852411941678
1675401852610624074
1675401852805730271
1675401853017267928
1675401853218163605
1675401853418276990
1675401853619653917
1675401853796925219
1675401853995649333
1675401854207384073
1675401854405963969
1675401854604889281
1675401854806264385
1675401855001144802
1675401855212532927
1675401855411491625
1675401855610928812
1675401855811100062
1675401856011138031
1675401856213399749
1675401856420507562
1675401856620555947
1675401856820981520
1675401857021074280
1675401857215797041
1675401857425435947
1675401857605874384
1675401857806453551
1675401858006140374
1675401858205648394
1675401858405713342
1675401858614907457
1675401858816428030
1675401859015380009
1675401859215701467
1675401859410564592
1675401859621168238
1675401859821448967
1675401860020832404
1675401860220625477
1675401860420801206
1675401860621124748
1675401860832669643
1675401861032875060
1675401861210407143
1675401861411265789
1675401861605941414
1675401861807167247
1675401862016637872
1675401862217034122
1675401862415939851
1675401862615488184
1675401862816273549
1675401863025623288
1675401863226104747
1675401863426297038
1675401863625495996
1675401863821037611
1675401864021296205
1675401864230928913
1675401864431083132
1675401864630795892
1675401864830852194
1675401865011393236
1675401865220511673
1675401865420510735
1675401865620695319
1675401865820311464
1675401866016124225
1675401866216248027
1675401866425997193
1675401866625485370
1675401866825393860
1675401867025759693
1675401867225191620
1675401867436505995
1675401867636187818
1675401867836529589
1675401868035750578
1675401868231373755
1675401868430783390
1675401868620770370
1675401868820574745
1675401869020692713
1675401869220626880
1675401869420435890
1675401869630570994
1675401869831467817
1675401870030853963
1675401870230385004
1675401870425929275
1675401870626121515
1675401870836084431
1675401871036012139
1675401871235632973
1675401871436395056
1675401871636383389
1675401871846178754
1675401872047574535
1675401872245546410
1675401872426039326
1675401872621816878
1675401872821852972
1675401873031581045
1675401873231909274
1675401873431594430
1675401873632356201
1675401873833300368
1675401874043003909
1675401874241350263
1675401874440423232
1675401874644558753
1675401874835387138
1675401875035338492
1675401875245612815
1675401875447830107
1675401875647509221
1675401875845853283
1675401876026018492
1675401876236151304
1675401876435973752
1675401876635424533
1675401876834806721
1675401877030259741
1675401877232589168
1675401877441088075
1675401877641112918
1675401877841415314
1675401878041475262
1675401878241286147
1675401878451214689
1675401878652155262
1675401878854042137
1675401879050364220
1675401879246359741
1675401879447046355
1675401879656923699
1675401879836326407
1675401880035859115
1675401880236228907
1675401880437398125
1675401880636241355
1675401880848281250
1675401881045753959
1675401881245875313
1675401881440697188
1675401881640863490
1675401881851195521
1675401882054198854
1675401882251285104
1675401882450617916
1675401882650758437
1675401882850770104
1675401883060261979
1675401883260987708
1675401883441774531
1675401883638416406
1675401883838266458
1675401884046610468
1675401884247511978
1675401884448401666
1675401884648672082
1675401884845776457
1675401885045331613
1675401885255981561
1675401885455307134
1675401885655208071
1675401885851573488
1675401886051284113
1675401886261200832
1675401886460704217
1675401886660666509
1675401886860659946
1675401887061456352
1675401887240319269
1675401887450827654
1675401887650607081
1675401887850176873
1675401888046558331
1675401888246153591
1675401888456715883
1675401888656989633
1675401888857264945
1675401889057883799
1675401889255828903
1675401889457654789
1675401889666001403
1675401889865908486
1675401890065194216
1675401890260147757
1675401890464916924
1675401890671371924
1675401890850270778
1675401891050716455
1675401891250484111
1675401891450484892
1675401891650626715
1675401891860735777
1675401892060698121
1675401892263501402
1675401892458301506
1675401892655409215
1675401892865383017
1675401893065855048
1675401893265800569
1675401893465660256
1675401893665813798
1675401893865433329
1675401894075530829
1675401894275573693
1675401894475535203
1675401894651188328
1675401894852760880
1675401895061565151
1675401895261578276
1675401895460173380
1675401895663047338
1675401895861085359
1675401896061072547
1675401896270767963
1675401896470317338
1675401896670189786
1675401896865450984
1675401897066023692
1675401897275761452
1675401897475619265
1675401897676155567
1675401897876147233
1675401898075416765
1675401898256068640
1675401898465674525
1675401898666032910
1675401898866218014
1675401899060713014
1675401899261410722
1675401899460207597
1675401899670858587
1675401899870901868
1675401900070930305
1675401900270825670
1675401900471106139
1675401900681276972
1675401900883011086
1675401901082757597
1675401901278321815
1675401901478414420
1675401901675543534
1675401901885674107
1675401902065886815
1675401902266165721
1675401902465788117
1675401902665810409
1675401902875988586
1675401903075890200
1675401903275960669
1675401903473488898
1675401903673758273
1675401903870896346
1675401904081084262
1675401904281215825
1675401904480691398
1675401904681020304
1675401904880878324
1675401905090062752
1675401905290010981
1675401905490882439
1675401905666160824
1675401905866265668
1675401906064906970
1675401906276080772
1675401906476202751
1675401906675645615
1675401906875959157
1675401907075646136
1675401907285446605
1675401907485436813
1675401907685584886
1675401907880495407
1675401908082220511
1675401908282030875
1675401908490531604
1675401908690291813
1675401908890816135
1675401909090679521
1675401909290639052
1675401909480879937
1675401909680906239
1675401909880593843
1675401910076080770
1675401910275777385
1675401910475407124
1675401910685659676
1675401910885566239
1675401911084930197
1675401911285638791
1675401911485377437
1675401911695078686
1675401911895439832
1675401912095527436
1675401912290807384
1675401912491360770
1675401912691282280
1675401912900483321
1675401913080875248
1675401913280374571
1675401913480746498
1675401913681190404
1675401913890722540
