1675401824237525751
1675401824297266480
1675401824337517418
1675401824365197522
1675401824405409918
1675401824456591220
1675401824496996272
1675401824556482574
1675401824596536636
1675401824636344553
1675401824677373928
1675401824728624501
1675401824778229188
1675401824816498251
1675401824856910699
1675401824897097782
1675401824938416636
1675401824981964084
1675401825036577626
1675401825061726324
1675401825116636949
1675401825136939397
1675401825188990647
1675401825248258876
1675401825276626897
1675401825316872365
1675401825363089032
1675401825403743511
1675401825456620386
1675401825497204032
1675401825539105751
1675401825597159761
1675401825636467990
1675401825676637105
1675401825724668094
1675401825764804709
1675401825797531167
1675401825858516480
1675401825897424188
1675401825938846896
1675401825976939032
1675401826036932469
1675401826077030438
1675401826117848146
1675401826158930750
1675401826208060646
1675401826256478771
1675401826297950490
1675401826336637365
1675401826376798042
1675401826401942782
1675401826477799813
1675401826504450646
1675401826557450594
1675401826578304344
1675401826617584709
1675401826676531011
1675401826719095333
1675401826757048563
1675401826800112000
1675401826843512677
1675401826898330281
1675401826939445854
1675401826997877677
1675401827036270281
1675401827077072260
1675401827105507990
1675401827165056479
1675401827205329031
1675401827238207469
1675401827277023562
1675401827341813927
1675401827379274396
1675401827416369031
1675401827476409448
1675401827516759708
1675401827556989916
1675401827597149760
1675401827636974760
1675401827696181896
1675401827716508041
1675401827776959187
1675401827808433614
1675401827856686375
1675401827882163823
1675401827957125333
1675401827977078093
1675401828016516323
1675401828057026218
1675401828096874448
1675401828156696948
1675401828196775437
1675401828237019656
1675401828277238562
1675401828338095802
1675401828377991739
1675401828416507937
1675401828476142416
1675401828504823458
1675401828539152729
1675401828596300437
1675401828639350385
1675401828685435958
1675401828717190124
1675401828776653093
1675401828816566531
1675401828856564239
1675401828900766426
1675401828956814343
1675401828996739708
1675401829037119760
1675401829076998718
1675401829116445905
1675401829156799708
1675401829216658458
1675401829236669343
1675401829296490385
1675401829322413249
1675401829362985176
1675401829416472260
1675401829456754812
1675401829497268874
1675401829537776947
1675401829577647312
1675401829644256270
1675401829685076582
1675401829737427364
1675401829777729239
1675401829817548614
1675401829856360489
1675401829898708978
1675401829945512259
1675401829981013822
1675401830023157884
1675401830076786843
1675401830117018041
1675401830176805228
1675401830216604030
1675401830256596009
1675401830300018665
1675401830341239655
1675401830380979343
1675401830436543509
1675401830457013561
1675401830516847363
1675401830557460384
1675401830596436842
1675401830656859551
1675401830696985957
1675401830716982936
1675401830763049030
1675401830802560853
1675401830856578613
1675401830897039915
1675401830937185436
1675401830977262467
1675401831017333926
1675401831077038301
1675401831124961582
1675401831157132363
1675401831216419134
1675401831256364967
1675401831285162884
1675401831339126478
1675401831377252155
1675401831419264394
1675401831476896894
1675401831516789394
1675401831556590332
1675401831605925644
1675401831656484342
1675401831696660592
1675401831736489863
1675401831781444654
1675401831821076894
1675401831876366009
1675401831896576113
1675401831956655852
1675401831996551217
1675401832016401425
1675401832069008717
1675401832136717519
1675401832156529863
1675401832196215904
1675401832243252519
1675401832283888508
1675401832337788613
1675401832378377988
1675401832436325748
1675401832477328508
1675401832517185227
1675401832557312519
1675401832604170800
1675401832656282258
1675401832680064915
1675401832734792935
1675401832766466008
1675401832816262414
1675401832856526789
1675401832916910175
1675401832957272935
1675401832996401946
1675401833036750071
1675401833088442310
1675401833137428196
1675401833176449289
1675401833196650487
1675401833256773560
1675401833296895643
1675401833336858560
1675401833396584550
1675401833436592362
1675401833456698404
1675401833497018560
1675401833550861581
1675401833596396529
1675401833636796060
1675401833677069393
1675401833724002050
1675401833764656060
1675401833817515070
1675401833857733612
1675401833917557570
1675401833956981529
1675401833996375643
1675401834036602570
1675401834086334654
1675401834119372466
1675401834157510591
1675401834219339341
1675401834256598195
1675401834296967726
1675401834357003560
1675401834396904966
1675401834436687570
1675401834476514601
1675401834497373560
1675401834561602310
1675401834601866268
1675401834636759028
1675401834696909810
1675401834737047049
1675401834762430278
1675401834836258091
1675401834876116007
1675401834897429757
1675401834936793976
1675401834977594028
1675401835036712205
1675401835076420955
1675401835136968351
1675401835177179289
1675401835216815278
1675401835257794184
1675401835298533455
1675401835356744132
1675401835396519080
1675401835436277518
1675401835460582049
1675401835497035903
1675401835560563455
1675401835596372361
1675401835656495434
1675401835696298663
1675401835736793351
1675401835779982570
1675401835836395330
1675401835876720747
1675401835916770851
1675401835942899549
1675401835996622205
1675401836041658611
1675401836088315382
1675401836136606788
1675401836177334809
1675401836202234861
1675401836242662674
1675401836316594236
1675401836336901840
1675401836377533819
1675401836416787778
1675401836456899601
1675401836517078298
1675401836565548663
1675401836616661580
1675401836656618298
1675401836699149757
1675401836739158923
1675401836777198559
1675401836836323611
1675401836865890486
1675401836899553403
1675401836956935069
1675401836999720277
1675401837036328455
1675401837096536475
1675401837136867569
1675401837176824027
1675401837219923402
1675401837241317465
1675401837297995277
1675401837349211736
1675401837377372309
1675401837437002569
1675401837477324236
1675401837517175069
1675401837577509756
1675401837616446319
1675401837636366840
1675401837683079183
1675401837724403454
1675401837777510486
1675401837816718506
1675401837876613194
1675401837916731840
1675401837957316267
1675401838005077360
1675401838044748767
1675401838097311527
1675401838137684027
1675401838179664652
1675401838216312517
1675401838259370798
1675401838296410902
1675401838340143975
1675401838397006371
1675401838436348871
1675401838486472933
1675401838516379444
1675401838576306162
1675401838616455694
1675401838660573037
1675401838681628610
1675401838737506371
1675401838777284443
1675401838816904600
1675401838876760954
1675401838916585850
1675401838936654235
1675401839016216423
1675401839056746370
1675401839076635120
1675401839122894652
1675401839164062881
1675401839216267829
1675401839256348766
1675401839316583922
1675401839356640433
1675401839396775381
1675401839436667152
1675401839484936683
1675401839536379495
1675401839576674235
1675401839616207047
1675401839654813818
1675401839696738245
1675401839736710954
1675401839776860172
1675401839836318506
1675401839876547464
1675401839916302047
1675401839967559703
1675401839996814443
1675401840041221526
1675401840096893922
1675401840122197464
1675401840176676005
1675401840216705328
1675401840256512568
1675401840316368610
1675401840356617047
1675401840376823349
1675401840416256578
1675401840496147984
1675401840516591891
1675401840556775224
1675401840616426630
1675401840656459964
1675401840696961630
1675401840737931943
1675401840796766943
1675401840836248141
1675401840876577307
1675401840916300536
1675401840956388036
1675401841016408505
1675401841039146213
1675401841076166370
1675401841126173661
1675401841176235068
1675401841216238505
1675401841275972463
1675401841315981005
1675401841356339442
1675401841396284390
1675401841428148870
1675401841481741526
1675401841521794130
1675401841556514807
1675401841616493192
1675401841656446994
1675401841696276578
1675401841756593609
1675401841796597307
1675401841816358036
1675401841856411317
1675401841896665328
1675401841956628869
1675401841996580640
1675401842056316265
1675401842096605744
1675401842137352203
1675401842178480275
1675401842218257723
1675401842276324859
1675401842316761265
1675401842356229598
1675401842396935640
1675401842446127463
1675401842479801265
1675401842516744494
1675401842576605223
1675401842616274859
1675401842656305171
1675401842716471942
1675401842736873088
1675401842796390379
1675401842836449494
1675401842856586838
1675401842917017254
1675401842956910952
1675401842996655536
1675401843056120952
1675401843096174806
1675401843123156161
1675401843196533921
1675401843236309754
1675401843256674338
1675401843296993973
1675401843356323504
1675401843396374806
1675401843443671004
1675401843496675587
1675401843536531890
1675401843578348817
1675401843618850067
1675401843656413765
1675401843696957567
1675401843756586733
1675401843796850483
1675401843819445014
1675401843876633608
1675401843920483556
1675401843956306108
1675401844016198816
1675401844056573244
1675401844096183139
1675401844136568712
1675401844176233035
1675401844228012306
1675401844276235900
1675401844296494441
1675401844357060952
1675401844397093139
1675401844436112254
1675401844496215639
1675401844536253139
1675401844563413035
1675401844603242879
1675401844676143608
1675401844696224806
1675401844737311837
1675401844797176733
1675401844836175066
1675401844884041472
1675401844924838868
1675401844976384649
1675401845016181889
1675401845058917358
1675401845098760170
1675401845136483399
1675401845196489910
1675401845226175431
1675401845260049962
1675401845316636212
1675401845356736993
1675401845396704233
1675401845456422253
1675401845476301212
1675401845536020691
1675401845576453868
1675401845602015899
1675401845656673868
1675401845702612566
1675401845737019076
1675401845796884857
1675401845836314285
1675401845876321472
1675401845936635326
1675401845976042201
1675401845996741264
1675401846043413087
1675401846096227409
1675401846136892357
1675401846176746628
1675401846236271576
1675401846276392826
1675401846316223920
1675401846365961993
1675401846405698347
1675401846456238763
1675401846497121316
1675401846539672097
1675401846575980847
1675401846619756784
1675401846656482826
1675401846700678451
1675401846756441368
1675401846796431888
1675401846836435222
1675401846896161784
1675401846916689232
1675401846976677461
1675401847016166003
1675401847042160847
1675401847096603555
1675401847136986732
1675401847176934492
1675401847236435638
1675401847276345065
1675401847296337669
1675401847363665169
1675401847397021367
1675401847436416888
1675401847496283555
1675401847537040326
1675401847576419492
1675401847616370951
1675401847676027617
1675401847716651315
1675401847756359648
1675401847796497669
1675401847845518659
1675401847895893138
1675401847936427409
1675401847976581159
1675401848016334388
1675401848039943242
1675401848096412617
1675401848136264440
1675401848196419440
1675401848216332200
1675401848276437669
1675401848316361679
1675401848356721575
1675401848397317461
1675401848436466992
1675401848482397929
1675401848536981731
1675401848577170481
1675401848616619804
1675401848676316888
1675401848716701106
1675401848737278138
1675401848777332617
1675401848837217044
1675401848876203502
1675401848936388867
1675401848976652408
1675401849016888346
1675401849057681158
1675401849098771002
1675401849156527721
1675401849196851627
1675401849236561106
1675401849276366106
1675401849325718137
1675401849376432721
1675401849406812877
1675401849436320794
1675401849500511158
1675401849536041314
1675401849576376471
1675401849635999960
1675401849656294335
1675401849715974023
1675401849756423137
1675401849788789283
1675401849836540481
1675401849876340377
1675401849916446366
1675401849976449960
1675401850016541158
1675401850056250377
1675401850095920845
1675401850143765897
1675401850183867512
1675401850217644960
1675401850275942095
1675401850317450064
1675401850357919179
1675401850416118606
1675401850455934595
1675401850496221314
1675401850539446210
1675401850576761001
1675401850619547199
1675401850676261626
1675401850715934751
1675401850756615220
1675401850794054908
1675401850840752095
1675401850882709960
1675401850916171210
1675401850961254439
1675401851020905272
1675401851056229960
1675401851096090220
1675401851136441314
1675401851182138918
1675401851216535272
1675401851276559647
1675401851316403397
1675401851356791418
1675401851416243293
1675401851456436209
1675401851483665897
1675401851536229334
1675401851576395324
1675401851618068918
1675401851662766886
1675401851716269022
1675401851755894334
1675401851796599543
1675401851856158709
1675401851896210845
1675401851938213657
1675401851979873761
1675401852019838345
1675401852075716001
1675401852115955740
1675401852156364751
1675401852180963293
1675401852236196001
1675401852287044699
1675401852320601938
1675401852356685272
1675401852396312407
1675401852442148292
1675401852496224074
1675401852535883240
1675401852576793501
1675401852616723813
1675401852656533501
1675401852716353865
1675401852756894021
1675401852796385584
1675401852856409699
1675401852876919803
1675401852924531834
1675401852977301626
1675401853017382094
1675401853056718501
1675401853104176938
1675401853157829698
1675401853196320792
1675401853236941417
1675401853285249125
1675401853319732823
1675401853356971625
1675401853419913813
1675401853456394282
1675401853496057042
1675401853559071521
1675401853592306886
1675401853627661573
1675401853660448657
1675401853695943396
1675401853767358865
1675401853798399594
1675401853836048656
1675401853876191729
1675401853936169229
1675401853963008188
1675401854017785948
1675401854055874646
1675401854096703500
1675401854156998865
1675401854196135531
1675401854236173448
1675401854283837198
1675401854317210271
1675401854364318917
1675401854406048656
1675401854456077510
1675401854496088656
1675401854556274177
1675401854596468917
1675401854636173604
1675401854676455219
1675401854716785114
1675401854766611417
1675401854815982979
1675401854856084333
1675401854896000479
1675401854936388812
1675401854976112614
1675401855036020948
1675401855064839594
1675401855102711781
1675401855136147406
1675401855176582146
1675401855247612302
1675401855276038291
1675401855316305479
1675401855356962614
1675401855403620687
1675401855456244125
1675401855496217406
1675401855536989229
1675401855596111260
1675401855636042354
1675401855663436937
1675401855723905479
1675401855764300583
1675401855796247666
1675401855836291312
1675401855897706416
1675401855936159385
1675401855976449072
1675401856036083551
1675401856075884697
1675401856116026676
1675401856156578135
1675401856199707145
1675401856236901416
1675401856295854176
1675401856336024176
1675401856371575166
1675401856416485895
1675401856440829749
1675401856496167562
1675401856547685426
1675401856576080374
1675401856616569385
1675401856676401520
1675401856716294437
1675401856756816572
1675401856797109541
1675401856836443447
1675401856896599437
1675401856936546520
1675401856976476051
1675401857036374384
1675401857063901155
1675401857097601884
1675401857156287457
1675401857198329020
1675401857236012145
1675401857296011468
1675401857335787666
1675401857376575113
1675401857416235270
1675401857459556311
1675401857516252770
1675401857556542093
1675401857596149436
1675401857636538134
1675401857686260947
1675401857716461415
1675401857776740374
1675401857796107353
1675401857855856467
1675401857881156051
1675401857921459332
1675401857976377197
1675401858016640113
1675401858056247353
1675401858096414436
1675401858136556728
1675401858196339592
1675401858236413186
1675401858276700686
1675401858336853082
1675401858376573863
1675401858416345113
1675401858457873186
1675401858504311832
1675401858538918290
1675401858582757821
1675401858635984488
1675401858676038186
1675401858735798394
1675401858777092144
1675401858816247821
1675401858858554748
1675401858899492092
1675401858936764644
1675401858976412144
1675401859036271154
1675401859075848290
1675401859116007196
1675401859155851207
1675401859216131884
1675401859235978081
1675401859296089904
1675401859322091206
1675401859362306363
1675401859416605894
1675401859456307977
1675401859496240686
1675401859536733186
1675401859576631988
1675401859636511415
1675401859676520373
1675401859717008446
1675401859776401258
1675401859817286935
1675401859851835790
1675401859896024540
1675401859936197508
1675401859978844019
1675401860036164800
1675401860076039852
1675401860116304071
1675401860165422977
1675401860215799331
1675401860256000060
1675401860296074019
1675401860339998914
1675401860380608498
1675401860435847300
1675401860455684800
1675401860516287404
1675401860541033810
1675401860596474331
1675401860627937248
1675401860695923810
1675401860727572352
1675401860756491102
1675401860802011154
1675401860842927143
1675401860896177977
1675401860936173029
1675401860977991102
1675401861016978341
1675401861076351570
1675401861116194383
1675401861163356466
1675401861216540581
1675401861237549070
1675401861284687612
1675401861338173289
1675401861376070268
1675401861416386622
1675401861476128341
1675401861515971570
1675401861556198237
1675401861596424539
1675401861645911362
1675401861679618549
1675401861719741883
1675401861776687560
1675401861816920060
1675401861855889955
1675401861896836987
1675401861956186570
1675401861987041674
1675401862023092091
1675401862055945580
1675401862109004643
1675401862168022299
1675401862195902195
1675401862236511153
1675401862282277872
1675401862322996882
1675401862377303237
1675401862416346726
1675401862456997768
1675401862516287507
1675401862556438497
1675401862595720111
1675401862644577820
1675401862677823914
1675401862715936518
1675401862778340580
1675401862816666257
1675401862855873913
1675401862915912559
1675401862956152872
1675401862996350788
1675401863036368757
1675401863076216622
1675401863126821934
1675401863175997924
1675401863196815945
1675401863256075215
1675401863296096726
1675401863336508497
1675401863396279434
1675401863436375319
1675401863455756622
1675401863495884226
1675401863536300892
1675401863596420163
1675401863635883549
1675401863676332142
1675401863716474486
1675401863764110267
1675401863816992611
1675401863856964017
1675401863915829278
1675401863956367871
1675401863996366882
1675401864018310007
1675401864084894642
1675401864118360475
1675401864156319017
1675401864216228861
1675401864255864746
1675401864296064746
1675401864338679017
1675401864396569330
1675401864436324694
1675401864476147819
1675401864516206673
1675401864556186569
1675401864596876204
1675401864636065736
1675401864696067871
1675401864728154694
1675401864776218913
1675401864801979277
1675401864875967871
1675401864896773809
1675401864936182454
1675401864976292194
1675401865016782975
1675401865075961881
1675401865116314069
1675401865156111569
1675401865196730996
1675401865257115631
1675401865297439381
1675401865335890683
1675401865396611933
1675401865424893392
1675401865458128183
1675401865516033652
1675401865558912662
1675401865596353444
1675401865655823131
1675401865696025006
1675401865735997402
1675401865779234850
1675401865820154381
1675401865876240996
1675401865915914798
1675401865936603079
1675401865996991048
1675401866035871048
1675401866075911152
1675401866136080475
1675401866176093600
1675401866214011048
1675401866241679277
1675401866282172558
1675401866336173339
1675401866376024381
1675401866416500683
1675401866456258912
1675401866496742558
1675401866563477818
1675401866604594902
1675401866655815995
1675401866696269224
1675401866737426152
1675401866776264849
1675401866818415006
1675401866864722558
1675401866898642610
1675401866956100839
1675401866996578756
1675401867036337870
1675401867095859693
1675401867136276516
1675401867176040110
1675401867219796099
1675401867260216203
1675401867300750058
1675401867337940422
1675401867376153391
1675401867436636308
1675401867475743547
1675401867515860839
1675401867576151880
1675401867616446724
1675401867636475526
1675401867682052870
1675401867722505995
1675401867775869068
1675401867816016984
1675401867875800162
1675401867915868443
1675401867955800630
1675401867996370526
1675401868044624641
1675401868095564016
1675401868135800578
1675401868176228338
1675401868205694536
1675401868258197036
1675401868295973807
1675401868338896307
1675401868396555995
1675401868436233599
1675401868475911568
1675401868525909693
1675401868576094276
1675401868616280109
1675401868655909067
1675401868680798495
1675401868736268234
1675401868776607505
1675401868816246567
1675401868876081463
1675401868916133807
1675401868935795265
1675401868988552765
1675401869055894588
1675401869076236463
1675401869116149380
1675401869163107817
1675401869202711203
1675401869255947244
1675401869296669067
1675401869356280786
1675401869396023494
1675401869436254640
1675401869476131255
1675401869515852661
1675401869576296307
1675401869598593078
1675401869636077609
1675401869698540994
1675401869735904588
1675401869778913130
1675401869816764848
1675401869875735630
1675401869916209952
1675401869955853598
1675401870008217921
1675401870055931775
1675401870095967296
1675401870116380629
1675401870176460629
1675401870216568181
1675401870255775577
1675401870316100734
1675401870356227556
1675401870376087452
1675401870416367661
1675401870469000108
1675401870516246567
1675401870556368025
1675401870616164119
1675401870655921723
1675401870695981410
1675401870737150525
1675401870776190629
1675401870817931254
1675401870876201254
1675401870915650160
1675401870955705056
1675401871005327296
1675401871038705004
1675401871084901046
1675401871125164848
1675401871175940837
1675401871215883337
1675401871275769431
1675401871315691046
1675401871356117973
1675401871396565994
1675401871416502608
1675401871480757556
1675401871520934535
1675401871556224743
1675401871615899431
1675401871655776046
1675401871693416514
1675401871755948962
1675401871796102087
1675401871816259535
1675401871856411306
1675401871896193702
1675401871955947712
1675401871996477868
1675401872055998285
1675401872095554379
1675401872135807920
1675401872178054587
1675401872216518181
1675401872256045889
1675401872315592452
1675401872355636983
1675401872381055941
1675401872418758493
1675401872484994431
1675401872518861462
1675401872556326410
1675401872616185212
1675401872659264795
1675401872695591306
1675401872755589118
1675401872795924118
1675401872835732139
1675401872856340941
1675401872915996201
1675401872956464326
1675401872996448180
1675401873056225055
1675401873095572347
1675401873121972503
1675401873162167764
1675401873235935576
1675401873256072295
1675401873295796409
1675401873355688337
1675401873396303284
1675401873437445368
1675401873484510368
1675401873517469899
1675401873557538024
1675401873618350368
1675401873656406201
1675401873695625628
1675401873755680993
1675401873789476461
1675401873818878076
1675401873875777815
1675401873915567607
1675401873955725680
1675401873999773024
1675401874057433024
1675401874099371461
1675401874135660420
1675401874160718805
1675401874216257711
1675401874264912659
1675401874295914169
1675401874356033024
1675401874396215472
1675401874436629222
1675401874495555159
1675401874535750992
1675401874556235940
1675401874602388596
1675401874645871982
1675401874696083753
1675401874736643388
1675401874795654898
1675401874836087034
1675401874875670576
1675401874924144951
1675401874957748336
1675401874998219690
1675401875055998596
1675401875095758700
1675401875135986878
1675401875178805055
1675401875215959221
1675401875259323388
1675401875315724898
1675401875355760523
1675401875399153075
1675401875437943857
1675401875475824586
1675401875535622711
1675401875575680107
1675401875601084690
1675401875656566721
1675401875696063440
1675401875735998544
1675401875795922398
1675401875836145679
1675401875856134794
1675401875935688544
1675401875976584117
1675401875996517711
1675401876035841825
1675401876096029117
1675401876135674325
1675401876176613596
1675401876237539221
1675401876275617450
1675401876315714273
1675401876355800887
1675401876398589794
1675401876436618752
1675401876495792033
1675401876535585627
1675401876565845367
1675401876620200106
1675401876655999273
1675401876695774429
1675401876755872502
1675401876795993231
1675401876835773596
1675401876886411877
1675401876915518179
1675401876960834689
1675401876995911460
1675401877041365314
1675401877095869481
1675401877135922398
1675401877175965887
1675401877235977814
1675401877275548804
1675401877295674012
1675401877335922762
1675401877415731929
1675401877435782554
1675401877475628231
1675401877535488595
1675401877576712918
1675401877616041772
1675401877657698960
1675401877715521095
1675401877755658491
1675401877796103074
1675401877836022866
1675401877875644012
1675401877935633960
1675401877958735679
1675401878005587606
1675401878039434689
1675401878099124897
1675401878135749637
1675401878176050939
1675401878215850835
1675401878275495105
1675401878315584845
1675401878348006303
1675401878397768126
1675401878436276460
1675401878476533074
1675401878535787085
1675401878576493282
1675401878616922605
1675401878675720418
1675401878715499012
1675401878736095991
1675401878776006824
1675401878836158907
1675401878876403595
1675401878915506407
1675401878975637345
1675401879017167449
1675401879055857709
1675401879097791824
1675401879135998022
1675401879184681980
1675401879236449428
1675401879275783907
1675401879315593803
1675401879365627865
1675401879405903595
1675401879435772345
1675401879495584428
1675401879539438490
1675401879579010313
1675401879618479845
1675401879656655261
1675401879715426928
1675401879756077709
1675401879776070209
1675401879837230469
1675401879876153803
1675401879915823126
1675401879975540313
1675401880015740886
1675401880043052657
1675401880115570574
1675401880155673438
1675401880176406042
1675401880216951094
1675401880275887813
1675401880315497136
1675401880355728386
1675401880415663178
1675401880456328698
1675401880495450990
1675401880538212396
1675401880576070313
1675401880616523386
1675401880675388959
1675401880715638021
1675401880739133959
1675401880795844375
1675401880839843334
1675401880876232188
1675401880935925729
1675401880955719948
1675401881019874844
1675401881056088750
1675401881095602656
1675401881136586771
1675401881181654323
1675401881216562656
1675401881276033854
1675401881315995417
1675401881355573802
1675401881416034636
1675401881455660000
1675401881482827813
1675401881522864010
1675401881575737448
1675401881616039479
1675401881675869063
1675401881715695156
1675401881756213333
1675401881803725417
1675401881845506927
1675401881877962396
1675401881915970833
1675401881978756354
1675401882016692292
1675401882056036146
1675401882115746667
1675401882148995677
1675401882185803906
1675401882220580989
1675401882275491823
1675401882319925312
1675401882355783594
1675401882395414010
1675401882455843541
1675401882495661927
1675401882521661666
1675401882576118437
1675401882622631562
1675401882656180677
1675401882716140364
1675401882755477448
1675401882795891041
1675401882855882968
1675401882895746041
1675401882915686458
1675401882963372187
1675401883015689322
1675401883056235364
1675401883115445364
1675401883155605416
1675401883196017760
1675401883235728697
1675401883285603385
1675401883319252343
1675401883356546354
1675401883415899687
1675401883455822499
1675401883496127239
1675401883535516197
1675401883579720833
1675401883620023385
1675401883662858958
1675401883696289478
1675401883757858333
1675401883801991718
1675401883836259114
1675401883876214114
1675401883929327551
1675401883974522239
1675401884016135103
1675401884056076770
1675401884096367916
1675401884156189478
1675401884196024634
1675401884216275155
1675401884283322968
1675401884322960259
1675401884356894686
1675401884396216666
1675401884457475884
1675401884496160728
1675401884536135259
1675401884596178593
1675401884635877655
1675401884675618332
1675401884716125468
1675401884759600832
1675401884799545520
1675401884856351509
1675401884896118228
1675401884926253384
1675401884980416040
1675401885015993801
1675401885056033384
1675401885115567811
1675401885135662551
1675401885196355884
1675401885235876874
1675401885275847655
1675401885316560572
1675401885356847342
1675401885402986405
1675401885456269426
1675401885496869634
1675401885535838332
1675401885595868644
1675401885635556249
1675401885656253176
1675401885696709790
1675401885757102915
1675401885795899426
1675401885855745988
1675401885895859998
1675401885935673175
1675401885978042655
1675401886018580363
1675401886075793019
1675401886115824373
1675401886156055415
1675401886196539425
1675401886245554113
1675401886295671769
1675401886319952134
1675401886356271613
1675401886415809269
1675401886440774425
1675401886496075311
1675401886536012029
1675401886575608852
1675401886616509738
1675401886675960415
1675401886696788852
1675401886756297758
1675401886796186040
1675401886836555988
1675401886896176821
1675401886936227238
1675401886976038904
1675401887015835102
1675401887063421300
1675401887096928540
1675401887155398748
1675401887195949165
1675401887236022758
1675401887296082133
1675401887335380987
1675401887375655623
1675401887416180935
1675401887458998592
1675401887499338956
1675401887556260310
1675401887595944894
1675401887636003800
1675401887675609685
1675401887726827758
1675401887760564841
1675401887795849998
1675401887855999321
1675401887881207029
1675401887936019321
1675401887975678383
1675401888015538748
1675401888056407706
1675401888102539998
1675401888136554164
1675401888195934789
1675401888236302185
1675401888276309268
1675401888336326977
1675401888376298070
1675401888410655050
1675401888455825154
1675401888497436195
1675401888538894320
1675401888596116560
1675401888635504529
1675401888676459945
1675401888722674476
1675401888779217654
1675401888815731143
1675401888836284685
1675401888899292862
1675401888938576195
1675401888975892081
1675401889039028174
1675401889075938122
1675401889101035310
1675401889156406247
1675401889187384737
1675401889247077289
1675401889276509008
1675401889316135153
1675401889361374580
1675401889415812237
1675401889455888278
1675401889496039528
1675401889536258382
1675401889576528591
1675401889636179059
1675401889676138903
1675401889715614945
1675401889776157341
1675401889796935257
1675401889843720518
1675401889897213382
1675401889935792028
1675401889975891872
1675401890035804997
1675401890075444580
1675401890115717966
1675401890156205934
1675401890205604059
1675401890256012549
1675401890295757757
1675401890339471820
1675401890379767340
1675401890416551090
1675401890475455049
1675401890510865153
1675401890540932236
1675401890595713278
1675401890616616820
1675401890676184215
1675401890721714736
1675401890755910830
1675401890796312705
1675401890841654788
1675401890882668799
1675401890935965309
1675401890976295153
1675401891016543121
1675401891075824371
1675401891115386090
1675401891156619840
1675401891204067913
1675401891236984736
1675401891275963069
1675401891337724684
1675401891375928173
1675401891415687705
1675401891475757548
1675401891515504423
1675401891555711402
1675401891595735413
1675401891635923902
1675401891686195830
1675401891735647861
1675401891775968017
1675401891819685621
1675401891855788746
1675401891896104163
1675401891955958538
1675401891980638642
1675401892035727079
1675401892055651298
1675401892095973329
1675401892167737079
1675401892195872861
1675401892236318381
1675401892276438121
1675401892324108850
1675401892378191663
1675401892417515308
1675401892457784058
1675401892515835308
1675401892556154788
1675401892583861194
1675401892643619423
1675401892677989423
1675401892716090152
1675401892776078485
1675401892815677287
1675401892856095465
1675401892898064839
1675401892955978433
1675401892996023485
1675401893036154006
1675401893075990933
1675401893116779944
1675401893175490308
1675401893216049579
1675401893256267808
1675401893298022964
1675401893336407391
1675401893361264006
1675401893436477443
1675401893456097443
1675401893495855204
1675401893536479943
1675401893575947495
1675401893636179423
1675401893676314683
1675401893716610308
1675401893756182131
1675401893816938797
1675401893856444058
1675401893895970985
1675401893956282547
1675401893983836454
1675401894017199006
1675401894075909110
1675401894117676610
1675401894156078068
1675401894215459370
1675401894255926922
1675401894295832756
1675401894338913849
1675401894379085308
1675401894435881662
1675401894475891766
1675401894516289214
1675401894556034370
1675401894595370672
1675401894635663953
1675401894696089526
1675401894715718224
1675401894775722235
1675401894800945412
1675401894841305828
1675401894896612547
1675401894936204943
1675401894976038693
1675401895015774422
1675401895056634578
1675401895116092078
1675401895156200828
1675401895196589474
1675401895256572339
1675401895295745620
1675401895335486089
1675401895377712182
1675401895424060880
1675401895457522547
1675401895515200932
1675401895555750359
1675401895604591870
1675401895635637599
1675401895696264161
1675401895735900151
1675401895778752338
1675401895820067390
1675401895859253588
1675401895916005047
1675401895936024942
1675401895995956922
1675401896035855828
1675401896076364682
1675401896135879942
1675401896176025203
1675401896195999265
1675401896241839474
1675401896281268588
1675401896335476922
1675401896375877807
1675401896416076140
1675401896455732338
1675401896496474369
1675401896555958380
1675401896603063484
1675401896655273432
1675401896695761453
1675401896736466973
1675401896763719838
1675401896817867859
1675401896855525203
1675401896898621400
1675401896955199213
1675401896995861088
1675401897035982025
1675401897085133432
1675401897135833171
1675401897175617182
1675401897218850932
1675401897263247182
1675401897303026921
1675401897358591713
1675401897378640827
1675401897438685619
1675401897464132598
1675401897518679525
1675401897551445098
1675401897618789317
1675401897638501140
1675401897678901296
1675401897725150619
1675401897765276817
1675401897818859213
1675401897858948431
1675401897899277650
1675401897940249213
1675401897998803535
1675401898038928535
1675401898086612129
1675401898138634733
1675401898160032025
1675401898207703327
1675401898261745462
1675401898298539369
1675401898338525983
1675401898398724108
1675401898438660306
1675401898478957858
1675401898518777910
1675401898569113119
1675401898618501400
1675401898658881087
1675401898683154004
1675401898739175098
1675401898779094525
1675401898818698431
1675401898878844733
1675401898919115410
1675401898938560306
1675401898979438118
1675401899031630827
1675401899078340879
1675401899118410566
1675401899158912598
1675401899205716400
1675401899246250931
1675401899300091660
1675401899339714785
1675401899398676868
1675401899439413170
1675401899478592129
1675401899518782702
1675401899567622910
1675401899600823743
1675401899638682806
1675401899701855931
1675401899738636191
1675401899778872910
1675401899838640149
1675401899878524472
1675401899918843326
1675401899958739576
1675401899999082389
1675401900042941399
1675401900083101764
1675401900119579316
1675401900178676243
1675401900218195722
1675401900258900045
1675401900318630670
1675401900358689212
1675401900378428535
1675401900418741243
1675401900459462857
1675401900518722649
1675401900558960097
1675401900598774212
1675401900639527545
1675401900686743899
1675401900742466295
1675401900779400982
1675401900818726191
1675401900882546139
1675401900918358430
1675401900942613066
1675401900988498482
1675401901047622076
1675401901081373013
1675401901118938899
1675401901181655201
1675401901220976295
1675401901258615357
1675401901318258795
1675401901358533430
1675401901383034836
1675401901419485513
1675401901479370930
1675401901518892753
1675401901558377180
1675401901618622544
1675401901658679419
1675401901696177961
1675401901724638847
1675401901799180357
1675401901819025305
1675401901858757492
1675401901899127284
1675401901939297753
1675401901998939263
1675401902046165617
1675401902098349940
1675401902138550513
1675401902180636138
1675401902220184471
1675401902258815409
1675401902318952075
1675401902349480773
1675401902381208221
1675401902438589471
1675401902481556294
1675401902527915565
1675401902558977127
1675401902618448534
1675401902658948273
1675401902698452179
1675401902743349940
1675401902798313898
1675401902838392909
1675401902859047857
1675401902919007388
1675401902958711034
1675401902998687909
1675401903058376971
1675401903098516554
1675401903125024836
1675401903165067856
1675401903204749158
1675401903258714940
1675401903298504315
1675401903338717544
1675401903379288377
1675401903420580565
1675401903487016242
1675401903520692700
1675401903559158377
1675401903618622804
1675401903658787023
1675401903698464940
1675401903738608012
1675401903780875617
1675401903821700877
1675401903878869471
1675401903918722075
1675401903958589575
1675401904018558221
1675401904058567752
1675401904098710304
1675401904142481866
1675401904163290252
1675401904219039835
1675401904259145668
1675401904299494835
1675401904358572804
1675401904400442075
1675401904419452804
1675401904498775981
1675401904538856970
1675401904559335252
1675401904606050825
1675401904645806866
1675401904699759210
1675401904738775147
1675401904798835616
1675401904838104783
1675401904878838793
1675401904918671345
1675401904967413481
1675401905018049991
1675401905059093116
1675401905098774210
1675401905128018481
1675401905181735668
1675401905218358793
1675401905261890408
1675401905318487803
1675401905359080043
1675401905398912595
1675401905442804262
1675401905498707126
1675401905538286866
1675401905578950199
1675401905603509730
1675401905659006970
1675401905698949887
1675401905738531397
1675401905798902595
1675401905838638012
1675401905858528845
1675401905898843897
1675401905978914626
1675401905998887959
1675401906038226605
1675401906085270459
1675401906125870512
1675401906178119626
1675401906220310824
1675401906278356761
1675401906318597647
1675401906358842491
1675401906398579157
1675401906447388063
1675401906498730980
1675401906521177699
1675401906558523793
1675401906621610616
1675401906658721918
1675401906698373897
1675401906758357438
1675401906798489470
1675401906839290668
1675401906878901449
1675401906909857022
1675401906963966032
1675401907003543115
1675401907038552074
1675401907099284469
1675401907138555719
1675401907178241553
1675401907238441188
1675401907278461709
1675401907298927386
1675401907338542334
1675401907392118480
1675401907438514574
1675401907478673011
1675401907538389782
1675401907578432542
1675401907619113011
1675401907660116605
1675401907700730042
1675401907758902021
1675401907798984625
1675401907838321917
1675401907878420198
1675401907927843219
1675401907962211344
1675401907999234573
1675401908058969365
1675401908098861240
1675401908141588063
1675401908179319000
1675401908238665875
1675401908279369417
1675401908318937438
1675401908339629157
1675401908404566604
1675401908444359156
1675401908478913219
1675401908539021344
1675401908578378063
1675401908617201917
1675401908678344052
1675401908718462021
1675401908738670511
1675401908778964677
1675401908838432438
1675401908878548063
1675401908926186292
1675401908978999521
1675401909018788167
1675401909059568479
1675401909100635510
1675401909140951708
1675401909198197802
1675401909238301187
1675401909278504833
1675401909301198844
1675401909358309156
1675401909402279625
1675401909448269364
1675401909478864833
1675401909538321864
1675401909578638375
1675401909622185354
1675401909658492854
1675401909710552750
1675401909758343531
1675401909779074937
1675401909839189885
1675401909879300823
1675401909918982802
1675401909978669468
1675401910018207541
1675401910044792593
1675401910085465302
1675401910138446031
1675401910178929000
1675401910238185145
1675401910278409052
1675401910318653375
1675401910366145822
1675401910406621395
1675401910457938114
1675401910498690145
1675401910541046031
1675401910581223479
1675401910618599520
1675401910678826499
1675401910708690718
1675401910741804468
1675401910798561916
1675401910838673114
1675401910878397906
1675401910938629156
1675401910978401187
1675401911018413530
1675401911063003583
1675401911083296239
1675401911138562853
1675401911190668478
1675401911218883166
1675401911278508530
1675401911318475405
1675401911358724624
1675401911418639728
1675401911458644884
1675401911478525093
1675401911525477957
1675401911578394364
1675401911618800145
1675401911665363426
1675401911718360353
1675401911758166916
1675401911798373374
1675401911847776291
1675401911887345041
1675401911938416811
1675401911978417593
1675401912021096551
1675401912058335353
1675401912101245770
1675401912138182905
1675401912181949259
1675401912238475197
1675401912278410509
1675401912318830145
1675401912378501238
1675401912398644728
1675401912458824520
1675401912498903217
1675401912523883374
1675401912578880144
1675401912618744363
1675401912658731863
1675401912718188426
1675401912758654415
1675401912778709728
1675401912858607749
1675401912898534051
1675401912918902540
1675401912958693478
1675401913018625405
1675401913058616603
1675401913098829363
1675401913158312696
1675401913198115405
1675401913238609415
1675401913278646915
1675401913327873165
1675401913377841342
1675401913418651759
1675401913458208477
1675401913488813321
1675401913542062800
1675401913578568321
1675401913618721238
1675401913678360873
1675401913717979050
1675401913758660717
1675401913802277175
1675401913838183269
1675401913878822592
1675401913918568529
1675401913964152852
1675401914018487384
1675401914058370196
1675401914098235248
1675401914158211863
