1675401824217332470,0.0010986328,0.17522871,-0.10000229
1675401824413194970,0.35836983,0.17154396,0.085409164
1675401824605831324,0.60593426,-0.32290363,0.41862392
1675401824800859449,0.6266124,-0.638824,0.42431736
1675401824997803876,0.052736044,0.701143,-0.504447
1675401825190031219,-1.2657495,-0.8150439,-0.07619953
1675401825385799553,0.033364296,0.6808715,0.49940348
1675401825579838198,-1.0262351,-2.763814,-0.9246001
1675401825773791844,-0.24600387,-2.8818588,-0.86515474
1675401825968093823,0.15313804,0.20171165,1.4506011
1675401826162509344,0.22916132,1.8516483,0.6855855
1675401826356992261,0.38696736,1.697216,0.16718388
1675401826550891844,-0.21752119,-0.29325104,-0.0036358833
1675401826745787469,-1.131093,2.0530806,1.0087221
1675401826940032365,0.17396307,-0.32905388,-0.053102016
1675401827140439552,3.1252377,-7.5179267,-3.5284586
1675401827333097885,-5.4049745,4.8875623,8.734637
1675401827522095802,-2.029156,3.889769,-0.11306667
1675401827716619916,-1.103517,2.8409424,-0.73949814
1675401827910868875,0.87311053,1.5195506,-0.40160275
1675401828105672677,1.9881346,-0.63547206,0.7058296
1675401828302032937,0.28574574,-0.43523598,0.9504328
1675401828495715541,-0.105383635,0.82839394,0.33524513
1675401828691728458,-0.023968339,2.4903545,0.13274097
1675401828884624499,0.028360546,2.2049942,0.59441566
1675401829077557572,-0.31282175,0.5908117,0.9174104
1675401829272071895,-1.8878112,-0.15186739,1.0019279
1675401829466117832,-0.47038794,1.1599154,1.0744123
1675401829661329291,2.011494,0.5814272,1.2560568
1675401829854841061,0.40718925,2.5757892,2.1028175
1675401830049428926,0.71410084,2.391549,0.410923
1675401830243730332,0.8575902,2.3158436,0.8941431
1675401830438122728,0.11853576,0.05206698,0.5769005
1675401830632384394,-0.4768257,-1.2702944,0.4041443
1675401830827446426,-0.9862538,-1.4126407,0.5451622
1675401831021213196,-0.73560935,-0.787765,0.8255949
1675401831215624655,-0.12690413,-0.43794012,0.8522692
1675401831409974290,0.0075828433,-0.09586239,0.7891035
1675401831604892311,0.0074677467,0.22242641,0.6000109
1675401831798851217,-0.23393047,0.13360548,0.41256094
1675401831993220019,-0.58603925,-0.1000886,0.45908785
1675401832188066165,-0.45906937,-0.14765358,0.66713905
1675401832382526373,-0.23324478,-0.16970348,0.7779579
1675401832576762050,-0.21343029,0.005086899,0.68062496
1675401832771311425,-0.2255435,0.1433115,0.40440202
1675401832965954758,-0.2418654,0.19767094,0.16196227
1675401833159958821,-0.28695047,0.14481449,0.083693266
1675401833354248404,-0.30889452,0.15357494,0.11901927
1675401833549042623,-0.27789974,0.07829189,0.2040267
1675401833743235279,-0.28775656,0.072631836,0.22010994
1675401833937425279,-0.27710503,0.07543373,0.20194197
1675401834132253664,-0.2515762,0.0762434,0.16792154
1675401834327746060,-0.22760975,0.085865974,0.13042212
1675401834520922674,-0.19451165,0.101579666,0.11523867
1675401834715470799,-0.1623565,0.055176735,0.141989
1675401834914462674,-0.15056694,0.07451916,0.15409517
1675401835104793195,-0.15094721,0.09805012,0.1417582
1675401835298823195,-0.12854552,0.06581497,0.13667846
1675401835493027622,-0.11534524,0.060221672,0.12276387
1675401835687273715,-0.03442645,0.0404253,0.11946893
1675401835881555747,-0.06554437,-0.024145126,0.35218024
1675401836076318299,-0.16349804,-0.0050287247,0.110833645
1675401836270096267,-0.20136082,0.005706787,0.1226213
1675401836465281319,-0.15200317,0.022731781,0.0547477
1675401836659277465,-0.08890998,0.00996685,0.046569943
1675401836853754288,-0.05487001,0.024710655,-0.003283143
1675401837047947517,-0.042883992,0.03196144,-0.03273642
1675401837242453923,-0.029432654,0.011474609,-0.02850163
1675401837436651267,-0.03804493,-0.0022010803,-0.006726861
1675401837631642621,-0.02030313,0.029773712,-0.024179578
1675401837825347152,-0.019543529,0.041166306,-0.04933691
1675401838019966371,-0.005301714,0.023391724,-0.02306366
1675401838214311631,-0.014362454,0.029564857,0.019289255
1675401838410032725,-0.021514773,0.009469032,0.023665428
1675401838603303246,-0.035346508,0.0025691986,0.024189949
1675401838799469079,-0.035178065,0.018229485,0.011032581
1675401838991829235,-0.01938498,0.0118608475,-0.0050907135
1675401839186516370,-0.0151382685,0.004094124,-0.0066900253
1675401839384122620,-0.010984182,0.011805534,0.008260012
1675401839575101370,0.0019218922,-0.00993824,0.028327465
1675401839769685745,-0.0023056269,-0.025182724,0.022598743
1675401839964405172,-0.009054184,7.3337555E-4,0.0021574497
1675401840158442672,-0.0012943745,0.017256737,-0.018401623
1675401840352958974,0.014123082,3.3855438E-4,-0.006731987
1675401840547290589,0.016888857,6.170273E-4,0.011246204
1675401840741896370,0.014387131,-2.3841858E-4,0.024064302
1675401840936042620,0.008558512,-0.003745079,0.014990807
1675401841130545172,-0.0017950535,0.0067834854,-0.012274742
1675401841325001682,0.013852954,0.0078344345,-0.022406101
1675401841522281890,0.023433924,-9.469986E-4,0.002550602
1675401841713679286,0.0098980665,-0.0072660446,0.03510809
1675401841908164234,0.0022448301,-0.013685226,0.04347062
1675401842102309338,-5.5611134E-4,-0.0036935806,0.020972729
1675401842297019755,0.0013040304,0.0064353943,-0.009565592
1675401842491006057,-0.0037218332,0.004937172,-0.018945932
1675401842685407307,-4.0709972E-4,-0.0031232834,-0.00227952
1675401842879988869,0.004941106,-0.008945465,0.025739908
1675401843074244181,-0.006806731,-0.002541542,0.019498587
1675401843269192463,-0.013146758,0.0051546097,-0.0024330616
1675401843463146473,-0.0044261217,0.0027837753,-0.014493227
1675401843660431681,-7.6425076E-4,-0.0010461807,-0.00957036
1675401843852049546,-9.665489E-4,-0.009156227,0.010178566
1675401844046337046,0.006780505,-0.011773109,0.028613806
1675401844240603452,0.003749013,-0.001537323,0.01873231
1675401844435138139,6.62446E-4,0.0034246445,-0.0031740665
1675401844629981264,0.012938023,-0.0036401749,0.0041377544
1675401844824315222,0.020009398,0.0014619827,0.014938116
1675401845018133243,0.011428356,0.0032587051,3.7550926E-4
1675401845213363868,0.0058892965,-0.014004707,-0.001178503
1675401845408482253,-0.0038192272,0.016350746,-0.004891157
1675401845601517618,0.0060275793,0.017811775,0.005458355
1675401845796263972,0.016003013,-0.026394844,0.012883902
1675401845990324753,0.003525138,0.016331673,-0.011453152
1675401846184756524,0.0064913034,3.2424927E-5,0.0074977875
1675401846379298659,-0.0010107756,-0.045469284,0.018734217
1675401846574618815,-0.014796615,0.019555092,-0.024102926
1675401846768255534,0.017100573,0.026014328,-0.01765871
1675401846963522253,0.024678826,-0.0117788315,0.021072626
1675401847156957617,-0.007220149,0.007885933,0.01542902
1675401847351478346,-0.003644824,0.021409035,0.0069651604
1675401847547993763,0.014217496,-0.03238392,0.021832228
1675401847740339284,0.008932352,-0.015340805,0.0029587746
1675401847936717200,0.0071994066,0.02299881,-0.018526316
1675401848128928867,0.017305851,-0.007369995,-0.0026972294
1675401848323171523,0.005887866,0.0074472427,0.0012886524
1675401848518097200,-0.011133909,0.01717472,0.0026011467
1675401848712226158,0.008769751,-0.011057854,0.0103878975
1675401848906501263,0.013604999,0.0028467178,-0.006299734
1675401849100904804,-0.013997674,0.013287544,-0.016900063
1675401849295211939,-0.0034276247,-0.020359993,0.0011792183
1675401849489598971,0.011378646,-0.011382103,0.006563425
1675401849684227304,1.56641E-4,0.01597023,-0.00447917
1675401849878288710,-0.0050905943,6.6185E-4,0.0019361973
1675401850073202512,-0.0016410351,0.0027132034,0.00818181
1675401850267231627,-0.0029309988,0.006102562,0.00920105
1675401850462104074,0.0047422647,-0.008945465,0.0014612675
1675401850656257929,0.008331656,2.193451E-4,-0.014822245
1675401850850396991,-0.0071030855,0.0094156265,-0.017097235
1675401851045188658,-3.503561E-4,-0.0128593445,0.016016722
1675401851239611157,0.016309142,-0.011385918,0.04307413
1675401851433478501,0.0032404661,0.0073165894,0.0145795345
1675401851628596157,-0.0061278343,0.008954048,-0.027213335
1675401851822364647,0.012202382,0.006471634,-0.024150372
1675401852016974230,0.019120097,1.2683868E-4,0.0044310093
1675401852213426157,-1.8179417E-4,-0.014168739,0.042717934
1675401852406587251,-0.002457738,-0.013288498,0.029980421
1675401852600302199,0.0017951727,0.0068540573,-0.015428305
1675401852794723136,0.0061067343,0.0018606186,-0.02877903
1675401852990566313,0.0130262375,-0.0016927719,0.0024380684
1675401853184117875,4.905462E-4,-0.0010356903,0.033692837
1675401853379474698,-0.00946033,-2.9468536E-4,0.024710417
1675401853575821886,-0.0045599937,0.0056524277,-0.013101816
1675401853767104334,0.014162421,0.009601593,-0.034012794
1675401853967317354,0.00935483,-0.0027132034,-0.008180857
1675401854178473188,-0.0034087896,-0.013167381,0.029920101
1675401854351523448,-0.009094119,-0.0117816925,0.034980536
1675401854544382771,3.709793E-4,-0.0024461746,0.0065128803
1675401854738370948,0.008868933,0.008975029,-0.019541025
1675401854933559646,0.006046176,0.009082794,-0.019059896
1675401855127329281,0.0021457672,0.0019807816,-3.552437E-5
1675401855321816000,-0.009494185,2.6226044E-4,0.018905401
1675401855516410947,0.003132224,-0.01557827,0.022661686
1675401855710955218,0.0060902834,-0.00783062,0.0035731792
1675401855905257927,0.0022135973,0.005179405,-0.0143482685
1675401856099490843,8.262396E-4,0.0047597885,-0.010405779
1675401856293726572,-5.040169E-4,0.006381035,0.007838249
1675401856488402353,0.009066701,6.351471E-4,0.0213449
1675401856682733239,0.01880467,-0.007170677,0.013822317
1675401856877050374,-0.0076235533,-0.002500534,-0.0065095425
1675401857071407457,-0.004178047,0.0025453568,-0.017116785
1675401857265639228,0.010024428,-0.0032262802,-0.0015518665
1675401857460556624,0.016987324,0.002746582,0.014967203
1675401857655120843,-5.213022E-4,0.003288269,0.019309282
1675401857849527353,-0.0055502653,-0.0058641434,0.011444569
1675401858043780426,0.0034263134,-0.0011358261,-0.0046117306
1675401858238100999,0.0035966635,0.004155159,-0.011064768
1675401858432369540,-0.00605917,-0.0029363632,0.0011379719
1675401858627078863,-3.4987926E-4,-0.0019483566,0.00756073
1675401858821329019,-8.4745884E-4,0.0024766922,0.009924173
1675401859015601519,-0.0021125078,-7.572174E-4,9.691715E-4
1675401859210133290,4.799366E-4,0.0028038025,-0.005768776
1675401859404677456,-0.0010398626,1.4305115E-5,-6.1678886E-4
1675401859599670946,-0.0035911798,-0.0045232773,0.009542227
1675401859793231779,-0.0018616915,-0.0019226074,0.0014834404
1675401859987624383,-2.7418137E-5,0.0018224716,-0.0054380894
1675401860183465060,0.009095311,-2.193451E-4,-0.0010578632
1675401860376606779,0.004463792,4.1007996E-4,0.005240202
1675401860572047716,-0.0021631718,6.6280365E-4,0.008683443
1675401860767365060,-0.0036677122,-0.0023355484,0.0050799847
1675401860960470893,0.005397558,-8.0776215E-4,0.0013685226
1675401861153984435,0.0061006546,0.0015525818,-0.008248568
1675401861349469695,0.0017812252,4.8160553E-4,-3.7264824E-4
1675401861543100893,6.592274E-5,-0.0043182373,0.010557413
1675401861737802039,-0.0034315586,-0.004971504,0.01266408
1675401861931620685,1.8489361E-4,-0.004717827,0.007850885
1675401862133839122,0.0052314997,-0.0015869141,0.003877163
1675401862320432143,-0.001226306,0.006495476,-0.002692461
1675401862515017403,0.0017037392,0.0035524368,-0.008426428
1675401862709322924,0.00803864,0.00187397,-0.003992319
1675401862903672924,-0.0033557415,6.160736E-4,0.002676487
1675401863098273132,-0.0013301373,-0.003619194,0.010159254
1675401863292867507,0.01155901,-6.1416626E-4,0.011852026
1675401863487402247,0.0062698126,0.0017795563,0.011516571
1675401863680984642,-0.010897875,-0.004883766,0.0031778812
1675401863875596569,-0.01028645,-0.0051059723,-0.003055334
1675401864070420163,0.014795184,0.0032148361,-0.0019483566
1675401864265152455,0.031609774,0.0069971085,0.001937151
1675401864459349486,-0.0075154305,-0.003897667,0.004020214
1675401864653059954,-0.024020672,-0.009739876,0.0062024593
1675401864849914121,0.0049489737,-0.004142761,0.0052945614
1675401865042323027,0.016172647,0.008026123,-1.2731552E-4
1675401865236512715,0.00802815,0.007754326,-0.0044665337
1675401865430835787,-0.0036331415,-0.0036182404,0.0029075146
1675401865625598600,-0.013590455,-0.005587578,0.0098257065
1675401865819652246,-0.008658886,-0.0010662079,0.00440526
1675401866014415579,0.011013746,0.0060548782,-0.0060343742
1675401866208446256,0.018456817,0.002503395,-0.0027897358
1675401866403027506,0.008969665,-0.00248909,-1.8811226E-4
1675401866597479329,-0.0064400434,-0.0068616867,0.004203558
1675401866791823183,-0.015086055,-0.0041799545,0.012272596
1675401866986603964,0.0085572,0.004676819,0.008538246
1675401867180817714,0.025876641,0.006518364,-0.0035853386
1675401867378609693,0.00264287,0.0024433136,-0.015375614
1675401867569290630,-0.009483099,-0.0036315918,-0.010735989
1675401867764501359,-0.0060971975,-0.0032672882,0.016535044
1675401867957963026,0.001185298,-0.004012108,0.02590394
1675401868152548286,0.012106061,0.0013046265,0.008774519
1675401868347027349,0.007374406,0.0054979324,-0.017635584
1675401868541370005,-0.010967135,0.0024785995,-0.0189569
1675401868735674067,-0.007124543,-0.004324913,0.0034353733
1675401868930264119,0.0036350489,-0.0044412613,0.027993679
1675401869124691724,0.009290576,-6.608963E-4,0.019750357
1675401869319451203,0.005093217,0.0063323975,-0.011629105
1675401869513235369,3.3724308E-4,9.737015E-4,-0.023795605
1675401869707753234,9.781122E-4,-0.00459671,-0.0021002293
1675401869901999015,3.196001E-4,-0.0046453476,0.024108648
1675401870097700838,0.0013831854,-0.004778862,0.028052568
1675401870291037400,0.010984302,0.0012483597,0.0049271584
1675401870485923702,0.005430937,0.0034780502,-0.017329931
1675401870680421827,-0.008118272,2.8038025E-4,-0.012802362
1675401870874634587,-0.007258892,-0.00653553,0.0119977
1675401871069108233,0.016048789,-1.3256073E-4,0.019076586
1675401871263081098,0.006885171,0.005681038,0.0061481
1675401871457424952,-0.013573766,0.004099846,-0.008605003
1675401871651709014,-0.0010899305,-0.0020475388,-0.004065275
1675401871846343129,0.010485053,-0.0042181015,0.013273001
1675401872041316306,-0.005970478,-0.0036334991,0.012414932
1675401872236445004,-0.008109212,-0.0022935867,-5.400181E-4
1675401872430009066,0.007306695,0.0026597977,-0.007476568
1675401872624312243,0.010279894,-5.0258636E-4,0.0011029243
1675401872822635680,-0.0015746355,-0.007478714,0.011385441
1675401873015453649,-0.012701631,0.0010557175,0.0035178661
1675401873209223180,0.0022513866,0.0044517517,-0.0048339367
1675401873407736305,0.014922261,0.006896019,-0.0062174797
1675401873600787347,0.007835746,-0.0024518967,0.0031621456
1675401873794400107,-0.0015763044,-0.01175499,0.017623186
1675401873993032607,-0.0012849569,-0.006175995,0.017751932
1675401874180756201,0.0016801357,0.0030508041,-0.002692461
1675401874373679065,0.010797381,0.008591652,-0.017156601
1675401874570096044,0.0074921846,0.005879402,-0.012657404
1675401874762204273,0.0013334751,-0.0073747635,0.010135889
1675401874956634221,-0.00804317,-0.0045576096,0.022210836
1675401875151334534,0.002954483,-0.0025634766,0.01187706
1675401875346094742,0.009868264,0.0026426315,-0.003382206
1675401875540023857,0.0068633556,0.008654594,-0.008757353
1675401875734629794,-0.007948756,0.0014486313,-0.0023753643
1675401875929179377,-0.0015286207,-0.006368637,0.007903576
1675401876123077085,0.0099128485,-0.0045289993,0.011096239
1675401876318285940,0.010402799,-0.0034093857,0.0107524395
1675401876511845210,-0.0053391457,-0.0025873184,0.004459858
1675401876706397606,-0.011704564,0.0018119812,-0.0057804585
1675401876902054064,0.0064566135,0.006714821,-0.011562586
1675401877095492293,0.01532042,0.0050878525,-0.012734652
1675401877291145262,0.00663507,2.937317E-4,0.0044744015
1675401877484098804,-0.0051418543,-0.006928444,0.022749662
1675401877678345991,-0.0035492182,-0.0041894913,0.024776936
1675401877873374481,-0.0037795305,0.00504303,9.729862E-4
1675401878067124689,0.001623869,0.0044965744,-0.024029255
1675401878262238074,0.010961056,-1.0967255E-4,-0.020979643
1675401878456614480,0.013198733,-0.006272316,0.014369965
1675401878651410418,9.7596645E-4,-0.008177757,0.034457207
1675401878861326616,-0.010793328,-0.0029935837,0.016897678
1675401879039804741,-0.0010265112,0.007853508,-0.01594472
1675401879234609480,0.010212421,0.00776577,-0.027537107
1675401879430029793,0.010405898,-9.4890594E-4,-0.005764723
1675401879623774167,0.0018094778,-0.008239746,0.022319555
1675401879824610938,-0.009688854,-0.0095386505,0.029380798
1675401880028171667,-0.008341908,-0.0022497177,0.013976097
1675401880206756303,0.0016505718,0.008534431,-0.016942978
1675401880402975626,0.009696364,0.0067071915,-0.023928404
1675401880607059688,0.0012236834,-0.0022439957,-0.002671957
1675401880790337969,-0.0027269125,-0.006819725,0.021420956
1675401880983119896,0.0024160147,-0.003209114,0.022156
1675401881177536459,0.0038286448,0.004368782,7.915497E-5
1675401881371890104,0.0042358637,0.004380226,-0.016468287
1675401881566333333,-0.001845479,-0.0038843155,-0.007939577
1675401881760758437,0.0040000677,-0.0053863525,0.012303114
1675401881955223542,0.012402177,6.5231323E-4,0.01825881
1675401882151135364,-0.004234433,0.0018482208,0.0056829453
1675401882345585833,-0.006504655,-0.001405716,-0.0020797253
1675401882538375885,0.0042341948,-0.0047779083,-0.003761053
1675401882732804062,0.006527543,-1.6021729E-4,0.0017576218
1675401882927380468,0.0037306547,0.0017499924,0.008466482
1675401883121507499,-0.0038734674,-5.5885315E-4,0.013884306
1675401883318192291,-0.0040402412,-0.0033168793,0.007390976
1675401883510376301,0.0048906803,3.2234192E-4,-0.0038609505
1675401883705361874,0.01273334,0.0061454773,-0.009536982
1675401883900200364,-0.0025538206,0.0030765533,-9.868145E-4
1675401884094248749,-0.0061758757,-0.0054502487,0.010229349
1675401884289628957,0.0033117533,-0.006465912,0.014991283
1675401884482687864,0.0071302652,0.0016145706,0.0034985542
1675401884677040572,0.004252553,0.005785942,-0.0071070194
1675401884871450311,-0.0013211966,0.0015764236,-0.003604889
1675401885065593749,0.0031875372,-0.0040245056,0.0077729225
1675401885260037759,0.003587842,-0.004295349,0.011624575
1675401885455808176,-0.0013526678,-3.528595E-5,0.005898714
1675401885648930624,0.0026928186,6.427765E-4,-6.186962E-4
1675401885843504426,0.001876831,2.1839142E-4,-0.003107071
1675401886039838540,0.0035954714,-0.0022287369,-0.0036389828
1675401886232141040,0.004787922,-0.0017948151,0.0024921894
1675401886426766561,-0.0032103062,-0.0010118484,0.01363492
1675401886622642186,-0.003087759,-0.0019435883,0.016040087
1675401886815132290,0.001368165,5.9890747E-4,0.0047295094
1675401887009675519,0.004956126,0.0052671432,-0.013286114
1675401887204660727,0.005882263,0.0031499863,-0.014337301
1675401887398710623,-0.005385995,-0.006295204,0.0068666935
1675401887593260258,-0.0065978765,-0.007843971,0.027636528
1675401887787562862,0.0046075583,-0.0043621063,0.029763222
1675401887981809321,0.0074670315,0.0017671585,0.0061585903
1675401888176239945,-0.006929636,0.008605003,-0.021267176
1675401888370705987,-0.0021255016,0.0018939972,-0.022979498
1675401888566989841,0.0087714195,-0.0034322739,0.007439375
1675401888761638435,0.01187849,-0.0038557053,0.02747035
1675401888955366664,-0.0030795336,-0.0033483505,0.0140173435
1675401889148426039,-0.008297682,2.1457672E-4,-0.008556366
1675401889348729997,-6.725788E-4,0.0035552979,-0.011121035
1675401889537821716,0.015669703,0.002858162,0.004814148
1675401889731501820,0.004487753,-0.003692627,0.01691699
1675401889927171664,-0.0036491156,-0.0050439835,0.01720643
1675401890120093747,0.0028713942,-0.0024118423,0.0032713413
1675401890314684893,-0.002530098,-8.983612E-4,-0.004527092
1675401890509905622,0.0036759377,0.0039491653,-0.010416746
1675401890704135934,0.013782024,0.0036478043,-0.0013360977
1675401890897775101,0.0019840002,-2.2602081E-4,0.0069503784
1675401891093071871,-0.0035048723,-0.0019741058,0.013293505
1675401891287246559,-4.118681E-4,-2.603531E-4,0.00842309
1675401891481077132,0.0077050924,0.001209259,-5.495548E-4
1675401891675424163,0.008525491,0.003739357,-0.0098109245
1675401891869949267,-0.001747489,-0.0023488998,-7.240772E-4
1675401892065379631,-0.003779173,-0.008170128,0.019792318
1675401892265841298,0.0037161112,-0.0052785873,0.024532557
1675401892466590048,0.0066221952,0.0027647018,0.0026345253
1675401892649518537,-0.0076755285,0.0054216385,-0.020868063
1675401892843466975,-0.0036381483,0.0046930313,-0.01843667
1675401893037360308,0.0038362741,-0.004796982,0.009950876
1675401893230903433,9.6929073E-4,-0.0066547394,0.030812263
1675401893425024527,-0.0060874224,6.542206E-4,0.011324406
1675401893619663537,-0.002029419,0.0061035156,-0.013391018
1675401893813952964,-9.139776E-4,0.0012540817,-0.0072233677
1675401894008449631,0.0054051876,-0.0042819977,0.01662898
1675401894202503589,1.0919571E-4,-0.008524895,0.029367447
1675401894396944943,4.4322014E-4,-0.0032749176,0.0056598186
1675401894591513485,0.0036269426,0.005253792,-0.018853426
1675401894786134683,8.299351E-4,0.005841255,-0.022446632
1675401894981415724,0.0031485558,6.3323975E-4,0.007586241
1675401895175117964,0.010098696,-0.005514145,0.030152798
1675401895372048589,-0.0050965548,0.0025892258,0.013945103
1675401895563557651,-0.0039144754,-0.0017118454,-0.013702631
1675401895757936140,0.00907588,0.0010795593,-0.017431974
1675401895952526192,0.006627798,0.0014238358,0.005228281
1675401896147038328,0.001945138,-0.010485649,0.031677008
1675401896341381661,-0.0075548887,-0.0046281815,0.023448229
1675401896535774734,-0.0034555197,0.003733635,-0.0035717487
1675401896729784057,0.0117663145,0.008933067,-0.021640062
1675401896924510359,0.01075232,0.0038366318,-0.01137042
1675401897119455307,-0.0056277514,-0.006791115,0.016075373
1675401897313160775,-0.00251472,-0.012809753,0.026456594
1675401897507788588,0.004199505,0.0030784607,0.0026824474
1675401897702269421,0.007356286,0.0059776306,-0.018551826
1675401897896833067,-0.0016733408,-0.0064458847,-0.0045502186
1675401898091572546,-0.009936571,0.014026642,0.0013659
1675401898285485723,0.003439784,-0.01576519,0.015979767
1675401898480346504,0.0038632154,-0.010965347,0.020366192
1675401898679095723,-0.010080218,0.03692913,-0.0124537945
1675401898868691556,0.0073673725,-0.03643322,-0.004665613
1675401899062704941,2.6345253E-5,0.0020275116,-0.0034868717
1675401899258846400,-0.01002717,0.036518097,-0.0058603287
1675401899451435045,0.01335156,-0.033696175,0.025273561
1675401899646100983,0.010917187,3.2615662E-4,0.010794401
1675401899840291139,-0.0067158937,0.023777962,-0.015690088
1675401900035060878,-0.004597068,-0.026556969,0.008295298
1675401900229377962,0.005993247,0.001074791,0.010513067
1675401900423848743,-0.005058408,0.030438423,-9.520054E-4
1675401900617909107,0.016676426,-0.031586647,0.015448332
1675401900812575982,0.00820899,-0.0075654984,0.0030577183
1675401901007623326,-0.021789432,0.026306152,-0.012130976
1675401901202641659,-0.0028499365,-0.025677681,0.012113094
1675401901398044680,0.01934433,9.92775E-4,0.013451099
1675401901590292284,0.0056294203,0.028225899,-0.0038120747
1675401901785285774,-0.004781604,0.012307167,-0.005219698
1675401901979406242,0.0033026934,-0.044804573,0.020373344
1675401902173141919,-0.01870048,5.054474E-4,0.0033791065
1675401902368298638,0.0075372458,0.006006241,-0.011944056
1675401902561982648,0.029808283,-0.0042152405,-0.0025699139
1675401902756288638,-0.0015292168,0.010437012,-0.0035631657
1675401902950740096,-0.027882338,0.013715744,0.009619713
1675401903145363898,0.0016154051,-0.025446892,0.032032013
1675401903339590721,0.018816948,-0.025286674,0.020740032
1675401903536540252,-0.015749335,0.06580639,-0.03950882
1675401903729793221,0.010130286,-0.0046453476,-0.018760443
1675401903922829731,0.018070817,-0.065823555,0.041226625
1675401904117780512,-0.02563703,0.030561447,0.018803596
1675401904311644314,-0.012077451,-0.004137993,0.011928558
1675401904512061189,0.031584978,-0.015107155,-0.0039510727
1675401904705041450,9.7489357E-4,0.05703926,-0.042753935
1675401904895350616,-0.008730769,-0.016262054,0.0021615028
1675401905090036137,0.004342437,-0.036463737,0.044068336
1675401905287439054,-0.013254285,0.010398865,0.0139808655
1675401905479026710,-0.006707549,-0.012385368,-0.005402565
1675401905672948220,0.019918084,0.006114006,-0.018211603
1675401905867207855,0.00766778,0.008601189,-0.014798403
1675401906061311866,-0.018021345,0.022025108,0.0011901855
1675401906255553636,-0.002486229,-0.013692856,0.013494253
1675401906450046605,0.010241628,-0.020468712,0.016590834
1675401906644811293,-0.0025991201,0.035473824,-0.025666475
1675401906841849678,0.013456464,-0.017562866,-0.01150465
1675401907033610199,0.0031237602,0.007923126,0.0011873245
1675401907228117699,-0.014773965,0.008755684,0.0061690807
1675401907421975511,-0.0013500452,-0.022716522,0.015412092
1675401907616365355,0.026395202,-0.009522438,0.014219046
1675401907813098948,-0.0020350218,0.035684586,-0.0046215057
1675401908005600302,-0.005882144,-0.0047397614,-0.0117714405
1675401908200481552,0.0030921698,-0.007273674,6.82354E-4
1675401908394868844,-0.010916591,0.015838623,0.0087246895
1675401908589478583,-0.0012696981,-0.028627396,0.02453971
1675401908784397073,0.01157248,-0.013420105,0.008837223
1675401908977866448,-0.0016351938,0.024582863,-0.0115225315
1675401909171462854,-0.003314972,-0.022161484,0.00513196
1675401909366196396,-0.009106755,0.0094099045,0.0102036
1675401909560721083,-0.009201527,0.018054962,0.0153570175
1675401909755258062,0.011483669,-0.024456024,0.024048567
1675401909949727385,0.008242011,-0.00233078,-0.006512642
1675401910144345145,-0.015349627,0.006433487,-0.012794018
1675401910338060927,-0.0047638416,-0.028006554,0.022479296
1675401910532920927,-0.0010764599,0.009072304,0.022676945
1675401910727147906,0.005674958,-6.322861E-4,0.016341925
1675401910921414937,0.008432984,-0.0019922256,-0.0018677711
1675401911116009937,0.0029796362,0.016571999,-0.0015323162
1675401911310659832,0.0017946959,-0.03644848,0.0857141
1675401911505001707,-0.013618112,-0.033470154,0.053421497
1675401911699655718,-0.026752234,-0.01159668,0.041372538
1675401911893345457,0.0030238628,-0.009064674,0.0048048496
1675401912090790770,-0.0059080124,-0.021968842,-0.034424305
1675401912282170665,-0.016498804,-0.008103371,-0.04970169
1675401912476467384,0.0019699335,0.0065307617,-0.045277
1675401912670935301,-2.64287E-4,0.0032129288,-0.04355538
1675401912865227124,-0.0046653748,-0.0047740936,-0.024333239
1675401913060154623,-0.0013657808,0.012489319,-0.024861455
1675401913254091290,0.014747977,-0.005842209,-0.025339127
1675401913448600144,-0.0011324883,-0.014835358,-0.004582405
1675401913643738009,-0.011382461,0.028963089,-6.990433E-4
1675401913837310561,0.010890722,-0.00228405,0.020826817
1675401914032217956,0.004097581,-0.010935783,0.02566576
1675401914226980040,0.0035966635,0.019665718,0.007880688
1675401914420583529,-0.0046856403,-0.0025072098,0.01230979
