1654219114734028199
1654219114934361741
1654219115134359918
1654219115334264189
1654219115534213147
1654219115744316064
1654219115944569814
1654219116144309553
1654219116344044188
1654219116544060438
1654219116739260542
1654219116949245855
1654219117149388459
1654219117349608355
1654219117549302469
1654219117749313511
1654219117959490282
1654219118159449709
1654219118339575906
1654219118539299135
1654219118739483042
1654219118934292312
1654219119144436948
1654219119344344968
1654219119544229395
1654219119744274448
1654219119944218666
1654219120154192364
1654219120354380854
1654219120554098249
1654219120754828041
1654219120954522989
1654219121149561530
1654219121359492832
1654219121559442572
1654219121759464707
1654219121939473249
1654219122139340124
1654219122349092363
1654219122549244342
1654219122749515176
1654219122949396842
1654219123149596269
1654219123344596686
1654219123555216894
1654219123754386113
1654219123954429498
1654219124154604081
1654219124354341737
1654219124564328039
1654219124763900956
1654219124964050591
1654219125164158716
1654219125364103977
1654219125559543977
1654219125750377987
1654219125955507778
1654219126149852518
1654219126349742935
1654219126549711945
1654219126759551059
1654219126959413091
1654219127165565591
1654219127359341893
1654219127559422570
1654219127754209965
1654219127964451267
1654219128164434340
1654219128364020069
1654219128564220642
1654219128764404600
1654219128975165902
1654219129174585173
1654219129354127256
1654219129554161371
1654219129754045590
1654219129949566944
1654219130159618662
1654219130359665746
1654219130559549339
1654219130759515329
1654219130959261527
1654219131169233089
1654219131369437412
1654219131569191110
1654219131769118401
1654219131969117985
1654219132164498662
1654219132374530328
1654219132574311318
1654219132775126161
1654219132974464182
1654219133154641213
1654219133354619963
1654219133564253088
1654219133764560119
1654219133964383973
1654219134163985692
1654219134359533452
1654219134570533661
1654219134769901056
1654219134988595223
1654219135169366160
1654219135369424702
1654219135569239285
1654219135779262671
1654219135979194598
1654219136179341264
1654219136379202462
1654219136574330379
1654219136764378451
1654219136964094962
1654219137164306524
1654219137365682930
1654219137564141524
1654219137764422514
1654219137974538347
1654219138174773138
1654219138374186263
1654219138573910794
1654219138769927305
1654219138979588607
1654219139180197982
1654219139380273294
1654219139580048294
1654219139779988346
1654219139979257044
1654219140188991263
1654219140389120690
1654219140569231106
1654219140769219856
1654219140964957200
1654219141174579439
1654219141374702043
1654219141574908085
1654219141774233918
1654219141974086627
1654219142174101314
1654219142383980428
1654219142584017668
1654219142783993397
1654219142984266001
1654219143179516626
1654219143389871991
1654219143589205480
1654219143790526417
1654219143989952199
1654219144169592303
1654219144369375324
1654219144579385167
1654219144779779855
1654219144979390688
1654219145179416573
1654219145374404490
1654219145584765531
1654219145784457094
1654219145984333187
1654219146184647979
1654219146384239854
1654219146584172719
1654219146794223604
1654219146994417614
1654219147194432250
1654219147394083916
1654219147601077666
1654219147799738187
1654219147979611416
1654219148179521728
1654219148379528082
1654219148579616259
1654219148778992926
1654219148989900530
1654219149188877926
1654219149388958082
1654219149588857092
1654219149784321988
1654219149994420269
1654219150194329019
1654219150394602717
1654219150594146727
1654219150794230686
1654219150994248446
1654219151204199592
1654219151404452560
1654219151584363550
1654219151783927612
1654219151979910841
1654219152179349852
1654219152389105373
1654219152589196258
1654219152789728081
1654219152989689331
1654219153189372664
1654219153399318393
1654219153599182091
1654219153799484643
1654219153999055528
1654219154194588966
1654219154394626674
1654219154604577455
1654219154804243705
1654219155004497247
1654219155204628028
1654219155384611830
1654219155594892403
1654219155794077194
1654219155994620371
1654219156194495579
1654219156389268131
1654219156589298288
1654219156799404277
1654219156999607767
1654219157199418444
1654219157399520891
1654219157599337193
1654219157809233443
1654219158009097714
1654219158208959537
1654219158408987402
1654219158604287610
1654219158804426151
1654219158994373755
1654219159194337766
1654219159394346307
1654219159594194328
1654219159794663755
1654219160004193547
1654219160204171932
1654219160403969901
1654219160603965265
1654219160799314276
1654219160999350473
1654219161209269432
1654219161409097296
1654219161609822921
1654219161809277869
1654219162009250004
1654219162219314067
1654219162419181254
1654219162619105577
1654219162799417504
1654219162994916150
1654219163194390837
1654219163404615473
1654219163604266462
1654219163804252660
1654219164004304170
1654219164204060212
1654219164414238962
1654219164614180576
1654219164814091774
1654219165015299014
1654219165210235941
1654219165409998232
1654219165619386826
1654219165819671357
1654219166019252086
1654219166219896878
1654219166399641721
1654219166609019846
1654219166809070055
1654219167009008752
1654219167209011721
1654219167404330002
1654219167604287554
1654219167814269690
1654219168014222137
1654219168214225314
1654219168414182033
1654219168614235158
1654219168824097450
1654219169024035627
1654219169223990210
1654219169424285054
1654219169620307866
1654219169819316408
1654219170029242293
1654219170209181199
1654219170409175053
1654219170609208334
1654219170809097188
1654219171009140938
1654219171219261928
1654219171419265365
1654219171619068907
1654219171815176094
1654219172024020209
1654219172224649167
1654219172424638542
1654219172625067292
1654219172824198646
1654219173024215261
1654219173224058750
1654219173434032656
1654219173634299375
1654219173813986875
1654219174009504323
1654219174210535885
1654219174419053906
1654219174619453802
1654219174819392395
1654219175019453437
1654219175219505208
1654219175419503124
1654219175629036457
1654219175828917187
1654219176028841978
1654219176224310572
1654219176424481509
1654219176634318801
1654219176834876822
1654219177035133644
1654219177234391873
1654219177435200050
1654219177614301769
1654219177824101561
1654219178023980936
1654219178224234842
1654219178419608383
1654219178619441092
1654219178829310050
1654219179029712550
1654219179229677237
1654219179429588956
1654219179629530883
1654219179829147550
1654219180039157706
1654219180239147966
1654219180439265049
1654219180634551612
1654219180834399112
1654219181044692810
1654219181225088643
1654219181425436039
1654219181624341872
1654219181824222861
1654219182024203642
1654219182234174892
1654219182434120517
1654219182634384111
1654219182830129215
1654219183029491090
1654219183239426715
1654219183439453434
1654219183639474475
1654219183839395621
1654219184039514163
1654219184239357131
1654219184449373694
1654219184648807391
1654219184848818746
1654219185024443954
1654219185224419266
1654219185434537756
1654219185634347443
1654219185834766089
1654219186035123276
1654219186234372755
1654219186434654005
1654219186643921245
1654219186844095464
1654219187044062234
1654219187239130359
1654219187439409318
1654219187649694005
1654219187850221974
1654219188049501036
1654219188249890880
1654219188449472390
1654219188629168900
1654219188839441244
1654219189040304681
1654219189239064161
1654219189434128223
1654219189634746348
1654219189835185723
1654219190047072858
1654219190245446712
1654219190444474629
1654219190644364577
1654219190844353847
1654219191054112545
1654219191254468170
1654219191454705410
1654219191649244941
1654219191849229420
1654219192049224316
1654219192259222284
1654219192439068014
1654219192639484420
1654219192839599524
1654219193039480722
1654219193249132024
1654219193449164107
1654219193649048430
1654219193844404107
1654219194044316190
1654219194244662752
1654219194454172700
1654219194654134159
1654219194854138169
1654219195054195200
1654219195254117648
1654219195463994158
1654219195664154210
1654219195864072491
1654219196039564106
1654219196239871137
1654219196439672231
1654219196649299314
1654219196849249054
1654219197049251241
1654219197249203533
1654219197448972647
1654219197659179105
1654219197859928636
1654219198059589834
1654219198254730095
1654219198454481240
1654219198654417907
1654219198864382646
1654219199064542959
1654219199264248792
1654219199464338844
1654219199664121865
1654219199853850719
1654219200054054365
1654219200254771969
1654219200449554781
1654219200649177177
1654219200849897802
1654219201059539104
1654219201259468479
1654219201459747125
1654219201659408323
1654219201859308114
1654219202069195718
1654219202269117489
1654219202469057697
1654219202664488530
1654219202864331447
1654219203064323114
1654219203274275822
1654219203454213061
1654219203654367957
1654219203854487593
1654219204055072488
1654219204264148009
