1654219114619476533
1654219114658761793
1654219114698755127
1654219114738759606
1654219114778846585
1654219114838776220
1654219114878912574
1654219114918818043
1654219114958612522
1654219114998819137
1654219115038612678
1654219115098643981
1654219115138616481
1654219115178552939
1654219115218617470
1654219115258612522
1654219115309031845
1654219115358629189
1654219115398673564
1654219115438673303
1654219115478710230
1654219115518643407
1654219115578645907
1654219115618614137
1654219115658960803
1654219115699103720
1654219115738783251
1654219115779103303
1654219115839084345
1654219115878686220
1654219115918777730
1654219115959071324
1654219115998980126
1654219116058992626
1654219116098558668
1654219116138971897
1654219116178953824
1654219116219008095
1654219116258788095
1654219116318991949
1654219116359434501
1654219116398860595
1654219116438781532
1654219116478552730
1654219116518524084
1654219116578805490
1654219116618810699
1654219116658805334
1654219116698931688
1654219116738591324
1654219116798804761
1654219116839182990
1654219116879321167
1654219116918897157
1654219116958726532
1654219116999021636
1654219117058730230
1654219117098712782
1654219117138876428
1654219117178703251
1654219117218727834
1654219117258712990
1654219117318910698
1654219117359109240
1654219117398591375
1654219117438812678
1654219117479114969
1654219117539100334
1654219117579625802
1654219117618843563
1654219117658859761
1654219117699948927
1654219117738826323
1654219117798819292
1654219117838530073
1654219117878733927
1654219117918516167
1654219117958884604
1654219117999205073
1654219118058589031
1654219118098809656
1654219118138957573
1654219118179102625
1654219118218909552
1654219118278510333
1654219118319540125
1654219118359128406
1654219118399149188
1654219118439012104
1654219118478594656
1654219118538996375
1654219118578906063
1654219118618440281
1654219118658737729
1654219118698396479
1654219118739252417
1654219118799156635
1654219118839181062
1654219118879073250
1654219118919182104
1654219118958754917
1654219119018747156
1654219119058749135
1654219119098699448
1654219119138709916
1654219119179069448
1654219119219297312
1654219119279123719
1654219119318504135
1654219119358721948
1654219119398785021
1654219119438766948
1654219119478984604
1654219119538581427
1654219119578922000
1654219119618648250
1654219119658612573
1654219119699316218
1654219119758571531
1654219119799159864
1654219119838718562
1654219119878698614
1654219119918897677
1654219119958589083
1654219120018798666
1654219120058803874
1654219120098946791
1654219120139317989
1654219120178852729
1654219120219061739
1654219120278737729
1654219120318704239
1654219120358934135
1654219120398562312
1654219120438713406
1654219120498675489
1654219120538557937
1654219120578684968
1654219120618609864
1654219120658677572
1654219120698672364
1654219120758699395
1654219120798578353
1654219120838650645
1654219120878681530
1654219120918716218
1654219120969056582
1654219121018643405
1654219121058594551
1654219121098705749
1654219121138671270
1654219121178667207
1654219121238553926
1654219121278669759
1654219121318691582
1654219121358693405
1654219121398699811
1654219121438728509
1654219121498767155
1654219121538885384
1654219121578574134
1654219121619111791
1654219121658677936
1654219121708596478
1654219121758706061
1654219121799905801
1654219121838691374
1654219121878650801
1654219121918565176
1654219121978671738
1654219122019535488
1654219122059348040
1654219122098698613
1654219122138523665
1654219122178654915
1654219122238710488
1654219122278973457
1654219122318935540
1654219122358565905
1654219122398700696
1654219122459185176
1654219122498846321
1654219122538526321
1654219122578717519
1654219122618803301
1654219122658691686
1654219122718684759
1654219122758691686
1654219122798589811
1654219122838708405
1654219122878696165
1654219122918689446
1654219122978682363
1654219123018534082
1654219123058864134
1654219123098821790
1654219123138666738
1654219123198667415
1654219123239716425
1654219123278781269
1654219123318861321
1654219123358678821
1654219123399092623
1654219123458457467
1654219123498645384
1654219123538626529
1654219123578714081
1654219123619612415
1654219123658493144
1654219123718608561
1654219123758636165
1654219123798640540
1654219123838637206
1654219123878878613
1654219123938640644
1654219123978661060
1654219124018624081
1654219124058641894
1654219124098798300
1654219124138787519
1654219124198648248
1654219124238662675
1654219124279318144
1654219124318860331
1654219124358635331
1654219124398654706
1654219124459077987
1654219124498591425
1654219124538439289
1654219124578663769
1654219124618725123
1654219124678640956
1654219124718608873
1654219124758380331
1654219124798651633
1654219124838655018
1654219124878636529
1654219124938608873
1654219124978858143
1654219125018608925
1654219125058652727
1654219125098664654
1654219125138646060
1654219125198664445
1654219125238614914
1654219125278670331
1654219125318635018
1654219125358634966
1654219125418599966
1654219125458773716
1654219125498590695
1654219125538337674
1654219125578613768
1654219125618552727
1654219125678624966
1654219125718638820
1654219125758636633
1654219125798645747
1654219125838561372
1654219125878445435
1654219125938652674
1654219125978654966
1654219126019106841
1654219126058415539
1654219126098611216
1654219126158598664
1654219126198621633
1654219126239005695
1654219126278406841
1654219126318612518
1654219126358648664
1654219126419012830
1654219126458665539
1654219126498433768
1654219126538636789
1654219126578689028
1654219126618734914
1654219126678590434
1654219126718586945
1654219126758620382
1654219126798646111
1654219126838622518
1654219126898515330
1654219126938404028
1654219126978592778
1654219127018692570
1654219127058310382
1654219127098595278
1654219127158366580
1654219127198415226
1654219127238796007
1654219127278642882
1654219127318572674
1654219127369009757
1654219127419025382
1654219127459082257
1654219127498579705
1654219127538587205
1654219127578587413
1654219127638645694
1654219127678953767
1654219127719092674
1654219127758369861
1654219127798629132
1654219127838583819
1654219127898971424
1654219127939192257
1654219127978797621
1654219128019003038
1654219128058940903
1654219128109503455
1654219128158987986
1654219128198558298
1654219128238487830
1654219128278942205
1654219128319196475
1654219128378756319
1654219128418671840
1654219128458606736
1654219128498430538
1654219128538404392
1654219128579466267
1654219128638488559
1654219128678558819
1654219128718960121
1654219128759196007
1654219128798531475
1654219128858942100
1654219128898623715
1654219128938613871
1654219128978618246
1654219129018480798
1654219129058875069
1654219129119319913
1654219129158932152
1654219129199190902
1654219129238351475
1654219129278863819
1654219129318931163
1654219129378991267
1654219129419039183
1654219129458876006
1654219129498282725
1654219129538946996
1654219129598535381
1654219129638376735
1654219129678613402
1654219129718395746
1654219129758548923
1654219129798561631
1654219129858555433
1654219129898511996
1654219129938502881
1654219129978527985
1654219130018302360
1654219130058527464
1654219130118469339
1654219130158768766
1654219130198541371
1654219130238576683
1654219130278559287
1654219130338406318
1654219130379029652
1654219130418558193
1654219130458672777
1654219130498491214
1654219130538391318
1654219130598535173
1654219130638847412
1654219130678995381
1654219130718534652
1654219130758473975
1654219130798519131
1654219130859022412
1654219130899118506
1654219130938619443
1654219130978526579
1654219131018531370
1654219131078432204
1654219131118544443
1654219131158501318
1654219131198347516
1654219131238928506
1654219131278555433
1654219131338536006
1654219131378507047
1654219131418313193
1654219131458579287
1654219131498536631
1654219131538385901
1654219131598414130
1654219131638534183
1654219131679310172
1654219131719575953
1654219131759018453
1654219131818317464
1654219131858565849
1654219131899021891
1654219131938923349
1654219131978517568
1654219132018381943
1654219132078520380
1654219132118558974
1654219132158888609
1654219132198448662
1654219132238262672
1654219132279227411
1654219132338626891
1654219132378978297
1654219132419580901
1654219132458799078
1654219132498813766
1654219132558743870
1654219132598537516
1654219132638497516
1654219132678535849
1654219132718584130
1654219132759238505
1654219132818997672
1654219132859111890
1654219132898433922
1654219132939108297
1654219132978973713
1654219133018554338
1654219133078631734
1654219133118435640
1654219133158662567
1654219133198489963
1654219133238484494
1654219133298291265
1654219133338530119
1654219133378994078
1654219133418529807
1654219133458206526
1654219133498292151
1654219133558527828
1654219133598558088
1654219133638468869
1654219133678533453
1654219133718475067
1654219133768624755
1654219133818567828
1654219133858989703
1654219133898982203
1654219133938567463
1654219133978232775
1654219134038518400
1654219134078512671
1654219134118526473
1654219134158534390
1654219134198421577
1654219134238926473
1654219134298856942
1654219134338847775
1654219134378564494
1654219134418199598
1654219134458493452
1654219134508801161
1654219134558468817
1654219134598500379
1654219134638493348
1654219134678579546
1654219134718935327
1654219134778420692
1654219134818496056
1654219134858429338
1654219134898531785
1654219134938638452
1654219134978979910
1654219135038800640
1654219135078365796
1654219135118910379
1654219135158836577
1654219135198829077
1654219135258429077
1654219135298491942
1654219135338532567
1654219135378997462
1654219135418513764
1654219135458506473
1654219135518269337
1654219135558531369
1654219135598520223
1654219135638421421
1654219135679007983
1654219135718214546
1654219135778431368
1654219135819065900
1654219135858470223
1654219135899031785
1654219135938475118
1654219135998822775
1654219136038860587
1654219136078819754
1654219136119016785
1654219136158176733
1654219136198905535
1654219136258805483
1654219136298947566
1654219136338507306
1654219136379186524
1654219136418770535
1654219136458930431
1654219136520169024
1654219136558320587
1654219136598431993
1654219136638464649
1654219136678799649
1654219136738404910
1654219136778271264
1654219136818426785
1654219136858466889
1654219136898465743
1654219136938652878
1654219136998431420
1654219137038419858
1654219137078461472
1654219137118465222
1654219137158407253
1654219137198581472
1654219137258420014
1654219137298486368
1654219137338429910
1654219137378274076
1654219137418399024
1654219137478460118
1654219137518741055
1654219137558311941
1654219137598397201
1654219137638404753
1654219137678411055
1654219137738434597
1654219137778408086
1654219137818262930
1654219137858944909
1654219137898440013
1654219137938439388
1654219137998521941
1654219138038429076
1654219138078387461
1654219138118744961
1654219138158401420
1654219138218375743
1654219138258374232
1654219138298538295
1654219138338420534
1654219138378430326
1654219138418398920
1654219138478410899
1654219138518287982
1654219138558158190
1654219138598394544
1654219138638160326
1654219138678467201
1654219138738401003
1654219138778836107
1654219138818453763
1654219138858210534
1654219138899036055
1654219138958427982
1654219138998421576
1654219139038427148
1654219139078375638
1654219139118254544
1654219139158393971
1654219139218383138
1654219139258385013
1654219139298422773
1654219139338256992
1654219139378356732
1654219139419129180
1654219139478738971
1654219139518488971
1654219139558426784
1654219139598380690
1654219139638377669
1654219139698380794
1654219139738126784
1654219139778296575
1654219139818392148
1654219139858390794
1654219139898700534
1654219139958355377
1654219139998264127
1654219140038295169
1654219140078415117
1654219140118692252
1654219140169367877
1654219140218363606
1654219140258383398
1654219140298374596
1654219140338396419
1654219140378362669
1654219140438537773
1654219140478403346
1654219140518380742
1654219140558460221
1654219140598317096
1654219140638488242
1654219140698390429
1654219140738361887
1654219140778820950
1654219140818406367
1654219140858499075
1654219140908887460
1654219140958421783
1654219140998801731
1654219141038359596
1654219141078134127
1654219141118371939
1654219141178368502
1654219141218355846
1654219141258381835
1654219141298357929
1654219141338364700
1654219141378540481
1654219141438350220
1654219141478340637
1654219141520173450
1654219141558335898
1654219141598337148
1654219141658068450
1654219141698311366
1654219141738379804
1654219141778271158
1654219141818387772
1654219141858399856
1654219141918393241
1654219141958323658
1654219141998183293
1654219142038396106
1654219142078393085
1654219142118381522
1654219142178189439
1654219142218344022
1654219142259201001
1654219142298839335
1654219142338323970
1654219142398150220
1654219142438307772
1654219142478343241
1654219142518319387
1654219142558355428
1654219142598388345
1654219142658125116
1654219142698747147
1654219142738385689
1654219142778361001
1654219142818369803
1654219142858791470
1654219142918379855
1654219142958833189
1654219142998243657
1654219143038188293
1654219143078673866
1654219143138366261
1654219143178705480
1654219143218167147
1654219143258671678
1654219143298719595
1654219143338703761
1654219143398319543
1654219143438100949
1654219143478190949
1654219143518630584
1654219143558513605
1654219143598711261
1654219143658196209
1654219143698151782
1654219143738323084
1654219143778498970
1654219143818171001
1654219143878454386
1654219143918490376
1654219143958714959
1654219143998877928
1654219144038607667
1654219144078313032
1654219144138319230
1654219144178336990
1654219144218390428
1654219144258168709
1654219144298293344
1654219144338355792
1654219144398634282
1654219144438271261
1654219144478117511
1654219144518636938
1654219144558305376
1654219144618296001
1654219144658240688
1654219144698124750
1654219144738313813
1654219144778360792
1654219144818332719
1654219144878280428
1654219144918571365
1654219144958283605
1654219144998282771
1654219145038308813
1654219145078265584
1654219145138326469
1654219145178299750
1654219145218312250
1654219145258256782
1654219145298302354
1654219145358315844
1654219145397976365
1654219145438135584
1654219145478139542
1654219145518606625
1654219145558196625
1654219145618189073
1654219145658190115
1654219145698457250
1654219145738149854
1654219145778186417
1654219145818089802
1654219145878147615
1654219145918107927
1654219145958167979
1654219145998169021
1654219146038106156
1654219146098122823
1654219146138112823
1654219146178104229
1654219146218248031
1654219146258185323
1654219146298113344
1654219146358095583
1654219146398112510
1654219146438215062
1654219146478125219
1654219146518166208
1654219146568440375
1654219146618046989
1654219146658317093
1654219146698171156
1654219146738238968
1654219146778165948
1654219146838520531
1654219146878177250
1654219146918168552
1654219146958195270
1654219146998116104
1654219147038110218
1654219147098142614
1654219147138094333
1654219147178417458
1654219147218089229
1654219147258021625
1654219147308240322
1654219147358282458
1654219147398319854
1654219147438192927
1654219147478487145
1654219147518160479
1654219147578149749
1654219147618059176
1654219147658005583
1654219147698063031
1654219147738138499
1654219147778067145
1654219147838078187
1654219147878154281
1654219147918133968
1654219147958061364
1654219147998102926
1654219148058176260
1654219148098127197
1654219148138394697
1654219148178089176
1654219148218101155
1654219148258262145
1654219148318140582
1654219148358293603
1654219148398081728
1654219148438031989
1654219148478147093
1654219148519293916
1654219148578090114
1654219148618183030
1654219148658229020
1654219148698069801
1654219148738185009
1654219148798017093
1654219148838162353
1654219148878410738
1654219148918052561
1654219148958214176
1654219148998090322
1654219149058161936
1654219149098078343
1654219149138053395
1654219149178257093
1654219149218044384
1654219149258087249
1654219149318072665
1654219149358090217
1654219149398063082
1654219149438066155
1654219149478486624
1654219149538596988
1654219149578711676
1654219149618653967
1654219149658124905
1654219149698467978
1654219149738058655
1654219149799893811
1654219149838021936
1654219149878216363
1654219149918451728
1654219149958336728
1654219149998830165
1654219150058388030
1654219150098802926
1654219150138871571
1654219150178842040
1654219150218226103
1654219150278041311
1654219150318097769
1654219150358074175
1654219150398071415
1654219150438078550
1654219150478106884
1654219150538073550
1654219150578030686
1654219150618079592
1654219150658114019
1654219150698048082
1654219150738481675
1654219150798056779
1654219150838038602
1654219150878236415
1654219150918083550
1654219150958040321
1654219151018053550
1654219151058349748
1654219151098059696
1654219151138218446
1654219151178257248
1654219151218185738
1654219151277986779
1654219151318068498
1654219151358085633
1654219151398060790
1654219151437976675
1654219151478098654
1654219151538186415
1654219151578131467
1654219151618400477
1654219151658041779
1654219151698008081
1654219151758107196
1654219151798038133
1654219151838058342
1654219151878067821
1654219151918051519
1654219151958101519
1654219152017993185
1654219152058070164
1654219152098038446
1654219152138051258
1654219152178030216
1654219152218046883
1654219152278026935
1654219152318350581
1654219152358494591
1654219152398065893
1654219152437999695
1654219152498048966
1654219152538038289
1654219152578568497
1654219152617998654
1654219152658058341
1654219152698014800
1654219152758021570
1654219152797952508
1654219152838045789
1654219152878034018
1654219152918028497
1654219152968690529
1654219153018019904
1654219153058142143
1654219153098074122
1654219153138030372
1654219153178002768
1654219153237931153
1654219153277994799
1654219153317991101
1654219153357972560
1654219153397998914
1654219153437966362
1654219153497966518
1654219153538190476
1654219153578102716
1654219153617968653
1654219153657929487
1654219153708195737
1654219153758117299
1654219153798008757
1654219153838026153
1654219153878541414
1654219153918159643
1654219153978003757
1654219154018301570
1654219154058163966
1654219154098053341
1654219154138021361
1654219154178129226
1654219154237979070
1654219154278101622
1654219154318057768
1654219154358343757
1654219154398040372
1654219154458081882
1654219154498030320
1654219154538228080
1654219154578258601
1654219154617920007
1654219154657908601
1654219154717951049
1654219154758372611
1654219154798214330
1654219154837974017
1654219154878037090
1654219154918442351
1654219154977953809
1654219155018307611
1654219155058295424
1654219155097966778
1654219155137996205
1654219155197966413
1654219155237953028
1654219155278046830
1654219155317987715
1654219155358058653
1654219155398203028
1654219155458004278
1654219155497978809
1654219155538075580
1654219155577971153
1654219155617955788
1654219155658028548
1654219155718062090
1654219155757955684
1654219155798016830
1654219155837946309
1654219155878146569
1654219155937911048
1654219155978047402
1654219156017822455
1654219156057871257
1654219156097986934
1654219156138223392
1654219156198000007
1654219156237897454
1654219156277995579
1654219156317964694
1654219156358125996
1654219156397988965
1654219156458420423
1654219156498330579
1654219156538357871
1654219156578090006
1654219156618299590
1654219156678831829
1654219156717987506
1654219156758672715
1654219156798185735
1654219156837979590
1654219156877998340
1654219156938399694
1654219156978296048
1654219157018078340
1654219157057922454
1654219157097950006
1654219157137989798
1654219157197929954
1654219157238304954
1654219157278529694
1654219157318291829
1654219157358391256
1654219157418283496
1654219157458234537
1654219157498032766
1654219157538436308
1654219157578247037
1654219157618594693
1654219157678455527
1654219157718274121
1654219157758276412
1654219157798476725
1654219157838311568
1654219157878433287
1654219157938013548
1654219157978257245
1654219158018340475
1654219158058164537
1654219158098577870
1654219158157990579
1654219158198207662
1654219158238621516
1654219158278343443
1654219158318496256
1654219158358019277
1654219158417893756
1654219158457859745
1654219158498001360
1654219158538248339
1654219158578243287
1654219158618611412
1654219158678317870
1654219158717906412
1654219158758834068
1654219158797935995
1654219158838213808
1654219158897949016
1654219158938279224
1654219158977938755
1654219159018016151
1654219159057912974
1654219159097925057
1654219159157919641
1654219159197942245
1654219159237961464
1654219159277922557
1654219159317965734
1654219159369796099
1654219159418151776
1654219159457950266
1654219159497938495
1654219159538005422
1654219159577905786
1654219159638194432
1654219159678047141
1654219159717883443
1654219159757917453
1654219159797927141
1654219159837891724
1654219159897975161
1654219159937914588
1654219159977912609
1654219160017848078
1654219160058002557
1654219160108583026
1654219160157872870
1654219160198080057
1654219160237755942
1654219160277913599
1654219160317958286
1654219160377896567
1654219160417804536
1654219160457841672
1654219160497876567
1654219160537991151
1654219160577951151
1654219160637897713
1654219160677942557
1654219160717876203
1654219160757959692
1654219160798306880
1654219160858005734
1654219160897947036
1654219160937940109
1654219160978538390
1654219161017841515
1654219161057871723
1654219161117895473
1654219161157911619
1654219161197940942
1654219161237875578
1654219161277863390
1654219161317867244
1654219161378140525
1654219161417951671
1654219161457808807
1654219161497876932
1654219161537911515
1654219161597893963
1654219161638015629
1654219161678192609
1654219161717893442
1654219161757880421
1654219161797873859
1654219161857958442
1654219161897836775
1654219161937841827
1654219161977841411
1654219162017830525
1654219162058263806
1654219162117862817
1654219162157918233
1654219162197900681
1654219162237992088
1654219162277905317
1654219162337916358
1654219162377903598
1654219162417883754
1654219162458231723
1654219162497957400
1654219162538105108
1654219162597899848
1654219162637791462
1654219162678272504
1654219162718349900
1654219162757911671
1654219162797926827
1654219162857872660
1654219162898027504
1654219162937905108
1654219162977920108
1654219163017869171
1654219163077905525
1654219163119251723
1654219163157849327
1654219163197859014
1654219163237883389
1654219163278001775
1654219163338241410
1654219163377902973
1654219163417996306
1654219163458040837
1654219163497943702
1654219163537870108
1654219163597889535
1654219163637868858
1654219163677860941
1654219163717802556
1654219163757804118
1654219163818207191
1654219163857791827
1654219163897811931
1654219163937823701
1654219163977814743
1654219164017851722
1654219164077826826
1654219164117823337
1654219164158161826
1654219164197844483
1654219164238184014
1654219164277894222
1654219164338201878
1654219164378161201
1654219164418269066
1654219164457900733
1654219164497842660
1654219164557822555
1654219164597802972
1654219164637786826
1654219164677883441
1654219164717902868
1654219164757855160
1654219164817850576
1654219164857855628
1654219164898011670
1654219164937908128
1654219164977804430
1654219165018091253
1654219165077751930
1654219165118208024
1654219165158023701
1654219165198000107
1654219165237632399
1654219165297953961
1654219165337949170
1654219165377934222
1654219165418073961
1654219165457995576
1654219165497783649
1654219165557951409
1654219165597848076
1654219165637852920
1654219165677759065
1654219165717885003
1654219165768304899
1654219165817880211
1654219165857800211
1654219165897900159
1654219165937826774
1654219165977939847
1654219166037746878
1654219166077846669
1654219166117847086
1654219166157817815
1654219166197820992
1654219166238020107
1654219166299118961
1654219166337870107
1654219166377837294
1654219166418066565
1654219166458170992
1654219166508203544
1654219166557814430
1654219166597807607
1654219166637814898
1654219166677894221
1654219166717805003
1654219166777825159
1654219166817819482
1654219166857818596
1654219166897832763
1654219166937795627
1654219166977815211
1654219167037804169
1654219167077781461
1654219167117828284
1654219167157796044
1654219167197786356
1654219167257708336
1654219167297776096
1654219167337800211
1654219167378085523
1654219167418149065
1654219167457837658
1654219167517835731
1654219167557771669
1654219167597770002
1654219167637825106
1654219167677958283
1654219167717764325
1654219167777818544
1654219167817824273
1654219167857715367
1654219167897765419
1654219167937808648
1654219167997822502
1654219168037907033
1654219168077685575
1654219168117785054
1654219168159318700
1654219168197852450
1654219168257709221
1654219168297754533
1654219168337891252
1654219168377994481
1654219168417924429
1654219168458066721
1654219168517857398
1654219168557843700
1654219168597800627
1654219168637749116
1654219168677776043
1654219168737811408
1654219168777805158
1654219168817807710
1654219168857766825
1654219168897989793
1654219168937848595
1654219168997735158
1654219169037742710
1654219169077815002
1654219169118126720
1654219169157766668
1654219169197798231
1654219169257812606
1654219169297747085
1654219169337896824
1654219169377796408
1654219169418082189
1654219169477679168
1654219169517843231
1654219169557790001
1654219169597732241
1654219169637726356
1654219169677743074
1654219169737905783
1654219169777718283
1654219169817727293
1654219169857776772
1654219169897902449
1654219169938380366
1654219169998141876
1654219170037839897
1654219170077689272
1654219170117833751
1654219170157884272
1654219170218108960
1654219170257701668
1654219170298925418
1654219170338537814
1654219170377930366
1654219170418082657
1654219170478602189
1654219170518700209
1654219170557903126
1654219170598193126
1654219170637789324
1654219170678516668
1654219170738355105
1654219170777825730
1654219170818178803
1654219170857707605
1654219170898257553
1654219170958086147
1654219170998421511
1654219171038000574
1654219171077826668
1654219171118173438
1654219171157792136
1654219171217794272
1654219171257951407
1654219171297855470
1654219171337839011
1654219171377764792
1654219171417843126
1654219171478078490
1654219171517799897
1654219171557827501
1654219171597747449
1654219171637766667
1654219171698932449
1654219171737770261
1654219171777801563
1654219171817812917
1654219171857817240
1654219171897979792
1654219171957843490
1654219171997796459
1654219172037779740
1654219172078054896
1654219172117944375
1654219172168182032
1654219172217770052
1654219172257783490
1654219172297863386
1654219172337765990
1654219172377879011
1654219172437730209
1654219172477663750
1654219172517982500
1654219172557812396
1654219172597741094
1654219172637738229
1654219172697771771
1654219172738136563
1654219172778251042
1654219172818065938
1654219172857792448
1654219172908439115
1654219172957837500
1654219172997750886
1654219173037726875
1654219173077646615
1654219173117812396
1654219173177753021
1654219173217840313
1654219173257724896
1654219173297807656
1654219173337782344
1654219173377730052
1654219173438113385
1654219173477653437
1654219173517843021
1654219173557790052
1654219173597818542
1654219173657697760
1654219173697670104
1654219173737723385
1654219173778063906
1654219173818085156
1654219173858035104
1654219173917864531
1654219173957749062
1654219173997766614
1654219174037742916
1654219174077762291
1654219174117809583
1654219174177779010
1654219174218059791
1654219174257650625
1654219174298071250
1654219174337759270
1654219174397726614
1654219174437780989
1654219174478050000
1654219174517787604
1654219174557790000
1654219174597778802
1654219174657759531
1654219174698278489
1654219174737745468
1654219174777791770
1654219174817762135
1654219174857714166
1654219174917806979
1654219174957740572
1654219174997820572
1654219175037721197
1654219175077716093
1654219175137723281
1654219175177726093
1654219175217723801
1654219175257719947
1654219175297728072
1654219175337781978
1654219175397868749
1654219175437855833
1654219175477855312
1654219175517978176
1654219175557638124
1654219175597914530
1654219175657954843
1654219175697726874
1654219175737860624
1654219175777930155
1654219175817724218
1654219175877876770
1654219175917908801
1654219175957918332
1654219175997762291
1654219176037642082
1654219176077902395
1654219176137970155
1654219176178397968
1654219176217837186
1654219176257817343
1654219176298076197
1654219176338313020
1654219176397956301
1654219176438082395
1654219176477664374
1654219176517900624
1654219176557847759
1654219176617849790
1654219176658204270
1654219176697901405
1654219176738012395
1654219176777919947
1654219176817946301
1654219176877898905
1654219176917890884
1654219176957851353
1654219176997841561
1654219177037921613
1654219177078481821
1654219177137883332
1654219177177914217
1654219177217950519
1654219177258155311
1654219177297849842
1654219177357866717
1654219177397915988
1654219177438212603
1654219177477854582
1654219177517864738
1654219177557709686
1654219177617840623
1654219177657878384
1654219177697658227
1654219177737925623
1654219177777824113
1654219177817885884
1654219177877928696
1654219177917883123
1654219177958339738
1654219177997950311
1654219178037746717
1654219178097826300
1654219178137864321
1654219178177892290
1654219178217801821
1654219178257731144
1654219178298273852
1654219178357887863
1654219178397861717
1654219178437848592
1654219178478420519
1654219178517853383
1654219178568148748
1654219178617848019
1654219178657988592
1654219178697975519
1654219178737892185
1654219178777972706
1654219178837873175
1654219178877900310
1654219178917692810
1654219178957673696
1654219178997737967
1654219179037636039
1654219179097565414
1654219179137668227
1654219179177729164
1654219179217671977
1654219179257683644
1654219179308029164
1654219179357654164
1654219179397615154
1654219179437744737
1654219179477763643
1654219179517690310
1654219179577691873
1654219179617612029
1654219179657728852
1654219179697740623
1654219179737670570
1654219179777704998
1654219179837662029
1654219179877552341
1654219179917689997
1654219179957673018
1654219179998667914
1654219180057920518
1654219180097755779
1654219180137738122
1654219180177888279
1654219180217656612
1654219180257919529
1654219180317952810
1654219180358120154
1654219180398337185
1654219180438099372
1654219180478078279
1654219180517750153
1654219180578007081
1654219180617906299
1654219180657760414
1654219180697800518
1654219180737846612
1654219180797811091
1654219180838329997
1654219180878151560
1654219180918132862
1654219180957699112
1654219180998086612
1654219181058313278
1654219181098176560
1654219181138612549
1654219181178094424
1654219181217848955
1654219181258100414
1654219181318546403
1654219181358505049
1654219181397766611
1654219181438082601
1654219181477842601
1654219181537801664
1654219181577631924
1654219181617849684
1654219181657857288
1654219181697775361
1654219181738057549
1654219181797624268
1654219181837782653
1654219181878445518
1654219181918163955
1654219181958090413
1654219181998017132
1654219182058042757
1654219182098075986
1654219182137755674
1654219182177769267
1654219182217821455
1654219182277882653
1654219182318145101
1654219182357782653
1654219182397823851
1654219182437741038
1654219182477780517
1654219182537836194
1654219182577642965
1654219182617745986
1654219182657725361
1654219182697634632
1654219182737808955
1654219182797781976
1654219182837808642
1654219182877838017
1654219182917809319
1654219182957816507
1654219183017883903
1654219183057869996
1654219183097822392
1654219183138286194
1654219183177531611
1654219183217772236
1654219183277792652
1654219183317793225
1654219183358039371
1654219183397857392
1654219183437739163
1654219183477798173
1654219183537795829
1654219183577606506
1654219183617803642
1654219183657867965
1654219183697766871
1654219183757849788
1654219183797737756
1654219183837721506
1654219183877708069
1654219183917485829
1654219183958335569
1654219184017639371
1654219184057582027
1654219184097664579
1654219184137648433
1654219184177861194
1654219184217939683
1654219184277816246
1654219184317980412
1654219184357578277
1654219184397968642
1654219184437981975
1654219184497655725
1654219184537598433
1654219184577598485
1654219184617670725
1654219184657554579
1654219184697482652
1654219184758155152
1654219184797884110
1654219184837584058
1654219184877596298
1654219184917602964
1654219184968290204
1654219185017690777
1654219185057663902
1654219185097549110
1654219185137571402
1654219185177863277
1654219185237540777
1654219185277602652
1654219185317542287
1654219185358085047
1654219185398139006
1654219185437667495
1654219185497830412
1654219185537836922
1654219185577823277
1654219185617745933
1654219185657969058
1654219185707959527
1654219185757735724
1654219185797709735
1654219185837884631
1654219185877796870
1654219185917686610
1654219185977702443
1654219186018098328
1654219186058142912
1654219186097738901
1654219186137656974
1654219186177513433
1654219186237731141
1654219186277714839
1654219186317691401
1654219186357748016
1654219186397501870
1654219186457758901
1654219186498878693
1654219186537642964
1654219186577706766
1654219186617594578
1654219186657743797
1654219186717750516
1654219186757763745
1654219186797690932
1654219186837574995
1654219186877818849
1654219186918106297
1654219186978040359
1654219187017591714
1654219187057571453
1654219187097663432
1654219187137690203
1654219187197734630
1654219187237567234
1654219187277676922
1654219187318651922
1654219187358298432
1654219187397666661
1654219187457382755
1654219187497760463
1654219187537696453
1654219187577521453
1654219187617737130
1654219187657619317
1654219187717709161
1654219187757684786
1654219187797666661
1654219187837654890
1654219187877425880
1654219187937810411
1654219187977727130
1654219188017659786
1654219188057668380
1654219188098005515
1654219188137683692
1654219188197652598
1654219188237663119
1654219188277686296
1654219188317412911
1654219188358108692
1654219188397794682
1654219188457697130
1654219188497683223
1654219188537675723
1654219188577426400
1654219188617703588
1654219188677669942
1654219188717610619
1654219188757452286
1654219188797763015
1654219188838071192
1654219188877693432
1654219188937634213
1654219188977646296
1654219189017301296
1654219189057646817
1654219189097714577
1654219189137707390
1654219189197757025
1654219189237543275
1654219189277285619
1654219189317395567
1654219189357553536
1654219189417715463
1654219189457493588
1654219189497496504
1654219189537776556
1654219189577718327
1654219189617495983
1654219189677374108
1654219189717568171
1654219189757462337
1654219189797463744
1654219189837564317
1654219189877396087
1654219189937812337
1654219189977759942
1654219190017586244
1654219190057531504
1654219190097466452
1654219190157473014
1654219190197486296
1654219190237758066
1654219190277520879
1654219190317699056
1654219190357700827
1654219190418112702
1654219190457734316
1654219190497604160
1654219190537728327
1654219190577620723
1654219190617727702
1654219190677675462
1654219190717495775
1654219190758157285
1654219190797752806
1654219190837678118
1654219190897802858
1654219190937413535
1654219190978023066
1654219191018353639
1654219191057615774
1654219191097974785
1654219191157495670
1654219191197600879
1654219191237642233
1654219191277640410
1654219191317666504
1654219191367889108
1654219191417620566
1654219191457646503
1654219191497952910
1654219191537596920
1654219191577351920
1654219191637513014
1654219191677438743
1654219191717399524
1654219191757374941
1654219191797380149
1654219191837665722
1654219191897382232
1654219191937466243
1654219191977465982
1654219192017553743
1654219192057496295
1654219192107683118
1654219192157644316
1654219192197652024
1654219192237449524
1654219192277620982
1654219192317609472
1654219192377921503
1654219192417610305
1654219192457417857
1654219192497913378
1654219192538056503
1654219192577908691
1654219192637922024
1654219192677637336
1654219192717961711
1654219192757985201
1654219192797963118
1654219192857942180
1654219192897622597
1654219192937527388
1654219192977644888
1654219193018002805
1654219193058277961
1654219193117588742
1654219193157302545
1654219193197948222
1654219193237741711
1654219193277952701
1654219193317683847
1654219193377911607
1654219193418138951
1654219193457839680
1654219193497920513
1654219193537480565
1654219193597675513
1654219193637599680
1654219193677605930
1654219193717569315
1654219193757537909
1654219193797537180
1654219193857625253
1654219193897602700
1654219193937351242
1654219193977916815
1654219194017690305
1654219194057308898
1654219194117543898
1654219194157633482
1654219194197457023
1654219194237401086
1654219194277377388
1654219194337464732
1654219194377516398
1654219194417831242
1654219194458087284
1654219194497411346
1654219194537668534
1654219194597535044
1654219194637312700
1654219194677388586
1654219194717364263
1654219194757377231
1654219194797498429
1654219194857390617
1654219194897269367
1654219194937251085
1654219194977679263
1654219195017454471
1654219195077351190
1654219195117660356
1654219195157353898
1654219195197427440
1654219195237415252
1654219195277368429
1654219195337687700
1654219195377953585
1654219195417698637
1654219195457362023
1654219195497586398
1654219195537628325
1654219195597353064
1654219195637583794
1654219195677600096
1654219195717529939
1654219195757551919
1654219195817573689
1654219195857574366
1654219195897632335
1654219195937374106
1654219195977656502
1654219196017604887
1654219196077615408
1654219196117816658
1654219196157592595
1654219196197549106
1654219196237591345
1654219196277574418
1654219196337493168
1654219196377605408
1654219196417564002
1654219196457557752
1654219196497550408
1654219196557423637
1654219196597568741
1654219196637448689
1654219196677674158
1654219196717399731
1654219196757302543
1654219196817294054
1654219196857359783
1654219196897360251
1654219196937359053
1654219196977389783
1654219197017355876
1654219197077312595
1654219197117606501
1654219197157650460
1654219197197398897
1654219197237853741
1654219197297545928
1654219197337570043
1654219197377557074
1654219197417489053
1654219197457187595
1654219197497544574
1654219197557475668
1654219197597214053
1654219197637549834
1654219197677279730
1654219197717359470
1654219197769203793
1654219197817572647
1654219197857608689
1654219197897256970
1654219197937529001
1654219197977881657
1654219198037489834
1654219198077468168
1654219198117425303
1654219198157517751
1654219198197523011
1654219198237519418
1654219198297516865
1654219198337219418
1654219198377513845
1654219198417517855
1654219198457491709
1654219198507864574
1654219198557445042
1654219198597518792
1654219198637629417
1654219198678082594
1654219198717581188
1654219198777507490
1654219198817211969
1654219198857508740
1654219198897096136
1654219198937637230
1654219198977305615
1654219199037697074
1654219199077669626
1654219199117213376
1654219199157725459
1654219199197285407
1654219199257264001
1654219199297267178
1654219199337506344
1654219199377289886
1654219199417364990
1654219199457312646
1654219199517202386
1654219199557303792
1654219199597299521
1654219199637756084
1654219199677708271
1654219199717674417
1654219199777810250
1654219199817939365
1654219199857306761
1654219199897546761
1654219199937367229
1654219199997664469
1654219200037373063
1654219200077540771
1654219200117386396
1654219200157290406
1654219200197291448
1654219200257256708
1654219200297666344
1654219200337252021
1654219200377950198
1654219200417521656
1654219200457518115
1654219200517481917
1654219200557478115
1654219200598215406
1654219200637097021
1654219200677691500
1654219200737278844
1654219200777495406
1654219200818186864
1654219200857923219
1654219200898335823
1654219200937866812
1654219200997756812
1654219201037542489
1654219201078182177
1654219201118169364
1654219201157762489
1654219201197267958
1654219201258169729
1654219201297844156
1654219201337856291
1654219201377313687
1654219201417835406
1654219201478096916
1654219201517934520
1654219201558261916
1654219201597237906
1654219201638165875
1654219201677503895
1654219201737371447
1654219201777617906
1654219201817275510
1654219201857525614
1654219201898279989
1654219201937875302
1654219201997649833
1654219202037240666
1654219202077471187
1654219202117386760
1654219202157480666
1654219202217461656
1654219202257383791
1654219202297370354
1654219202337464364
1654219202377970770
1654219202417171656
1654219202477384312
1654219202517409364
1654219202557455353
1654219202597397593
1654219202637372697
1654219202677380249
1654219202737273739
1654219202777354885
1654219202817606030
1654219202857245926
1654219202897388999
1654219202957458218
1654219202997708582
1654219203037372332
1654219203077150093
1654219203117410770
1654219203157440770
1654219203217438791
1654219203257098947
1654219203297378009
1654219203337738061
1654219203377709572
1654219203417441447
1654219203477223270
1654219203517362697
1654219203557797436
1654219203597987541
1654219203637480978
1654219203697287853
1654219203737125613
1654219203777493530
1654219203817486186
1654219203857533999
1654219203897064884
1654219203957107801
1654219203997208999
1654219204037192645
1654219204077246759
1654219204117138790
1654219204168019363
1654219204217222072
1654219204257548165
1654219204297039936
1654219204337137801
1654219204377182540
1654219204437203321
1654219204477248269
1654219204517302332
