1654219114465615700,-1.2247975,1.827583,9.88423
1654219114496181950,-0.21568482,1.7030897,9.137272
1654219114515712158,-0.36172485,1.8335682,9.031931
1654219114534877835,-0.6214845,2.4524426,9.314435
1654219114554208564,-0.74358356,3.0820906,9.601727
1654219114573292158,-0.7411895,2.9336567,9.611303
1654219114592689814,-1.0775603,2.46561,9.572998
1654219114611832002,-1.3875961,2.463216,9.456883
1654219114632590335,-1.3193643,2.5853152,9.522721
1654219114650219449,-1.1613538,2.385408,9.470051
1654219114679311481,-0.91715574,1.809627,9.535889
1654219114698727210,-0.7878744,1.6145082,9.462869
1654219114720241429,-0.97820526,1.8515239,9.449701
1654219114729942366,-1.2654971,2.044249,9.387455
1654219114746803460,-1.2212062,1.7856863,9.441322
1654219114766552835,-1.119457,1.5690203,9.589756
1654219114785705804,-1.0703781,1.7102721,9.495189
1654219114814534606,-0.9770082,1.7940656,9.493993
1654219114833932835,-1.4199165,2.125648,9.324011
1654219114853205751,-1.7802284,2.4105458,9.288099
1654219114863894033,-1.4654043,1.9855933,9.31204
1654219114882227262,-0.90398824,2.0897367,9.543071
1654219114901795439,-0.58796716,2.3075998,9.672353
1654219114921428304,-0.16899987,1.7234397,10.009921
1654219114949905179,-0.26835495,1.5474733,10.209827
1654219114968676637,-0.6741547,2.1926827,10.090123
1654219114987775231,-0.85969734,2.6439705,9.873457
1654219114998394970,-0.8920177,2.8869715,9.280917
1654219115016972626,-0.94468784,2.992312,9.013976
1654219115036439397,-1.046437,2.920489,9.151636
1654219115056190960,-0.973417,2.4464574,9.337179
1654219115076505803,-0.9327174,2.2285943,9.288099
1654219115095435283,-0.5712085,2.4524426,9.815999
1654219115114796637,-0.7316131,2.1064954,9.995556
1654219115142803095,-0.4024245,1.7653363,10.980728
1654219115162082678,0.08597164,2.2704911,10.619219
1654219115184647053,0.42353955,2.4320927,10.080546
1654219115196433355,-0.147453,2.2704911,9.158819
1654219115209429658,-0.5005826,1.6324639,9.284508
1654219115228678512,-0.5951494,2.242959,9.711855
1654219115248125283,-0.87166786,2.020308,9.332391
1654219115278901220,-1.6090503,3.0940611,10.106882
1654219115297234762,-0.95546126,2.8630304,9.254582
1654219115316148095,-0.50297666,3.600413,8.980457
1654219115330219033,-0.69091344,4.689728,8.173647
1654219115344620022,-0.3222222,3.9044635,8.733866
1654219115363889658,-0.42875957,2.845075,8.972078
1654219115383039345,-0.16540873,2.8402867,9.437731
1654219115411937626,0.5504268,3.3897324,9.52751
1654219115431344032,1.3285089,4.0528975,10.129625
1654219115450383980,1.4434257,4.203726,10.4839525
1654219115463572574,-0.08640349,4.4886236,9.753752
1654219115480241168,-0.4838239,4.620299,10.439661
1654219115498805178,-0.4191832,4.5688257,10.141596
1654219115517799189,-0.62387866,4.542491,9.179169
1654219115546569918,0.3708694,3.8146849,9.82797
1654219115565741585,1.0914931,2.8558483,9.635244
1654219115586306949,0.5157124,3.2065837,9.398229
1654219115598030699,0.3397461,3.1946132,9.23543
1654219115615704189,0.33615494,4.7495804,10.546199
1654219115634594814,-0.6202875,4.4563036,9.217474
1654219115652982314,0.7132255,8.095333,8.87392
1654219115682084449,0.47381562,8.904538,9.343164
1654219115700893668,0.72040784,7.968446,10.495922
1654219115720174084,1.1178281,8.121668,11.622346
1654219115730978043,0.4295248,8.267708,10.771244
1654219115749597887,-0.016974598,8.071392,10.440859
1654219115768165543,-0.5257206,6.661268,10.870599
1654219115787572626,-0.4407301,5.3624697,11.022624
1654219115816363564,-0.65500194,5.0931334,10.306789
1654219115835814293,-1.4677985,5.6677175,8.578249
1654219115855987053,-2.0447762,5.4917507,7.4554167
1654219115874365855,-1.8783863,4.4347563,7.409929
1654219115893309657,-1.2702854,4.149859,7.631383
1654219115912713459,-1.0631957,4.251608,7.5224514
1654219115931243095,-1.2619059,4.268367,7.575122
1654219115942130543,-1.6665087,3.983469,7.898325
1654219115961026116,-1.9047215,3.9714985,7.4709787
1654219115980527053,-1.6653116,4.3880715,6.958641
1654219116009664397,-1.2894381,4.4982,6.9323063
1654219116028648720,-1.3085909,4.001425,6.8963947
1654219116047597157,-1.3612611,3.576472,6.90238
1654219116072345543,-1.3181672,3.4950726,6.7000785
1654219116076711272,-1.1888859,3.8673549,6.1147213
1654219116095560855,-1.5348332,4.388071,5.476694
1654219116115289501,-2.2638364,4.5400968,5.106806
1654219116144189345,-2.5930247,4.510171,5.0708942
1654219116163296324,-2.4134674,5.0189166,5.0601206
1654219116182332105,-2.1225846,4.9877934,5.171447
1654219116196788720,-2.186028,3.9056606,5.9459376
1654219116211796688,-1.9250714,3.9343898,6.270338
1654219116231271584,-1.6006708,4.662196,5.869326
1654219116249922886,-1.8903568,4.969837,5.9914255
1654219116279155699,-2.5307782,4.078036,6.822178
1654219116298046115,-2.129767,3.019844,7.615822
1654219116316943303,-1.2714823,3.5441518,8.09105
1654219116331753251,-0.7627364,3.7859554,7.225583
1654219116346177313,-1.3181672,2.9252772,7.2447357
1654219116365696428,-1.8831747,2.5158863,7.2028394
1654219116384616636,-1.8376868,3.3035448,6.1518297
1654219116413472834,-1.8628247,4.277943,5.6730103
1654219116432930855,-2.5307784,3.430432,5.5556993
1654219116452466688,-2.668439,2.9204888,5.6825867
1654219116463994188,-1.9777415,3.07012,5.3126984
1654219116485621376,-1.5348332,3.8505964,5.158279
1654219116500266584,-1.943027,3.6315362,4.9691453
1654219116519307365,-2.2566538,2.9324594,5.42163
1654219116548331949,-1.6593263,2.5805268,5.6359015
1654219116567754188,-0.5101589,3.1958103,5.5473204
1654219116587428928,0.26433197,3.9415722,5.735257
1654219116597034292,-0.75076586,3.018647,6.320614
1654219116615889553,-1.653341,2.531448,7.2698746
1654219116635111167,-1.3373201,2.3183732,7.6744766
1654219116654396115,-0.40840974,3.8996754,8.211952
1654219116683979970,0.27390838,5.094331,7.564348
1654219116709568772,-0.58317894,4.9734287,7.1489716
1654219116721961219,-1.4282959,5.285858,7.2052336
1654219116741171480,-1.385202,5.4390807,7.359653
1654219116760187782,-0.7771009,5.190095,7.4745693
1654219116779680647,-0.031339202,6.256665,7.4997077
1654219116796634709,-0.08161527,6.8192787,7.1800957
1654219116808651219,-0.40003043,6.663662,7.357259
1654219116827872938,-0.85969734,5.9214916,8.22512
1654219116847502626,-0.9375056,5.9071274,8.735063
1654219116876169917,-0.43833598,6.5008636,8.158085
1654219116896806688,-0.25279334,7.5243406,7.4434466
1654219116914421584,-0.76034224,7.383089,7.232766
1654219116930161688,-1.3097879,6.9892597,7.322544
1654219116943474292,-1.0224961,7.2585955,7.0436316
1654219116963012834,-0.39883333,7.8607116,6.7958426
1654219116981988824,-0.28391662,7.5267353,6.67494
1654219117012226792,-0.60951406,6.873146,6.8485126
1654219117031201428,-1.0871367,6.6229625,7.19446
1654219117050640959,-1.429493,6.9677134,7.2531157
1654219117064795855,-1.4701926,6.9665155,7.468584
1654219117079650021,-1.7371345,6.357218,8.369963
1654219117098628824,-1.5635624,6.651692,8.436998
1654219117116975594,-1.796987,7.0491123,7.936631
1654219117145769188,-1.9442241,8.142018,7.803758
1654219117164782417,-1.7790313,8.878202,8.076686
1654219117184192730,-1.6545382,8.248555,8.648876
1654219117197792626,-1.6653116,7.578208,8.629723
1654219117214586063,-2.0088649,7.6069374,8.480091
1654219117233494136,-2.2123632,7.940914,8.061124
1654219117252833876,-2.0136528,8.089348,7.753482
1654219117283477834,-2.1596928,7.415409,7.711585
1654219117301253667,-2.2925653,7.0802355,7.7881966
1654219117320401480,-1.9777416,7.8475437,7.225583
1654219117331341115,-1.2702852,8.296437,6.4810185
1654219117348587417,-1.1793096,6.955743,6.677335
1654219117368140438,-1.2942263,5.828122,7.16214
1654219117386673094,-0.64662254,6.0519705,6.9622326
1654219117415676688,-0.09597987,6.0926695,6.9131536
1654219117435514709,0.051257204,5.774255,7.204036
1654219117454024500,-0.14266479,5.8831863,7.644551
1654219117464137157,0.002178181,5.4450665,7.901916
1654219117494224917,0.54204744,5.7922106,7.8935366
1654219117502341063,1.2746418,7.4884295,7.5966682
1654219117521657782,1.2327449,6.557125,7.5787125
1654219117550591323,0.8209599,5.3409224,8.182026
1654219117569936948,0.73477244,6.2063894,8.141326
1654219117589451219,1.1453602,8.5454235,7.4111257
1654219117607940750,1.3213265,9.135569,7.4494314
1654219117627259188,1.0579758,7.77213,7.991695
1654219117646508042,1.2866122,7.2921133,8.123371
1654219117663761011,1.1525426,8.863838,7.8612165
1654219117677079448,0.6114763,9.2014065,8.110203
1654219117695694084,0.30024347,8.440083,8.547127
1654219117713942105,0.6701317,8.459236,8.478894
1654219117742956584,0.86165965,9.673044,8.432209
1654219117762278615,0.80898947,9.250486,8.308914
1654219117781528198,0.6378114,9.031425,7.9761333
1654219117799534448,0.49057433,8.574152,7.734329
1654219117812150750,0.76230454,8.464025,7.2160068
1654219117829502417,1.0256554,8.410157,6.6210737
1654219117848537313,1.1321927,7.5135674,6.4953833
1654219117878309865,0.84370387,5.328952,6.0417013
1654219118080784917,0.65280294,1.6000862,1.2324132
1654219118283281636,2.4088175,8.794696,4.2580976
1654219118494271323,1.573391,14.154854,-1.3576597
1654219118696509865,-0.6681695,10.148844,-1.433815
1654219118900842781,0.3680193,9.7451515,-3.30087
1654219119102396948,0.7164176,10.322813,-4.650572
1654219119294800958,0.24694625,8.864352,-5.494663
1654219119496316843,-0.35214847,7.21345,-6.780294
1654219119699201843,-0.35385847,4.240778,-9.008174
1654219119902074760,1.2972715,3.4240475,-8.482839
1654219120103719760,2.5289783,4.4897637,-7.653228
1654219120316442312,2.033856,6.6102514,-6.7157664
1654219120517933718,-0.45190248,9.171481,-5.037731
1654219120720823666,1.431341,9.245241,-2.1920602
1654219120923415801,0.59386265,9.649047,-0.27119496
1654219121114733353,-0.14830801,9.491035,0.1365999
1654219121317849343,-0.047983892,9.821763,-0.10303799
1654219121484635541,0.014148677,9.713744,0.022937208
1654219121499741114,0.039286718,9.656286,0.057651646
1654219121518990749,0.097942136,9.686212,0.09595721
1654219121548250749,0.14462706,9.713743,0.11870116
1654219121567063041,0.167371,9.7113495,0.16059788
1654219121586121009,0.22123823,9.701773,0.2048887
1654219121596886061,0.26074088,9.685015,0.23840609
1654219121615069916,0.28587887,9.635936,0.28149986
1654219121634449759,0.31460807,9.645512,0.30065265
1654219121654895645,0.35051954,9.6945915,0.32219955
1654219121682376791,0.3445343,9.682621,0.34254938
1654219121701898145,0.34692842,9.645512,0.3617022
1654219121722530957,0.36129302,9.652695,0.38085496
1654219121731153665,0.36488414,9.689802,0.4035989
1654219121751400228,0.35171658,9.673044,0.42275172
1654219121770385020,0.34453428,9.643118,0.43591923
1654219121788679551,0.3397461,9.657482,0.46584547
1654219121808497832,0.32418445,9.689802,0.477816
1654219121827373561,0.27510542,9.665862,0.49218056
1654219121846498457,0.2523615,9.665862,0.49816582
1654219121876338457,0.22722347,9.657482,0.5149245
1654219121894796738,0.1793415,9.647905,0.5340773
1654219121913654603,0.1721592,9.706561,0.55083597
1654219121931420540,0.1386418,9.713743,0.5628065
1654219121943539655,0.094350986,9.687408,0.58076227
1654219121962014707,0.08597164,9.685015,0.5951268
1654219121981582572,0.07400115,9.716138,0.6094914
1654219122010641270,0.059636556,9.759232,0.6202649
1654219122029281738,0.05125721,9.799931,0.63702357
1654219122049083613,0.06203065,9.814295,0.672935
1654219122063754447,0.07400115,9.777187,0.7040583
1654219122078284186,0.097942136,9.754444,0.73757565
1654219122098030436,0.14702116,9.772399,0.7770783
1654219122117661895,0.20328248,9.774793,0.81538385
1654219122145842259,0.24278511,9.767611,0.83812785
1654219122164067363,0.31460807,9.779581,0.8716452
1654219122183552467,0.40917498,9.786764,0.8872068
1654219122196812572,0.4893773,9.734093,0.9195272
1654219122212917155,0.5647914,9.669453,0.9279065
1654219122231737311,0.6713288,9.6467085,0.94705933
1654219122251993197,0.76110744,9.637133,0.9578328
1654219122279981530,0.83173335,9.607206,0.96381795
1654219122299378405,0.9227091,9.548552,0.9698032
1654219122328349551,1.0029114,9.553339,0.9590298
1654219122331840905,1.0699463,9.549748,0.9446652
1654219122347862259,1.1226163,9.540172,0.93867993
1654219122366370176,1.1704984,9.519821,0.9314977
1654219122386106790,1.1968334,9.467152,0.92431533
1654219122414947832,1.2183803,9.433635,0.9099508
1654219122434347988,1.2411244,9.470743,0.9039655
1654219122453468144,1.2614741,9.510246,0.89438915
1654219122463350436,1.2518977,9.531792,0.8896009
1654219122494209603,1.2351391,9.562916,0.88361573
1654219122501224030,1.187257,9.556931,0.8788275
1654219122520517207,1.1274047,9.535383,0.89558613
1654219122559768040,1.0591729,9.591644,0.9027685
1654219122568607571,0.9825616,9.62995,0.90396553
1654219122587918717,0.8604626,9.617979,0.9291036
1654219122597427832,0.75871336,9.674241,0.9434682
1654219122617436530,0.6497819,9.725714,0.9410741
1654219122636167051,0.50613594,9.754444,0.9482564
1654219122656213873,0.38283986,9.749655,0.95184755
1654219122674685280,0.23560281,9.689802,0.95783275
1654219122693985957,0.12188313,9.760428,0.9614239
1654219122713243769,-0.014580507,9.774794,0.962621
1654219122742221686,-0.14386183,9.754444,0.9698032
1654219122763081165,-0.23603465,9.726912,0.963818
1654219122780544811,-0.31863105,9.7520485,0.9554387
1654219122797066946,-0.3976363,9.681423,0.96621203
1654219122809405957,-0.44671533,9.632343,0.95184755
1654219122828985853,-0.48861206,9.674241,0.941074
1654219122848365488,-0.51015896,9.6503,0.9350889
1654219122876818717,-0.53409994,9.632345,0.93030065
1654219122896184498,-0.52691764,9.673044,0.9171331
1654219122915825280,-0.511356,9.677832,0.89798033
1654219122930453925,-0.5077648,9.646709,0.89678323
1654219122944388821,-0.5005826,9.622768,0.88960093
1654219122964234811,-0.47544453,9.610798,0.88720685
1654219122982917988,-0.44671535,9.595236,0.87523633
1654219123012818613,-0.42277434,9.632345,0.8704481
1654219123031160488,-0.40003043,9.663467,0.86446285
1654219123050267363,-0.37489238,9.662271,0.87523633
1654219123063867675,-0.3461632,9.646709,0.88002455
1654219123079323144,-0.32341927,9.594039,0.8872068
1654219123099628873,-0.31863105,9.578477,0.914739
1654219123117983717,-0.27553728,9.584461,0.9267095
1654219123147770748,-0.25877857,9.608404,0.9434682
1654219123166759394,-0.25518745,9.668257,0.963818
1654219123185041477,-0.27553728,9.663467,0.97459143
1654219123196737102,-0.32341927,9.617981,0.99613833
1654219123220186269,-0.35454255,9.594039,1.0021236
1654219123233558561,-0.37608942,9.637133,1.0021236
1654219123252655332,-0.3916511,9.663467,0.9925472
1654219123281636998,-0.42277434,9.665861,0.97818255
1654219123301057832,-0.43474483,9.665861,0.9590298
1654219123319984602,-0.438336,9.676636,0.9446652
1654219123331078977,-0.42995664,9.734093,0.9338918
1654219123349239863,-0.4000304,9.735291,0.90995073
1654219123369943352,-0.3701042,9.7029705,0.890798
1654219123387923092,-0.30546352,9.726912,0.8776305
1654219123416994759,-0.23004939,9.7029705,0.87523633
1654219123435577050,-0.15463528,9.696985,0.8776305
1654219123454608925,-0.06605363,9.705364,0.87284225
1654219123474400436,0.058439504,9.693394,0.85488653
1654219123493492884,0.18532674,9.7113495,0.8548865
1654219123512678665,0.31460804,9.683817,0.8584777
1654219123530296738,0.4486776,9.635936,0.8489012
1654219123541760800,0.56957954,9.617979,0.83812785
1654219123561396477,0.69167864,9.589251,0.8357337
1654219123580306113,0.798216,9.548552,0.8285514
1654219123609552050,0.89996517,9.528201,0.8321426
1654219123628391061,0.9765763,9.515034,0.82256615
1654219123647896373,1.04002,9.515034,0.8213692
1654219123663298144,1.0819167,9.515034,0.81658095
1654219123676525488,1.1010695,9.515034,0.79742813
1654219123695599342,1.0962813,9.536581,0.79503405
1654219123715147727,1.0723404,9.5413685,0.7794724
1654219123744157467,1.0196702,9.556931,0.7854576
1654219123764008873,0.95742357,9.592842,0.7770783
1654219123782628508,0.8820095,9.623965,0.7794724
1654219123796963925,0.7994131,9.658679,0.7818665
1654219123811824915,0.70963436,9.7113495,0.7902459
1654219123831251686,0.628235,9.722123,0.7878518
1654219123850310904,0.5540179,9.716137,0.78426063
1654219123878911686,0.47381565,9.696985,0.8070046
1654219123898121998,0.42114547,9.669453,0.8129898
1654219123917132154,0.39002216,9.679029,0.8082016
1654219123930286529,0.36727822,9.698182,0.7962311
1654219123946358404,0.36608118,9.718533,0.80341333
1654219123965942623,0.36608118,9.708956,0.79862523
1654219123984746373,0.38164282,9.7029705,0.79383695
1654219124014145748,0.40438676,9.658679,0.7878518
1654219124032761060,0.42832777,9.635935,0.77588123
1654219124052309446,0.44748056,9.622768,0.75194025
1654219124063729550,0.48219496,9.639527,0.73877275
1654219124081012623,0.51810646,9.706561,0.70764947
1654219124100293040,0.5240917,9.713743,0.6908908
1654219124119507206,0.53606224,9.673044,0.68131435
1654219124148667519,0.5444416,9.635935,0.6597675
1654219124168317571,0.54563856,9.6096,0.63702357
1654219124187325487,0.5540179,9.668257,0.6130825
1654219124196988769,0.53965336,9.7113495,0.5879445
1654219124215939081,0.52050054,9.693394,0.56759465
1654219124235153925,0.4929684,9.627556,0.5628065
1654219124254749081,0.47142154,9.62995,0.54724485
1654219124284774602,0.45226872,9.716137,0.5149245
1654219124302403925,0.43072185,9.765217,0.5053481
1654219124321942206,0.39002216,9.714941,0.5053481
1654219124340906373,0.36249003,9.657482,0.4957717
1654219124360602831,0.33615494,9.635935,0.49457467
1654219124381208977,0.3086228,9.659876,0.49577174
1654219124397881373,0.27630246,9.685015,0.48260418
1654219124408700696,0.25834674,9.7029705,0.4814071
1654219124427875331,0.24637623,9.725714,0.47302777
1654219124447564654,0.22602642,9.749655,0.46823958
1654219124476403821,0.20567657,9.685015,0.48021007
1654219124495289758,0.18293265,9.615585,0.48380122
1654219124514281685,0.1769474,9.596434,0.4849983
1654219124531195071,0.1793415,9.653892,0.47542188
1654219124543438925,0.17575034,9.720926,0.47542188
1654219124563349862,0.18053855,9.737684,0.47422484
1654219124582406164,0.18652378,9.704166,0.45866317
1654219124610827935,0.19490312,9.680227,0.4490868
1654219124630505175,0.19969133,9.691,0.4466927
1654219124649150956,0.18891788,9.669453,0.4419045
1654219124663382310,0.18891788,9.625162,0.429934
1654219124678149237,0.18891789,9.631147,0.429934
1654219124697525435,0.19131199,9.701773,0.40958416
1654219124727049966,0.19370608,9.77599,0.40240186
1654219124745447414,0.18053855,9.759232,0.38564318
1654219124764866633,0.1721592,9.686212,0.38324907
1654219124784782258,0.15540048,9.639527,0.37247562
1654219124797026529,0.14343001,9.667059,0.36649036
1654219124813669081,0.1314595,9.722123,0.35811102
1654219124832374133,0.12786835,9.734093,0.35332286
1654219124851939706,0.13505067,9.742474,0.332973
1654219124880530696,0.13026246,9.750853,0.31741136
1654219124899755487,0.13026246,9.712546,0.31262314
1654219124919561893,0.121883124,9.689802,0.30304676
1654219125121868716,0.12746936,9.705479,0.23646802
1654219125330514029,0.11230672,9.699208,0.117903106
1654219125530504133,0.0437899,9.706617,-0.018104482
1654219125731431789,0.058154497,9.687694,-0.13803743
1654219125932679966,0.11093866,9.691798,-0.26549467
1654219126143034393,0.16873907,9.689517,-0.38611168
1654219126344746789,0.23554581,9.662498,-0.46557295
1654219126546916007,0.27145725,9.662385,-0.5087808
1654219126749035122,0.28969806,9.6879225,-0.5034225
1654219126941854757,0.3078248,9.683247,-0.47925353
1654219127143997049,0.31489307,9.683818,-0.47435135
1654219127346347570,0.35456675,9.674812,-0.49749434
1654219127548892517,0.3990286,9.642319,-0.6037466
1654219127761064861,0.37702566,9.640724,-0.7209435
1654219127976705694,0.34225422,9.634453,-0.7607311
1654219128165883976,0.3056587,9.666033,-0.7602751
1654219128367807986,0.2740794,9.653949,-0.7607311
1654219128560478819,0.24751629,9.656571,-0.76369524
1654219128762495069,0.21171881,9.701716,-0.7400962
1654219128964896840,0.20829868,9.660789,-0.6869701
1654219129167093923,0.2090967,9.622141,-0.6857161
1654219129369283298,0.18754986,9.684844,-0.73109
1654219129581539965,0.20784266,9.626017,-0.70828897
1654219129783431527,0.2231193,9.637646,-0.6868561
1654219129986220746,0.21354291,9.682679,-0.67853373
1654219130014748767,0.21645002,9.683817,-0.6593809
1654219130035324912,0.22722347,9.668256,-0.65100163
1654219130053761631,0.22722347,9.667059,-0.64741045
1654219130082953819,0.22842053,9.659877,-0.6474105
1654219130101252360,0.23679987,9.663467,-0.6378341
1654219130120381839,0.23201166,9.668257,-0.636637
1654219130130703766,0.23081462,9.681423,-0.6342429
1654219130149557048,0.23201168,9.679029,-0.6246665
1654219130169186527,0.22602642,9.663467,-0.6246665
1654219130188523194,0.23201166,9.663468,-0.61509013
1654219130208272464,0.23560281,9.667059,-0.60790783
1654219130227126110,0.23320872,9.671847,-0.6067108
1654219130247595433,0.22602642,9.662271,-0.6043167
1654219130275458246,0.24158806,9.675439,-0.60072553
1654219130303808089,0.23320872,9.7029705,-0.59713435
1654219130313561058,0.22602643,9.707758,-0.60072553
1654219130329997360,0.21285889,9.685015,-0.58396685
1654219130342128506,0.21645002,9.668257,-0.59114915
1654219130361511943,0.21285889,9.671847,-0.58636093
1654219130380907985,0.21285887,9.698182,-0.5803757
1654219130410027204,0.21645004,9.706562,-0.5827698
1654219130429759652,0.21166183,9.706561,-0.5755875
1654219130449430641,0.21166183,9.706562,-0.5815728
1654219130463544027,0.20926772,9.710152,-0.5755875
1654219130477598193,0.18891789,9.694591,-0.5684052
1654219130496465433,0.19610018,9.683818,-0.5660111
1654219130515388766,0.20328248,9.669453,-0.56840515
1654219130544344287,0.19969133,9.682621,-0.563617
1654219130563575641,0.19370608,9.698182,-0.5612229
1654219130583283037,0.19610018,9.682621,-0.57199633
1654219130596539808,0.20807068,9.667059,-0.55882883
1654219130611997048,0.20447952,9.651497,-0.5755875
1654219130631397985,0.19969133,9.667059,-0.56840515
1654219130650997256,0.20447952,9.659877,-0.56960225
1654219130679766162,0.20088838,9.643118,-0.56960225
1654219130704771683,0.20807068,9.639526,-0.5731934
1654219130717925902,0.21166183,9.643118,-0.5803757
1654219130730114079,0.21525298,9.651497,-0.58755803
1654219130747087412,0.21525297,9.645512,-0.58636093
1654219130766372516,0.21645004,9.631147,-0.588755
1654219130785725120,0.21645004,9.631147,-0.5851639
1654219130815010016,0.22363232,9.646709,-0.5959373
1654219130833737672,0.21166183,9.644314,-0.588755
1654219130853699391,0.21166183,9.6383295,-0.6043167
1654219130863565850,0.22363232,9.617979,-0.60072553
1654219130881571579,0.21405593,9.623965,-0.60072553
1654219130901502464,0.21166182,9.6383295,-0.61509013
1654219130922081318,0.22123823,9.6383295,-0.61389303
1654219130948971995,0.22123823,9.64192,-0.6091049
1654219130968690641,0.21764708,9.643118,-0.6186813
1654219130987811839,0.21645004,9.663467,-0.61269605
1654219130997571839,0.20926772,9.663467,-0.6174842
1654219131016735589,0.21645004,9.651497,-0.6246665
1654219131036101110,0.21405593,9.647906,-0.6210754
1654219131055561318,0.21525298,9.664664,-0.61509013
1654219131074397308,0.21645004,9.686212,-0.6270606
1654219131093578193,0.22004119,9.695787,-0.62227243
1654219131112602672,0.21884413,9.682621,-0.6210754
1654219131141706266,0.21525298,9.677832,-0.6234695
1654219131163277829,0.21525297,9.6706505,-0.6234695
1654219131180126735,0.21405593,9.692197,-0.61509013
1654219131196506891,0.21166183,9.699379,-0.6198783
1654219131209239131,0.20447952,9.685015,-0.6198783
1654219131228558558,0.21525298,9.692196,-0.61509013
1654219131248167047,0.21525298,9.691,-0.6210754
1654219131276674443,0.21405593,9.682621,-0.61269605
1654219131296117881,0.21405593,9.687408,-0.62227243
1654219131315262776,0.21764708,9.698182,-0.6091049
1654219131330505745,0.20926772,9.708956,-0.61269605
1654219131343873401,0.20807068,9.688606,-0.610302
1654219131372260172,0.21046478,9.665861,-0.60790783
1654219131382336110,0.20926772,9.659877,-0.61389303
1654219131411127360,0.21645002,9.675438,-0.61269605
1654219131430698766,0.21645002,9.704166,-0.6198783
1654219131450377360,0.22123823,9.683818,-0.6067108
1654219131463366474,0.22004117,9.665861,-0.61269605
1654219131478643662,0.21645002,9.653892,-0.6055137
1654219131499631891,0.21764708,9.674241,-0.6162872
1654219131516951162,0.21884413,9.699379,-0.61149895
1654219131546141422,0.22243527,9.679029,-0.6210754
1654219131572194860,0.21405593,9.6503,-0.6198783
1654219131584922880,0.22482936,9.668255,-0.6162872
1654219131596476370,0.22602643,9.695788,-0.61389303
1654219131613542047,0.22722346,9.698182,-0.61389303
1654219131632929078,0.21525298,9.675438,-0.6234695
1654219131652879599,0.22004117,9.664665,-0.6282577
1654219131681012724,0.21405593,9.668257,-0.62706065
1654219131700390068,0.21285889,9.695787,-0.6318488
1654219131719844547,0.21166183,9.693394,-0.6378341
1654219131730553245,0.21525297,9.675439,-0.62706065
1654219131748716318,0.22243527,9.680225,-0.6210754
1654219131774074026,0.21285889,9.665861,-0.62586355
1654219131786798349,0.21285889,9.65868,-0.62945473
1654219131815535589,0.20807068,9.647905,-0.6246665
1654219131836546630,0.20567659,9.651497,-0.62945473
1654219131855214235,0.21405593,9.675438,-0.636637
1654219131864281682,0.21166182,9.679029,-0.63663703
1654219131883635693,0.21285889,9.631147,-0.6318488
1654219131903507516,0.20567657,9.578477,-0.6426223
1654219131921871110,0.21166183,9.585659,-0.6342429
1654219131941239130,0.21884412,9.651497,-0.64381933
1654219131960336057,0.23440576,9.706562,-0.6474105
1654219131990563141,0.22961757,9.687409,-0.6486075
1654219132008596891,0.22961757,9.622768,-0.6390311
1654219132027573714,0.22722347,9.584463,-0.64741045
1654219132047196734,0.22722347,9.6299515,-0.6462134
1654219132063678870,0.23081462,9.701773,-0.6521987
1654219132076024912,0.23081462,9.706561,-0.6629721
1654219132095703297,0.22363232,9.65868,-0.66177505
1654219132115273922,0.22722346,9.646709,-0.660578
1654219132143457984,0.22722347,9.662271,-0.66895735
1654219132162538870,0.22243527,9.696985,-0.6665632
1654219132192932255,0.22602642,9.7029705,-0.67135143
1654219132196303453,0.21645002,9.674241,-0.6749426
1654219132210992880,0.22363232,9.673044,-0.6737455
1654219132230004286,0.21764708,9.685015,-0.66895735
1654219132249436214,0.21166182,9.704168,-0.6665633
1654219132278800224,0.21285887,9.698182,-0.6653662
1654219132297564443,0.21884413,9.688606,-0.6677603
1654219132317306995,0.22243528,9.662271,-0.660578
1654219132330329859,0.20567657,9.628754,-0.65698683
1654219132345883505,0.20447953,9.59763,-0.65459275
1654219132364913297,0.22004117,9.62995,-0.65818393
1654219132384316266,0.22363232,9.698182,-0.65100163
1654219132414145693,0.21645002,9.705364,-0.6593809
1654219132432151370,0.21884412,9.628754,-0.6510016
1654219132451625172,0.21884413,9.543763,-0.64381933
1654219132463478505,0.23440576,9.562916,-0.6378341
1654219132480533974,0.23560281,9.655088,-0.6450164
1654219132499768088,0.23201166,9.698182,-0.6390311
1654219132519197984,0.23320872,9.650301,-0.64381933
1654219132547976109,0.23440577,9.5976305,-0.6378341
1654219132567511786,0.24158804,9.611994,-0.63304585
1654219132586864859,0.22004117,9.647906,-0.6378341
1654219132597083349,0.23081462,9.659876,-0.64142525
1654219132627871057,0.2379969,9.637133,-0.6330459
1654219132634590224,0.22363232,9.626359,-0.64022815
1654219132654121109,0.22123823,9.665862,-0.6498046
1654219132682964547,0.22243528,9.694591,-0.65100163
1654219132702752047,0.22482938,9.682621,-0.6498046
1654219132721870120,0.22243527,9.665861,-0.6521987
1654219132740646474,0.21405593,9.664665,-0.6462134
1654219132760103713,0.21405593,9.686212,-0.65459275
1654219132779671213,0.20926772,9.682621,-0.65818393
1654219132797194963,0.21764708,9.681423,-0.66177505
1654219132808399963,0.21046478,9.7113495,-0.66177505
1654219132827752880,0.21285887,9.738882,-0.6653662
1654219132847300953,0.20447953,9.724518,-0.6653662
1654219132875894234,0.20328248,9.667059,-0.6653662
1654219132894897151,0.21285889,9.637133,-0.6665633
1654219132913910015,0.21285887,9.675438,-0.6701544
1654219132930335692,0.21046478,9.731699,-0.67254853
1654219132943207203,0.21046478,9.735291,-0.67613965
1654219132962255015,0.22243527,9.674241,-0.6737455
1654219132981850328,0.22243527,9.628754,-0.66895735
1654219133010516005,0.21525298,9.646709,-0.6725485
1654219133030073765,0.21645002,9.688606,-0.6785338
1654219133049031370,0.22363232,9.686212,-0.6725485
1654219133063211317,0.22243528,9.65868,-0.6821249
1654219133079262047,0.22004117,9.645512,-0.6749426
1654219133096979703,0.22722346,9.657482,-0.6749426
1654219133116087099,0.23081462,9.668257,-0.67613965
1654219133145411265,0.22961757,9.651498,-0.6809279
1654219133164451161,0.23560281,9.640724,-0.6737455
1654219133183970536,0.2308146,9.65868,-0.6701544
1654219133196983453,0.23560281,9.668255,-0.67853373
1654219133212793869,0.22602643,9.669453,-0.66776025
1654219133232235640,0.23679985,9.658679,-0.66416913
1654219133251572151,0.2379969,9.671847,-0.6737455
1654219133280386994,0.22961757,9.683817,-0.66895735
1654219133299225536,0.22961757,9.679029,-0.66177505
1654219133318415432,0.22482936,9.649103,-0.661775
1654219133330516265,0.22602642,9.668257,-0.6557898
1654219133347454286,0.22602642,9.7029705,-0.6629721
1654219133366914234,0.22363232,9.722123,-0.6521987
1654219133385939807,0.21645002,9.6945915,-0.64381933
1654219133415693401,0.22123823,9.64192,-0.6498046
1654219133626921994,0.22061118,9.662726,-0.64182425
1654219133829420223,0.23052962,9.635594,-0.65755683
1654219134032226265,0.2253994,9.668313,-0.6862861
1654219134234058661,0.2222073,9.652694,-0.6690713
1654219134436235171,0.23474775,9.656227,-0.65425074
1654219134628786994,0.22254926,9.6955595,-0.6557328
1654219134831033400,0.22004119,9.670023,-0.64946246
1654219135035402046,0.23565982,9.64973,-0.6332739
1654219135237971629,0.22311933,9.672873,-0.6352119
1654219135447604806,0.22574139,9.654061,-0.63680804
1654219135650188764,0.23007359,9.657367,-0.62369746
1654219135852365431,0.22129522,9.678002,-0.61355114
1654219136054979650,0.22448735,9.659193,-0.612981
1654219136247282827,0.22767948,9.667857,-0.6192514
1654219136450119493,0.215823,9.68701,-0.6007825
1654219136651869285,0.21890113,9.672076,-0.57228136
1654219136854755743,0.22004116,9.663524,-0.563161
1654219137063621576,0.21616499,9.665235,-0.57980555
1654219137264072357,0.21776108,9.659877,-0.57444745
1654219137464143347,0.216279,9.674013,-0.5456043
1654219137663303972,0.20909673,9.67538,-0.52747756
1654219137875216264,0.21160482,9.67139,-0.54115814
1654219138077271055,0.2090967,9.67789,-0.5517605
1654219138279852774,0.2070446,9.674697,-0.538878
1654219138481965690,0.20590457,9.671961,-0.5194972
1654219138674767826,0.20237043,9.675038,-0.5191552
1654219138876856055,0.20487851,9.667971,-0.52713555
1654219139079117721,0.2036245,9.668768,-0.52645147
1654219139281630378,0.19849427,9.6802845,-0.514823
1654219139484016888,0.19290803,9.678801,-0.5200673
1654219139695500221,0.19632816,9.676066,-0.53636986
1654219139898010794,0.19370608,9.668882,-0.5477703
1654219140100156783,0.19598615,9.664892,-0.5473143
1654219140303345742,0.19564416,9.6639805,-0.53922
1654219140502548971,0.19427608,9.667059,-0.5458322
1654219140697403710,0.19119799,9.669109,-0.5677212
1654219140900105742,0.19370608,9.690087,-0.5729654
1654219141102060221,0.191312,9.693851,-0.54948044
1654219141313565012,0.19644217,9.65657,-0.5424121
1654219141516907095,0.20259845,9.674583,-0.5745614
1654219141718443502,0.19233802,9.659648,-0.5929162
1654219141920473970,0.20465054,9.650528,-0.5735354
1654219142113621106,0.1935921,9.702628,-0.5568908
1654219142316286731,0.19188201,9.679256,-0.55928475
1654219142517806158,0.2072727,9.652694,-0.5715973
1654219142720179960,0.19803827,9.676178,-0.5685191
1654219142930585324,0.1967842,9.672873,-0.55084836
1654219143130891574,0.20316847,9.66455,-0.54229814
1654219143330746314,0.19507416,9.6967,-0.55506665
1654219143530366522,0.19370608,9.654746,-0.5507346
1654219143742273345,0.20305447,9.662498,-0.538536
1654219143944519803,0.18960193,9.693509,-0.5328357
1654219144145689386,0.19439009,9.672986,-0.5359139
1654219144348363344,0.19655621,9.666374,-0.5370539
1654219144550318032,0.19507413,9.690429,-0.5270215
1654219144742614438,0.19188201,9.683019,-0.5108329
1654219144944807042,0.19781026,9.661131,-0.5119729
1654219145147396209,0.19541615,9.6731,-0.53443176
1654219145349458709,0.19176799,9.664891,-0.5328357
1654219145561291938,0.19838026,9.671733,-0.5167611
1654219145763768917,0.19062793,9.679143,-0.50900877
1654219145967070167,0.1868658,9.691227,-0.5239433
1654219146169234490,0.19872227,9.667972,-0.52633744
1654219146362029437,0.19564417,9.682335,-0.52257526
1654219146563338083,0.1868658,9.67162,-0.51242894
1654219146767202250,0.19507416,9.664321,-0.515393
1654219146967672041,0.19313605,9.676408,-0.53739595
1654219147180965010,0.19370608,9.679942,-0.5405881
1654219147382177302,0.19484612,9.680056,-0.5179011
1654219147584305739,0.19176799,9.685413,-0.513113
1654219147787640270,0.19518813,9.671163,-0.5323796
1654219147980126260,0.20009036,9.6639805,-0.55255854
1654219148181407405,0.1941621,9.669794,-0.5415001
1654219148383768812,0.191654,9.669225,-0.52645147
1654219148586881259,0.1963282,9.674698,-0.54264003
1654219148788711311,0.19222403,9.681082,-0.56578314
1654219148996451572,0.19587217,9.680626,-0.5582588
1654219149196640790,0.19689824,9.681195,-0.5353438
1654219149396559697,0.19302204,9.675154,-0.54127204
1654219149597145582,0.19598615,9.663525,-0.5729653
1654219149809467040,0.19598618,9.6682,-0.58436584
1654219150011384644,0.1941621,9.674696,-0.5625909
1654219150214235373,0.19245203,9.675381,-0.54788435
1654219150415886623,0.1967842,9.673442,-0.5580308
1654219150610044852,0.1970122,9.66854,-0.5786656
1654219150812011623,0.1991783,9.66911,-0.5730794
1654219151014093081,0.19518813,9.6745825,-0.5535846
1654219151215673446,0.19404809,9.671162,-0.55563664
1654219151427786310,0.19667022,9.671277,-0.56623906
1654219151631057769,0.19826628,9.67424,-0.5705713
1654219151832116310,0.19610016,9.677206,-0.55575067
1654219152034448810,0.19735423,9.672987,-0.54446423
1654219152227105268,0.19769624,9.669909,-0.54549026
1654219152429615529,0.19667019,9.668654,-0.55153245
1654219152631418445,0.19724022,9.672873,-0.54845434
1654219152834039435,0.19575818,9.674127,-0.53363377
1654219153045502560,0.19530214,9.678917,-0.5250834
1654219153247873497,0.1963282,9.678118,-0.51847124
1654219153449958497,0.19758224,9.673556,-0.51778716
1654219153653697403,0.19610016,9.675154,-0.515393
1654219153854794278,0.19518816,9.676408,-0.5125429
1654219154048809330,0.19655618,9.671619,-0.5090088
1654219154250168132,0.19587217,9.672987,-0.5093508
1654219154452639643,0.19473214,9.6731,-0.5058166
1654219154655025632,0.19039996,9.684501,-0.50365055
1654219154863224695,0.19290803,9.674583,-0.5021685
1654219155063541205,0.19233803,9.678917,-0.5069567
1654219155263140736,0.19245203,9.677662,-0.50638664
1654219155463765788,0.19279402,9.680854,-0.49943233
1654219155676624069,0.19074199,9.682336,-0.50387853
1654219155879211986,0.19233802,9.673328,-0.514139
1654219156080663079,0.19245203,9.66854,-0.5200672
1654219156284295684,0.191768,9.67481,-0.50581664
1654219156475602298,0.19062796,9.678118,-0.5001163
1654219156678772663,0.19028594,9.680398,-0.51961124
1654219156880453600,0.1893739,9.67618,-0.539562
1654219157082401621,0.19039996,9.673899,-0.5271355
1654219157294233287,0.18880388,9.675267,-0.50889474
1654219157495888912,0.18766384,9.674127,-0.5287316
1654219157703157350,0.19199601,9.671163,-0.5586008
1654219157903922402,0.191312,9.67481,-0.55324256
1654219158094464954,0.19131197,9.678118,-0.53579986
1654219158297220579,0.19268005,9.675381,-0.5452623
1654219158498163704,0.19541615,9.672759,-0.56920326
1654219158701547349,0.19484611,9.673215,-0.5687471
1654219158904400162,0.1946181,9.672987,-0.55312854
1654219159116138807,0.191768,9.673898,-0.5521025
1654219159318389484,0.1941621,9.671504,-0.5729653
1654219159519161776,0.19610016,9.670706,-0.57912165
1654219159721650943,0.19724022,9.6739,-0.56509906
1654219159914228078,0.19302207,9.673214,-0.55780274
1654219160116024068,0.19359207,9.67561,-0.5654411
1654219160320285630,0.192224,9.672417,-0.5731934
1654219160524794172,0.1963282,9.669566,-0.5671511
1654219160731233599,0.19496012,9.673555,-0.55518067
1654219160931439536,0.19108398,9.673784,-0.55141854
1654219161130942557,0.19199601,9.673443,-0.5458323
1654219161331893546,0.19325006,9.678232,-0.5446922
1654219161541176098,0.19039994,9.67732,-0.54298216
1654219161744944588,0.19211002,9.672645,-0.538194
1654219161945866567,0.19199601,9.675724,-0.5247414
1654219162148216567,0.19211002,9.678574,-0.51961124
1654219162341082556,0.19108398,9.676864,-0.5174451
1654219162543518858,0.19313605,9.677319,-0.51698905
1654219162747086098,0.19142598,9.671732,-0.515393
1654219162947864431,0.19074199,9.6743555,-0.50821066
1654219163159779327,0.18823388,9.676977,-0.5030805
1654219163363449535,0.18982995,9.680512,-0.5071847
1654219163564391097,0.18846188,9.678347,-0.5090087
1654219163767842504,0.18925993,9.679371,-0.50262445
1654219163968845524,0.18629578,9.680626,-0.49909037
1654219164161492608,0.18469971,9.678117,-0.5027385
1654219164364925733,0.18492772,9.675951,-0.51140285
1654219164566200837,0.18846187,9.674925,-0.514481
1654219164768457607,0.1889179,9.673215,-0.5118588
1654219164982039430,0.18629578,9.678118,-0.5070707
1654219165182609222,0.18401569,9.681881,-0.5095788
1654219165384989170,0.18925993,9.676635,-0.5281616
1654219165587241149,0.19096997,9.673671,-0.5359138
1654219165780148492,0.18732183,9.676864,-0.5280475
1654219165983696201,0.18834785,9.67732,-0.51801515
1654219166185919482,0.18754981,9.676749,-0.5318097
1654219166387904898,0.1892599,9.677434,-0.55529463
1654219166596420940,0.19028595,9.674925,-0.55381256
1654219166797651565,0.19062796,9.673444,-0.5415001
1654219166997078336,0.19017196,9.676634,-0.5427541
1654219167196309586,0.19279402,9.677775,-0.5580307
1654219167407748492,0.19142601,9.678688,-0.56019694
1654219167610072919,0.19233803,9.672075,-0.5560927
1654219167812700367,0.19039994,9.669451,-0.5543826
1654219168014776512,0.19199601,9.673556,-0.5607669
1654219168207587189,0.19131197,9.678118,-0.56122285
1654219168409658335,0.19062796,9.676293,-0.5582588
1654219168612940575,0.19142598,9.673442,-0.5576888
1654219168815627606,0.18960191,9.673215,-0.5570048
1654219169017763908,0.19153999,9.675267,-0.55073446
1654219169229145835,0.18823387,9.677092,-0.54150015
1654219169430727866,0.18743585,9.674355,-0.5372819
1654219169632645314,0.18777783,9.674241,-0.5417281
1654219169835920158,0.18857586,9.67538,-0.54264015
1654219170028585314,0.18766382,9.675495,-0.537966
1654219170231786564,0.1862958,9.67447,-0.5281615
1654219170432943074,0.18777783,9.6758375,-0.51858515
1654219170635106772,0.18857586,9.6802845,-0.5237153
1654219170847131928,0.18754986,9.678574,-0.5263375
1654219171048885626,0.18789184,9.67675,-0.52029526
1654219171251250365,0.18595377,9.675495,-0.5062726
1654219171453574897,0.18732183,9.678802,-0.5051326
1654219171647435417,0.18572576,9.678574,-0.5180151
1654219171849254011,0.18880385,9.675039,-0.51812905
1654219172051407032,0.1893739,9.677092,-0.50969285
1654219172253632605,0.18492773,9.677205,-0.5029664
1654219172455537969,0.18606777,9.67675,-0.5098068
1654219172663032448,0.18583977,9.679486,-0.51915514
1654219172863226146,0.18435769,9.676748,-0.514367
1654219173063939115,0.18561175,9.677205,-0.50604457
1654219173273910573,0.18173559,9.6758375,-0.516875
1654219173476197031,0.18298966,9.678915,-0.5360278
1654219173679117604,0.18720782,9.678117,-0.5274775
1654219173881975729,0.18298967,9.6790285,-0.51220083
1654219174083204583,0.18492773,9.679829,-0.52576745
1654219174275884635,0.1823056,9.661472,-0.5514185
1654219174477753802,0.19096999,9.671733,-0.5481124
1654219174680350729,0.18424374,9.680739,-0.54321015
1654219174882600051,0.18139358,9.682108,-0.54720026
1654219175095762239,0.18754984,9.663639,-0.5568907
1654219175297663645,0.18982993,9.698751,-0.5562067
1654219175499540468,0.18207763,9.666374,-0.539106
1654219175701554478,0.19268005,9.668542,-0.540246
1654219175894326093,0.18526973,9.67618,-0.55369866
1654219176096507707,0.19290806,9.671162,-0.5571187
1654219176299459530,0.19142598,9.669111,-0.5430961
1654219176500870259,0.18618178,9.683591,-0.5315817
1654219176712559426,0.18025352,9.689177,-0.42646936
1654219176914749842,0.19062798,9.682221,-0.52451336
1654219177116953592,0.18492773,9.679144,-0.5315817
1654219177319298019,0.19188201,9.666147,-0.5201812
1654219177530655311,0.18526976,9.67424,-0.5293016
1654219177714812759,0.1836737,9.6739,-0.5321517
1654219177916909425,0.18686579,9.6699095,-0.5152791
1654219178119590936,0.18070956,9.685414,-0.5104908
1654219178321921040,0.17877148,9.6805105,-0.5190412
1654219178530754946,0.18515575,9.669224,-0.5166471
1654219178730559425,0.18082355,9.679256,-0.50832474
1654219178930004165,0.17785943,9.674925,-0.51174486
1654219179131569060,0.18207762,9.670022,-0.51664716
1654219179342656560,0.18025355,9.680739,-0.515735
1654219179544365206,0.17888547,9.6802845,-0.5102628
1654219179747015518,0.18264762,9.679715,-0.51664704
1654219179949270779,0.1767194,9.680511,-0.51983917
1654219180141519112,0.18219161,9.673216,-0.52120733
1654219180343960049,0.18777785,9.671278,-0.53317773
1654219180546739216,0.18583977,9.673213,-0.5354579
1654219180748834685,0.18606779,9.680511,-0.53226566
1654219180960096039,0.18435772,9.676636,-0.5263375
1654219181164488747,0.18857588,9.65372,-0.5326077
1654219181371539424,0.19382009,9.689062,-0.56019676
1654219181568403591,0.17785944,9.668313,-0.5295296
1654219181762010622,0.18618178,9.698751,-0.45428652
1654219181962586455,0.18310365,9.692141,-0.5353439
1654219182164491351,0.18515575,9.670365,-0.5384219
1654219182366770569,0.19781026,9.669454,-0.55483866
1654219182568978746,0.18355969,9.660675,-0.55267256
1654219182781079423,0.19313608,9.670707,-0.53990406
1654219182983242757,0.18652378,9.679258,-0.5296436
1654219183185593277,0.1813936,9.6802845,-0.53602785
1654219183387604475,0.19211002,9.677547,-0.54104406
1654219183582661506,0.18253364,9.681538,-0.53865
1654219183788585933,0.18048152,9.678003,-0.5253114
1654219183984888225,0.18595375,9.67424,-0.5129989
1654219184187790465,0.18036754,9.676863,-0.51277083
1654219184396859371,0.18173559,9.660106,-0.515849
1654219184596841402,0.18629578,9.693278,-0.52656543
1654219184797290100,0.17421128,9.661132,-0.514367
1654219184997889943,0.18937393,9.667742,-0.5114028
1654219185209267808,0.17820145,9.684844,-0.5206373
1654219185410789891,0.17603537,9.684159,-0.5240574
1654219185612751922,0.18720783,9.679372,-0.5194973
1654219185815641297,0.17569333,9.670934,-0.5166471
1654219186008076714,0.18184958,9.67618,-0.5228033
1654219186210239005,0.18469973,9.674355,-0.53431785
1654219186412507860,0.17751744,9.672076,-0.54321015
1654219186614796609,0.17877147,9.673672,-0.48871595
1654219186826593849,0.1775174,9.70411,-0.48974192
1654219187028619214,0.18150759,9.675724,-0.54868233
1654219187230994161,0.18766382,9.675267,-0.5502785
1654219187433590463,0.18948792,9.679942,-0.5566627
1654219187635923849,0.18606776,9.67424,-0.5552947
1654219187828850828,0.18834789,9.666374,-0.54469216
1654219188031227494,0.18686582,9.688264,-0.5446922
1654219188232686713,0.18264765,9.669225,-0.55392665
1654219188435210359,0.18754984,9.66911,-0.539904
1654219188647867702,0.18276162,9.685984,-0.52895963
1654219188849564109,0.18333165,9.680967,-0.5312397
1654219189051977650,0.18515573,9.682106,-0.5433242
1654219189253913952,0.18241963,9.686327,-0.5272496
1654219189446957181,0.18515573,9.662953,-0.50387853
1654219189648970202,0.17842945,9.687122,-0.50775474
1654219189851355879,0.17557934,9.683703,-0.5164191
1654219190053630358,0.1845857,9.679484,-0.5058166
1654219190263977858,0.18298963,9.689631,-0.49350408
1654219190463632754,0.17603536,9.687466,-0.48597977
1654219190663392858,0.18549775,9.671847,-0.49099603
1654219190863426087,0.18435772,9.68564,-0.5019405
1654219191074469368,0.18002553,9.651213,-0.5057025
1654219191277013639,0.1846997,9.694192,-0.5092368
1654219191479778795,0.1698791,9.6866665,-0.49760824
1654219191682058483,0.17124717,9.698637,-0.41415685
1654219191874010826,0.17318523,9.690201,-0.4867779
1654219192076050409,0.17409727,9.680626,-0.53386176
1654219192278386607,0.18310368,9.6671715,-0.5400181
1654219192480735461,0.17968352,9.678346,-0.5518745
1654219192682958013,0.17820145,9.672758,-0.5682911
1654219192904403482,0.18390168,9.670479,-0.5726234
1654219193107309888,0.18196361,9.684386,-0.58014774
1654219193311130357,0.17991151,9.680397,-0.5942843
1654219193501843690,0.18903191,9.675266,-0.6055707
1654219193694411971,0.18572575,9.6739,-0.6075088
1654219193896849471,0.1897159,9.666147,-0.60397464
1654219194098705721,0.19427608,9.6639805,-0.6177693
1654219194300749367,0.19108398,9.675267,-0.63122183
1654219194513513690,0.19188201,9.668996,-0.6254075
1654219194715910981,0.19336405,9.671846,-0.611499
1654219194918011815,0.19279405,9.6805105,-0.6158312
1654219195121744731,0.19119799,9.672417,-0.6192513
1654219195313803950,0.19017193,9.671733,-0.60933286
1654219195515045044,0.18629582,9.669795,-0.5966783
1654219195717054627,0.18618177,9.66854,-0.58767194
1654219195919081814,0.18492773,9.674012,-0.58219975
1654219196121424158,0.1842437,9.680056,-0.57114136
1654219196329480147,0.1810516,9.673215,-0.5586008
1654219196530405512,0.17728943,9.680397,-0.5202952
1654219196729410147,0.17090516,9.697725,-0.45086637
1654219196941218741,0.17854345,9.687123,-0.514937
1654219197142364210,0.18276164,9.676179,-0.515051
1654219197344647439,0.18196361,9.679599,-0.49578416
1654219197547009209,0.1842437,9.679258,-0.47720137
1654219197749145511,0.18709381,9.686098,-0.4808496
1654219197942054001,0.17956948,9.676636,-0.48643583
1654219198144113220,0.18811989,9.671391,-0.48415574
1654219198346319834,0.17877148,9.687467,-0.47765756
1654219198549579261,0.17979753,9.685984,-0.47822744
1654219198760999157,0.1795695,9.687009,-0.48221764
1654219198964208167,0.17740342,9.6879225,-0.4822177
1654219199166796240,0.17865746,9.671163,-0.48153365
1654219199369028636,0.1792275,9.678573,-0.4938461
1654219199561208115,0.17443931,9.676635,-0.50228256
1654219199763267542,0.18013951,9.681765,-0.5017125
1654219199966581813,0.17523733,9.688606,-0.49703816
1654219200167763636,0.17215917,9.680169,-0.5062727
1654219200379472698,0.18321766,9.683248,-0.5222333
1654219200580964365,0.17569335,9.675837,-0.5334057
1654219200783338427,0.17968349,9.6758375,-0.538194
1654219200985605198,0.18276165,9.678459,-0.53751
1654219201187948583,0.1789995,9.6731,-0.539334
1654219201380640146,0.18481374,9.678801,-0.5502785
1654219201583455145,0.18048154,9.6879225,-0.5060446
1654219201793581447,0.17136116,9.682449,-0.5090089
1654219201996023479,0.19051395,9.683133,-0.56224895
1654219202204661291,0.18082355,9.681993,-0.5527865
1654219202395980458,0.18618178,9.679599,-0.56281894
1654219202595963218,0.18572578,9.674583,-0.5713693
1654219202797044520,0.18378767,9.671277,-0.56920326
1654219203009191759,0.18492773,9.675494,-0.55814475
1654219203210759728,0.18093757,9.6819935,-0.5562067
1654219203413760822,0.1800255,9.678572,-0.5581448
1654219203615314572,0.18333167,9.676065,-0.5608809
1654219203808023530,0.18253362,9.6758375,-0.5613369
1654219204011461707,0.18070957,9.673328,-0.55757475
1654219204213537540,0.17785946,9.676635,-0.5443502
1654219204414503061,0.17922749,9.6716175,-0.54343814
1654219204626278113,0.17774542,9.674469,-0.55848676
1654219204828665613,0.17649141,9.680625,-0.55905676
1654219205030948842,0.17432527,9.68188,-0.5335198
1654219205233611134,0.17500931,9.6819935,-0.5234874
1654219205426180977,0.17500931,9.676521,-0.54480624
1654219205628742800,0.17751743,9.675723,-0.5449202
1654219205830758165,0.1789995,9.6758375,-0.51881313
1654219206033538946,0.17728941,9.67846,-0.5068427
1654219206235943894,0.17911349,9.677547,-0.511745
1654219206448024050,0.17808744,9.675722,-0.515621
1654219206649682279,0.18310365,9.675039,-0.50444853
1654219206852251966,0.18287565,9.674583,-0.48962793
1654219207054709831,0.18116556,9.675154,-0.4890579
1654219207246631602,0.18276164,9.672529,-0.5019405
1654219207448976185,0.18253362,9.672872,-0.50969285
1654219207651422591,0.18150759,9.677205,-0.5031945
1654219207853152695,0.17854348,9.678915,-0.50638664
1654219208062899153,0.18036754,9.681424,-0.52519745
1654219208267522591,0.18013953,9.676863,-0.53944796
1654219208468042174,0.18105157,9.678688,-0.5407021
1654219208665014622,0.17763144,9.679715,-0.540246
1654219208875133111,0.17557934,9.683133,-0.5484544
1654219209076798997,0.17934148,9.681424,-0.55620676
1654219209279505820,0.17979753,9.677205,-0.5611088
1654219209485977851,0.17728941,9.678348,-0.565441
1654219209679783944,0.17865749,9.684844,-0.5648711
1654219209877429882,0.17637737,9.684047,-0.5558647
1654219210079312330,0.17751744,9.683932,-0.55768883
1654219210280344882,0.17683339,9.682905,-0.56646717
1654219210497101340,0.1769474,9.679713,-0.564301
1654219210700532694,0.1813936,9.678915,-0.5587148
1654219210902737902,0.18059555,9.679257,-0.56167895
1654219211100905038,0.17991152,9.678232,-0.564301
1654219211302826235,0.17968354,9.681422,-0.5547246
1654219211494392538,0.17888549,9.68359,-0.5555226
1654219211700935142,0.17751741,9.679486,-0.5628189
1654219211903924881,0.18036754,9.679484,-0.5676072
1654219212106720714,0.17671938,9.679829,-0.5605389
1654219212314447485,0.17945549,9.679029,-0.55609274
1654219212516034881,0.18139358,9.67538,-0.5658971
