1675402721007963635,-0.14381409,4.4152374,8.918762
1675402721207519676,0.32183838,4.2398376,9.287018
1675402721408509728,0.5840912,3.809372,9.362869
1675402721603247905,2.0815125,4.7901917,8.902023
1675402721801785509,4.812439,3.7208405,6.49292
1675402722000737645,3.3865662,2.301651,3.837616
1675402722199889520,6.3189697,4.8059845,5.934677
1675402722398143113,2.7022095,10.960083,2.1210022
1675402722599919415,-2.4095764,11.935394,-1.5244751
1675402722798899728,-2.108307,9.9388275,-2.8345337
1675402722995237176,-2.3882751,7.2107697,-0.2907257
1675402723195307592,-2.3985596,11.518326,-0.73532104
1675402723389691134,-1.5381165,9.164749,5.65184
1675402723592537800,-3.6959534,10.840683,6.7508698
1675402723787249207,0.25315857,8.348328,4.0871887
1675402723985353738,-0.50177,9.600723,3.8921661
1675402724184382696,-1.195694,5.9078827,8.550751
1675402724382846238,4.6006775,3.2032776,8.1262665
1675402724581693998,0.6039429,3.6617432,9.094635
1675402724779727279,-2.9013062,5.4343414,8.540466
1675402724984290612,-4.277405,6.563751,6.755417
1675402725176333998,-3.620102,6.1373444,4.7038116
1675402725375534883,-3.7218018,7.0365753,4.8236847
1675402725574206289,-0.24215698,7.570175,3.554306
1675402725773066654,3.119278,8.305252,2.4184265
1675402725971310195,5.0364075,7.8386536,1.840805
1675402726168925404,5.3429413,7.796768,1.0341797
1675402726368668997,5.3357544,8.220062,0.4532013
1675402726566968060,5.5750427,10.973724,-0.40318298
1675402726766471497,-5.432663,12.3263855,0.2409668
1675402726963994257,-6.066757,7.454117,2.103775
1675402727162223268,-5.7717285,7.4490967,2.8297577
1675402727362400143,-4.940933,7.9834137,3.6401978
1675402727560594309,-2.9745178,9.06282,3.3973389
1675402727758956965,-1.9494324,9.545685,2.880005
1675402727956647955,-1.3677368,9.812729,1.9860382
1675402728155718528,-1.5127411,9.842636,1.5653839
1675402728353386705,-1.9525452,9.787369,1.9051666
1675402728551463423,-2.0315094,9.517929,2.3614807
1675402728750165403,-2.2994995,9.563156,2.259781
1675402728949572069,-1.8477325,9.80986,1.0518799
1675402729147956705,-1.4837952,9.812958,-0.13951111
1675402729345897902,-1.9487152,9.860825,-0.30125427
1675402729544058840,-1.9570923,9.800278,0.36610413
1675402729742410923,-1.9544525,9.729691,0.8791199
1675402729941312902,-1.9927521,9.804352,0.37950134
1675402730139207225,-1.9563751,9.820633,-0.55418396
1675402730338063319,-1.6429138,9.829712,-0.5091858
1675402730536432381,-0.91238403,9.8641815,-0.22372437
1675402730734764516,-0.8659668,9.90773,-0.21008301
1675402730933440975,-1.5617981,9.887863,-0.09690857
1675402731131925818,-1.8039551,9.822769,-0.12609863
1675402731330409100,-1.9714508,9.787598,-0.29096985
1675402731528533995,-1.9417725,9.810089,-0.38404846
1675402731727256599,-1.5177612,9.847427,-0.4041443
1675402731926151547,-1.1064453,9.865372,-0.33810425
1675402732124592849,-1.088974,9.891449,-0.086624146
1675402732323132276,-1.2105255,9.904373,0.17251587
1675402732521731912,-1.3115082,9.898865,0.24861145
1675402732720168578,-1.4450226,9.883316,0.22349548
1675402732918966495,-1.6512909,9.871109,0.22348022
1675402733117187693,-1.6113281,9.869446,0.3811798
1675402733315646651,-1.4653625,9.862732,0.64533997
1675402733514210557,-1.4488525,9.850052,0.87098694
1675402733712816755,-1.5003052,9.850525,0.98991394
1675402733911244932,-1.5349884,9.846954,0.9533081
1675402734109220661,-1.5447998,9.845505,0.8398895
1675402734307967015,-1.6309509,9.833542,0.78341675
1675402734507710452,-1.6594238,9.856277,0.8188324
1675402734705665765,-1.6122894,9.833069,0.94493103
1675402734904289359,-1.5500641,9.834015,1.071991
1675402735102758317,-1.5261383,9.826126,1.2095642
1675402735301145973,-1.5117798,9.813446,1.3363953
1675402735499648525,-1.4947968,9.812012,1.3837738
1675402735697960712,-1.5187225,9.81369,1.3572083
1675402735896787014,-1.5316467,9.828522,1.3000183
1675402736095383629,-1.5309296,9.822784,1.2894897
1675402736293649514,-1.5110626,9.816803,1.3335266
1675402736492478577,-1.4940796,9.810806,1.4184723
1675402736690907587,-1.4821167,9.801712,1.5098724
1675402736889237847,-1.4840393,9.791916,1.5811768
1675402737088369149,-1.4928741,9.790482,1.6204224
1675402737288353108,-1.5158539,9.779938,1.6280823
1675402737485173680,-1.5285339,9.776596,1.6400452
1675402737683444357,-1.516571,9.782822,1.6429138
1675402737882065503,-1.5093994,9.78186,1.6450653
1675402738080298732,-1.4947968,9.782822,1.6455383
1675402738279464566,-1.4885712,9.780655,1.6316681
1675402738478007638,-1.5003052,9.767746,1.6409912
1675402738677109357,-1.5096283,9.789276,1.6670837
1675402738876800815,-1.524231,9.761047,1.6876526
1675402739072757378,-1.5270996,9.781616,1.6821594
1675402739272020555,-1.5352325,9.773956,1.6847839
1675402739470317013,-1.5261383,9.772049,1.6898041
1675402739669161492,-1.524231,9.766296,1.6855011
1675402739867732690,-1.5280609,9.78067,1.6663666
1675402740065737794,-1.5292511,9.773727,1.6453094
1675402740265176336,-1.5366669,9.777313,1.6309509
1675402740463117638,-1.5397797,9.776352,1.6237793
1675402740661729513,-1.5433655,9.773972,1.6065369
1675402740859966596,-1.5447998,9.781143,1.5938568
1675402741058315137,-1.5393066,9.780899,1.5912323
1675402741257436752,-1.5337982,9.784012,1.5919495
1675402741455849564,-1.5347595,9.790955,1.5689697
1675402741654339721,-1.5352325,9.798126,1.5328369
1675402741852728210,-1.5342712,9.801239,1.4981537
1675402742050783522,-1.5335541,9.796463,1.4828339
1675402742249669720,-1.5333252,9.793579,1.4634552
1675402742448102793,-1.5328369,9.799561,1.4474182
1675402742645852637,-1.5285339,9.798126,1.4395294
1675402742844668262,-1.5302124,9.802429,1.4368896
1675402743042747376,-1.5335541,9.80722,1.4258881
1675402743241774303,-1.533081,9.806992,1.4079437
1675402743441531543,-1.532608,9.80986,1.3914185
1675402743639664199,-1.5282898,9.810577,1.3789825
1675402743837941595,-1.529007,9.811539,1.3655853
1675402744035969511,-1.5297394,9.814163,1.3483582
1675402744234549928,-1.5251923,9.815598,1.3328094
1675402744434005345,-1.5201569,9.817032,1.326828
1675402744631912272,-1.5263824,9.817032,1.3198853
1675402744829801230,-1.5244751,9.812012,1.3158112
1675402745028114459,-1.5232697,9.815598,1.3172455
1675402745226307948,-1.533081,9.81871,1.3418884
1675402745425655605,-1.5294952,9.818466,1.3459625
1675402745623880657,-1.5316467,9.816315,1.3363953
1675402745822417375,-1.5314026,9.808899,1.3332825
1675402746020948208,-1.5280609,9.805542,1.3445282
1675402746219467688,-1.5318909,9.809372,1.3473969
1675402746417661646,-1.536911,9.81369,1.3471527
1675402746616828000,-1.5390625,9.818954,1.3430939
1675402746815308156,-1.5390625,9.817276,1.3406982
1675402747013597010,-1.5419312,9.814636,1.3488312
1675402747212694718,-1.540741,9.805786,1.363678
1675402747411016541,-1.5397797,9.803879,1.3710938
1675402747609163416,-1.5447998,9.807465,1.3737183
1675402747807593833,-1.5471954,9.81105,1.381134
1675402748006485083,-1.5445709,9.812729,1.3926239
1675402748204329978,-1.5484009,9.807709,1.3926239
1675402748402954666,-1.5455322,9.799088,1.3986053
1675402748601213468,-1.5397797,9.796936,1.4098511
1675402748799979405,-1.5361938,9.79837,1.4206238
1675402748998263624,-1.5414581,9.805786,1.4251709
1675402749197191072,-1.5417023,9.811295,1.4239655
1675402749395640082,-1.5359497,9.802673,1.4320984
1675402749593909718,-1.5337982,9.801727,1.4455109
1675402749792636436,-1.5352325,9.789276,1.4447937
1675402749991090134,-1.5316467,9.7986145,1.438797
1675402750189553259,-1.5316467,9.806503,1.4404755
1675402750387850342,-1.5306854,9.808655,1.4469452
1675402750586203050,-1.5309296,9.809372,1.4495697
1675402750785021852,-1.5311737,9.802444,1.4486237
1675402750983756175,-1.5316467,9.794067,1.4589081
1675402751182009457,-1.5230255,9.790466,1.4644012
1675402751380756227,-1.5268555,9.793823,1.4639282
1675402751579394040,-1.5294952,9.806992,1.4524384
1675402751777062060,-1.5254211,9.80986,1.4447937
1675402751975621331,-1.5318756,9.809616,1.451004
1675402752174226487,-1.5287781,9.801483,1.454361
1675402752372597581,-1.5254211,9.799088,1.4438324
1675402752571159664,-1.5249481,9.797653,1.4273224
1675402752769676383,-1.5273438,9.79718,1.4373627
1675402752969058518,-1.5275726,9.798126,1.4565125
1675402753166778779,-1.5239868,9.804596,1.4569855
1675402753365914872,-1.532608,9.809143,1.4323425
1675402753564462060,-1.5287781,9.80603,1.4223022
1675402753762978310,-1.528305,9.803635,1.4311523
1675402753961010185,-1.524231,9.795975,1.4407196
1675402754160658310,-1.5294952,9.801483,1.4318695
1675402754358293987,-1.5311584,9.807938,1.4153595
1675402754557042580,-1.5287781,9.808426,1.414154
1675402754755565288,-1.5306854,9.808182,1.4325867
1675402754953728361,-1.5287781,9.805069,1.4376068
1675402755152629924,-1.5299683,9.797653,1.4280396
1675402755351023986,-1.5254211,9.797897,1.4227753
1675402755549432840,-1.5287781,9.801239,1.4242096
1675402755747851069,-1.529007,9.804108,1.4249268
1675402755946566694,-1.5294952,9.806976,1.4253998
1675402756145256017,-1.5270996,9.808655,1.4285126
1675402756345846434,-1.5268555,9.801956,1.4292297
1675402756542358100,-1.5270996,9.800522,1.4223022
1675402756743510027,-1.5275726,9.800049,1.421814
1675402756939414454,-1.5263824,9.803635,1.4266052
1675402757138067319,-1.5314026,9.80722,1.4411926
1675402757336682267,-1.5302124,9.801483,1.4433441
1675402757535337006,-1.5273438,9.800522,1.4325867
1675402757733176017,-1.5316467,9.79837,1.4232483
1675402757932389871,-1.5297394,9.797409,1.4354553
1675402758130397110,-1.5302124,9.796692,1.4488525
1675402758329137839,-1.5311737,9.798843,1.4495697
1675402758526731537,-1.5328369,9.802673,1.4371338
1675402758725557527,-1.5350037,9.8029175,1.4397583
1675402758924791537,-1.532608,9.799332,1.4560394
1675402759122532006,-1.5328369,9.799805,1.4613037
1675402759320783308,-1.5340424,9.794067,1.454834
1675402759519452318,-1.5390625,9.796936,1.4522095
1675402759718867005,-1.5359497,9.795731,1.4593811
1675402759917114974,-1.5342865,9.796692,1.462738
1675402760114492214,-1.5376282,9.795502,1.4574738
1675402760313313620,-1.5385895,9.794785,1.4608154
1675402760511836432,-1.536438,9.794067,1.4682312
1675402760710837005,-1.537384,9.792145,1.471344
1675402760908724453,-1.5404968,9.792862,1.4730225
1675402761107279296,-1.5383453,9.79718,1.4622498
1675402761305780286,-1.5390625,9.797409,1.4605713
1675402761505362942,-1.5373993,9.792389,1.4699097
1675402761703782577,-1.5359497,9.793579,1.4747009
1675402761901615286,-1.536438,9.789749,1.463211
1675402762101153932,-1.5373993,9.794067,1.4591522
1675402762298662004,-1.5400238,9.796463,1.4691925
1675402762497471067,-1.5381165,9.792389,1.4775696
1675402762696401275,-1.5359497,9.794296,1.4691925
1675402762895099921,-1.5337982,9.794296,1.4577026
1675402763092678775,-1.5337982,9.793823,1.4579468
1675402763291576327,-1.5311584,9.793579,1.4699097
1675402763489911431,-1.5318909,9.79454,1.4687195
1675402763688720077,-1.5316467,9.792145,1.4589081
1675402763886649556,-1.532608,9.798126,1.4553223
1675402764085498931,-1.5311737,9.794296,1.458664
1675402764283706118,-1.5328369,9.795502,1.4639282
1675402764482608045,-1.5335541,9.796463,1.4622498
1675402764680934451,-1.5292511,9.79454,1.4553223
1675402764879636483,-1.533081,9.795258,1.4533997
1675402765078091274,-1.5328369,9.79837,1.4589081
1675402765276230701,-1.5304565,9.799561,1.4579468
1675402765474629972,-1.5311584,9.796936,1.4498138
1675402765673195805,-1.5306854,9.795731,1.4471893
1675402765871776847,-1.5287781,9.786652,1.4531708
1675402766070498878,-1.5304413,9.788803,1.4589081
1675402766268681326,-1.5323639,9.792862,1.4557953
1675402766467191794,-1.5340424,9.800049,1.4488525
1675402766666002836,-1.5376282,9.801483,1.4490967
1675402766865066794,-1.537384,9.796219,1.4557953
1675402767062842211,-1.5357208,9.79335,1.4562683
1675402767261274086,-1.5318909,9.790482,1.4469452
1675402767460768825,-1.5345154,9.79335,1.4478912
1675402767658548877,-1.5361938,9.795258,1.4526825
1675402767857342783,-1.5376282,9.796219,1.4565125
1675402768055496690,-1.5350037,9.791199,1.4555511
1675402768253774085,-1.5378723,9.792633,1.4512482
1675402768452403148,-1.5393066,9.78952,1.454361
1675402768651381117,-1.5373993,9.789276,1.4615326
1675402768849829762,-1.5337982,9.793823,1.4574738
1675402769047972418,-1.5373993,9.795975,1.4395294
1675402769246626533,-1.5385895,9.79837,1.4493408
1675402769445137054,-1.5381165,9.790955,1.4658356
1675402769643560179,-1.5323639,9.788086,1.4617767
1675402769842016429,-1.5371552,9.793106,1.4419098
1675402770040515022,-1.5359497,9.788803,1.4474182
1675402770239136689,-1.5350037,9.792862,1.467041
1675402770437677678,-1.5393066,9.794785,1.475174
1675402770636192366,-1.5361938,9.793106,1.4557953
1675402770834730491,-1.5321198,9.796463,1.4407196
1675402771033154814,-1.5357208,9.788315,1.4495697
1675402771231850178,-1.5340424,9.786652,1.4715881
1675402771430338147,-1.5314026,9.791428,1.471344
1675402771628791167,-1.5328369,9.79454,1.4447937
1675402771827276584,-1.5335693,9.798126,1.438797
1675402772025620178,-1.5321198,9.793106,1.4560394
1675402772224064501,-1.5328369,9.787369,1.4720612
1675402772422882157,-1.5304413,9.789993,1.459137
1675402772621189917,-1.5321198,9.791428,1.4419098
1675402772819809188,-1.5323639,9.796219,1.4416809
1675402773018394240,-1.5350037,9.79335,1.4591522
1675402773216773927,-1.5337982,9.79071,1.4656067
1675402773415368458,-1.5302124,9.790482,1.4502869
1675402773613821896,-1.5323639,9.791428,1.4392853
1675402773812423979,-1.5347595,9.788559,1.446228
1675402774011025333,-1.5337982,9.788315,1.458664
1675402774209646271,-1.5306854,9.79454,1.458664
1675402774408380541,-1.5357208,9.795731,1.4476624
1675402774606555854,-1.5337982,9.795258,1.4481354
1675402774805059812,-1.5347595,9.792145,1.4514923
1675402775004073302,-1.5309296,9.791428,1.4507751
1675402775202058614,-1.5321198,9.789276,1.4440765
1675402775400541218,-1.533081,9.794296,1.4428711
1675402775599654760,-1.5318909,9.790955,1.4517212
1675402775798787937,-1.5318909,9.792145,1.4533997
1675402775997724395,-1.5306854,9.793106,1.4416809
1675402776197479551,-1.5316467,9.794296,1.4404755
1675402776401576166,-1.5306854,9.789993,1.4546051
1675402776592544863,-1.5294952,9.790237,1.4629669
1675402776790408926,-1.5304565,9.793106,1.4471741
1675402776988793770,-1.5304413,9.797653,1.4368896
1675402777187423353,-1.5302124,9.79335,1.4438324
1675402777386446478,-1.5297241,9.792389,1.4581909
1675402777584968249,-1.532608,9.792862,1.4557953
1675402777783012311,-1.5314026,9.79071,1.4486237
1675402777982395540,-1.5311584,9.795731,1.4423981
1675402778180927832,-1.532608,9.794785,1.4478912
1675402778378863457,-1.5340424,9.792633,1.4605713
1675402778578880956,-1.5328369,9.791199,1.4617767
1675402778776027883,-1.5299683,9.792389,1.4541168
1675402778975170279,-1.5347595,9.795731,1.4459839
1675402779173031998,-1.5354767,9.793823,1.4476624
1675402779371571060,-1.5335541,9.789764,1.4610596
1675402779570107987,-1.5333252,9.789032,1.462738
1675402779768076841,-1.5373993,9.79071,1.4517365
1675402779966776268,-1.532608,9.791199,1.4488525
1675402780165638612,-1.5357208,9.791199,1.4541168
1675402780363881789,-1.5357208,9.788559,1.467514
1675402780562745904,-1.533081,9.789032,1.4667969
1675402780761180331,-1.5345154,9.795258,1.4536438
1675402780959807153,-1.5373993,9.791428,1.4519653
1675402781158352883,-1.5345154,9.78952,1.4636841
1675402781356937466,-1.5357208,9.788803,1.4653625
1675402781555286997,-1.533081,9.79071,1.4550781
1675402781753843091,-1.532608,9.79071,1.4550781
1675402781952223091,-1.533081,9.78952,1.4610596
1675402782150387674,-1.5342712,9.791672,1.4624939
1675402782349172309,-1.5352325,9.789032,1.4615479
1675402782547260851,-1.5321198,9.789276,1.4589081
1675402782745930955,-1.5321198,9.788559,1.4639282
1675402782944890642,-1.5337982,9.789993,1.4615326
1675402783143390746,-1.5318909,9.792145,1.4565125
1675402783343116528,-1.533081,9.790237,1.4569855
1675402783540647413,-1.533081,9.792389,1.4651184
1675402783739645277,-1.5297394,9.790955,1.4519653
1675402783937507882,-1.5014954,9.792862,1.4067383
1675402784137030381,-1.5256653,9.791428,1.437851
1675402784334648090,-1.5309296,9.790466,1.4624939
1675402784532909913,-1.5309296,9.789032,1.470398
1675402784732287933,-1.5335541,9.788315,1.4684753
1675402784930790069,-1.5335541,9.79335,1.4589081
1675402785128149444,-1.5345154,9.792862,1.4483795
1675402785327679496,-1.5359497,9.788803,1.4600983
1675402785526501318,-1.5318909,9.78952,1.4787598
1675402785724162152,-1.5335541,9.788803,1.4727783
1675402785923438922,-1.5347595,9.795258,1.4550781
1675402786120395381,-1.5350037,9.795258,1.4560394
1675402786319933454,-1.5328369,9.790466,1.475174
1675402786518044964,-1.5361938,9.784973,1.4857025
1675402786716029755,-1.5345154,9.787842,1.4727783
1675402786914802151,-1.5349884,9.792862,1.454361
1675402787113214651,-1.5361938,9.789764,1.4703827
1675402787311503401,-1.5340424,9.786652,1.4931183
1675402787509898661,-1.536438,9.78569,1.4907227
1675402787708883974,-1.5366669,9.790466,1.4653625
1675402787908139807,-1.5347595,9.792389,1.4636993
1675402788106507411,-1.5314026,9.78569,1.4859467
1675402788304938036,-1.5376282,9.788803,1.4971924
1675402788503677984,-1.5359497,9.789764,1.4828339
1675402788701802880,-1.5321198,9.792862,1.4699097
1675402788900632463,-1.5046082,9.79071,1.4349823
1675402789098628921,-1.5213623,9.78952,1.4710999
1675402789297411057,-1.5321198,9.788559,1.491684
1675402789496287254,-1.5347595,9.789032,1.483551
1675402789694790015,-1.5314026,9.788315,1.483078
1675402789893283817,-1.5311584,9.792389,1.479248
1675402790091261629,-1.5359497,9.792145,1.4876251
1675402790289885275,-1.5357208,9.789749,1.4914398
1675402790488106056,-1.5316467,9.791916,1.4900055
1675402790686954702,-1.5354767,9.790466,1.4821167
1675402790885164858,-1.5333252,9.790237,1.4849854
1675402791083843973,-1.532608,9.785446,1.4943237
1675402791282381941,-1.5321198,9.788803,1.4979095
1675402791480873347,-1.5340424,9.790237,1.4955139
1675402791679284337,-1.5352325,9.790955,1.4895325
1675402791877959649,-1.5335541,9.79071,1.4883423
1675402792078023347,-1.533081,9.785934,1.4993439
1675402792275080587,-1.5371552,9.783768,1.504364
1675402792473675899,-1.5345154,9.787842,1.4945526
1675402792671832670,-1.5350037,9.787369,1.4876251
1675402792871020639,-1.5347595,9.791916,1.4921722
1675402793069616420,-1.5359497,9.790955,1.5010223
1675402793268011315,-1.5323639,9.790237,1.5026855
1675402793467193659,-1.5321198,9.786407,1.4959869
1675402793665556159,-1.5337982,9.788803,1.492157
1675402793866117513,-1.507721,9.784973,1.462738
1675402794064877669,-1.516571,9.786407,1.4854736
1675402794264852617,-1.5328369,9.788559,1.5022125
1675402794459412409,-1.5337982,9.788803,1.4900208
1675402794657572773,-1.536911,9.787369,1.4900055
1675402794856339388,-1.5318909,9.785446,1.507721
1675402795055378659,-1.5337982,9.7868805,1.5074768
1675402795253770638,-1.5342712,9.79071,1.4940796
1675402795452553554,-1.5352325,9.791916,1.4904938
1675402795650981367,-1.5323639,9.788803,1.5050812
1675402795849437564,-1.5335541,9.785446,1.5103455
1675402796047723919,-1.532608,9.7868805,1.4945526
1675402796247163085,-1.5318756,9.789749,1.491684
1675402796445028450,-1.5328369,9.790237,1.5070038
1675402796642785741,-1.5316467,9.79071,1.5125122
1675402796841292668,-1.5359497,9.789993,1.4967194
1675402797039449856,-1.5311584,9.79071,1.4878693
1675402797237722512,-1.5294952,9.78833,1.4990997
1675402797436239491,-1.5335541,9.785934,1.5105896
1675402797634599074,-1.5359497,9.787125,1.5019684
1675402797833826262,-1.5294952,9.791199,1.4928894
1675402798032216834,-1.5321198,9.789047,1.4959869
1675402798230781730,-1.5340424,9.785446,1.5057983
1675402798429156001,-1.5340424,9.7845,1.508194
1675402798627947615,-1.5347595,9.786163,1.4967194
1675402798826114178,-1.5134583,9.792389,1.4600983
1675402799025003553,-1.5122681,9.791428,1.4656067
1675402799223263865,-1.5345154,9.787598,1.5072327
1675402799422477719,-1.5335693,9.791916,1.5014954
1675402799621166053,-1.5318909,9.788315,1.4945526
1675402799819751678,-1.532608,9.790482,1.4979095
1675402800018402615,-1.5366669,9.788559,1.504837
1675402800216089959,-1.5335541,9.790237,1.5022125
1675402800414409490,-1.5333252,9.789749,1.4979095
1675402800613383708,-1.5316467,9.790237,1.4993439
1675402800812402302,-1.5340424,9.788086,1.5007782
1675402801011122615,-1.5357208,9.788803,1.5007782
1675402801209102510,-1.5333252,9.788559,1.500534
1675402801407480167,-1.5318909,9.787598,1.5036469
1675402801606461937,-1.5340424,9.785217,1.5079498
1675402801805035427,-1.5383453,9.78952,1.5034027
1675402802002526312,-1.5342712,9.79071,1.4969482
1675402802201846312,-1.5371552,9.7868805,1.5022125
1675402802400953916,-1.5335541,9.787613,1.5084381
1675402802599509541,-1.537384,9.7868805,1.5048523
1675402802797680947,-1.5352325,9.789276,1.4990997
1675402802996245530,-1.5318909,9.789047,1.4983826
1675402803194337510,-1.5342712,9.786163,1.5055695
1675402803393159853,-1.5345154,9.789749,1.5120239
1675402803591436728,-1.536438,9.790237,1.5031738
1675402803790372822,-1.5254211,9.791672,1.4794769
1675402803987739124,-1.503891,9.790955,1.4613037
1675402804186568863,-1.532608,9.785217,1.5050812
1675402804384987457,-1.5350037,9.787842,1.5026855
1675402804583097769,-1.5357208,9.789276,1.5026855
1675402804782215790,-1.5328369,9.791183,1.4993439
1675402804981515894,-1.5328369,9.79071,1.4998169
1675402805178908603,-1.5388336,9.791199,1.5034027
1675402805377829436,-1.5337982,9.785446,1.504364
1675402805576133863,-1.5342712,9.787125,1.5010223
1675402805774235582,-1.5359497,9.785934,1.504837
1675402805973252092,-1.5337982,9.787613,1.5053253
1675402806171247040,-1.5340424,9.789993,1.5014954
1675402806370012456,-1.536911,9.788803,1.5019684
1675402806568662821,-1.5347595,9.786652,1.5103455
1675402806767255581,-1.5340424,9.786407,1.5089111
1675402806965829331,-1.5352325,9.787125,1.5036469
1675402807164355893,-1.5347595,9.789993,1.4974365
1675402807362491258,-1.5361938,9.786407,1.5074768
1675402807560940164,-1.5347595,9.786407,1.5163269
1675402807758987352,-1.536438,9.7868805,1.5067596
1675402807958168602,-1.5337982,9.78952,1.4924011
1675402808157454747,-1.5321198,9.787613,1.4967041
1675402808355094591,-1.5350037,9.787598,1.5122681
1675402808553965945,-1.5335541,9.787842,1.5137024
1675402808752678185,-1.5232697,9.791183,1.4900055
1675402808951091362,-1.5103455,9.790466,1.4615326
1675402809149624903,-1.5337982,9.788559,1.4928894
1675402809348108861,-1.5354767,9.784729,1.5084381
1675402809546749955,-1.5292511,9.788315,1.5050812
1675402809744364851,-1.5335541,9.790955,1.5024567
1675402809943432038,-1.5371552,9.789993,1.5019836
1675402810144322142,-1.5333252,9.790955,1.5053253
1675402810340385736,-1.536438,9.783539,1.5014954
1675402810538702871,-1.5345154,9.786407,1.4998169
1675402810737515736,-1.533081,9.785217,1.5101166
1675402810935431361,-1.5350037,9.786163,1.5105896
1675402811134715996,-1.5381165,9.789993,1.5024567
1675402811332512871,-1.5337982,9.792145,1.4981384
