1675402721296867697
1675402721500257280
1675402721699387332
1675402721896229832
1675402722097320145
1675402722307569988
1675402722509140822
1675402722706462853
1675402722911802332
1675402723110774259
1675402723301427592
1675402723511430248
1675402723711310144
1675402723911021654
1675402724111422488
1675402724311608217
1675402724521049883
1675402724721696290
1675402724901698321
1675402725101370456
1675402725301766393
1675402725496818268
1675402725707222070
1675402725907844258
1675402726106667122
1675402726307130247
1675402726507491810
1675402726717559830
1675402726916344466
1675402727116742382
1675402727316271184
1675402727516788268
1675402727712375090
1675402727922731913
1675402728122535976
1675402728322282226
1675402728501083059
1675402728702142017
1675402728911392694
1675402729111708059
1675402729312055402
1675402729511742329
1675402729711323944
1675402729906801131
1675402730116935350
1675402730316621287
1675402730516644204
1675402730716929725
1675402730916549360
1675402731126859829
1675402731326669412
1675402731526339152
1675402731726331651
1675402731926744516
1675402732121996130
1675402732311784203
1675402732511751130
1675402732711675036
1675402732911842588
1675402733111837224
1675402733321811911
1675402733521965088
1675402733721770713
1675402733921767276
1675402734122077536
1675402734316531703
1675402734526852380
1675402734727919515
1675402734926828213
1675402735126849983
1675402735327052744
1675402735537093837
1675402735736532535
1675402735917083994
1675402736116771337
1675402736317016025
1675402736511999827
1675402736721904202
1675402736922212483
1675402737122196806
1675402737321729670
1675402737521417899
1675402737732148212
1675402737931759774
1675402738131770243
1675402738331811232
1675402738531474409
1675402738726729878
1675402738937350347
1675402739137332326
1675402739336681128
1675402739536707482
1675402739716500867
1675402739916730346
1675402740126434357
1675402740326099200
1675402740526483002
1675402740726456127
1675402740921526023
1675402741131977273
1675402741332211179
1675402741531835554
1675402741731856596
1675402741932099304
1675402742131617377
1675402742341769408
1675402742541874929
1675402742741231126
1675402742941874095
1675402743137370814
1675402743326956230
1675402743526428209
1675402743726194355
1675402743926683053
1675402744127092324
1675402744326803001
1675402744536740292
1675402744737269667
1675402744936494146
1675402745137020709
1675402745332374094
1675402745541913052
1675402745741699302
1675402745942054563
1675402746141889823
1675402746341677167
1675402746541471073
1675402746751988260
1675402746951894094
1675402747132058781
1675402747331286020
1675402747526565656
1675402747737145031
1675402747936602791
1675402748136696593
1675402748337110031
1675402748536423885
1675402748736716905
1675402748946825707
1675402749146473676
1675402749346349666
1675402749546504874
1675402749741911957
1675402749951598415
1675402750151454821
1675402750352027842
1675402750551541644
1675402750732091228
1675402750931596696
1675402751141642946
1675402751341456592
1675402751541240029
1675402751742011592
1675402751936967008
1675402752146189769
1675402752346265029
1675402752546510185
1675402752746258258
1675402752946497216
1675402753146687893
1675402753356753935
1675402753556451070
1675402753756373049
1675402753956502216
1675402754151690757
1675402754362347164
1675402754541634768
1675402754742422997
1675402754941626851
1675402755141622320
1675402755342417267
1675402755551740965
1675402755751571955
1675402755951516746
1675402756152018465
1675402756347288830
1675402756556937007
1675402756756872319
1675402756956977579
1675402757156184871
1675402757356785600
1675402757556566642
1675402757766064454
1675402757967572631
1675402758146643048
1675402758345794298
1675402758541188672
1675402758742550495
1675402758952405131
1675402759151957578
1675402759351609037
1675402759552285912
1675402759751866589
1675402759960705911
1675402760161489557
1675402760361224297
1675402760560833047
1675402760756773880
1675402760956356328
1675402761166308203
1675402761365950442
1675402761567091536
1675402761766728202
1675402761946158567
1675402762156640181
1675402762356379348
1675402762557293879
1675402762756124400
1675402762951729608
1675402763151748567
1675402763361851327
1675402763561164921
1675402763761443670
1675402763961127316
1675402764162062785
1675402764372341379
1675402764572242368
1675402764770565493
1675402764970743722
1675402765165941899
1675402765365911691
1675402765555945753
1675402765755721899
1675402765956139190
1675402766156077888
1675402766355805076
1675402766565700701
1675402766767282836
1675402766966358930
1675402767166432627
1675402767361887263
1675402767561411325
1675402767771906742
1675402767971691169
1675402768171233929
1675402768371645075
1675402768571194814
1675402768782335283
1675402768980980439
1675402769181513043
1675402769362171845
1675402769556555804
1675402769756874866
1675402769966399866
1675402770166359606
1675402770367143564
1675402770566342574
1675402770766742053
1675402770977274293
1675402771176337574
1675402771376230282
1675402771576281584
1675402771772051949
1675402771972175594
1675402772181625699
1675402772381449501
1675402772581968042
1675402772782097625
1675402772961224761
1675402773171833198
1675402773371438667
1675402773570936635
1675402773770910594
1675402773966814917
1675402774166297781
1675402774376643771
1675402774576008718
1675402774776433510
1675402774976610697
1675402775176664499
1675402775386277051
1675402775586730072
1675402775786774551
1675402775986029343
1675402776181684551
1675402776381356895
1675402776591873926
1675402776771207988
1675402776971483040
1675402777171484863
1675402777371969551
1675402777571622884
1675402777781897103
1675402777981180071
1675402778181630019
1675402778376330852
1675402778577880592
1675402778787077779
1675402778987127258
1675402779187338456
1675402779386639029
1675402779586690435
1675402779786664133
1675402779997272623
1675402780196405123
1675402780376161633
1675402780572089549
1675402780771756008
1675402780982116945
1675402781181300851
1675402781382068612
1675402781581783143
1675402781781251164
1675402781981208195
1675402782192157413
1675402782391594705
1675402782591106111
1675402782786673455
1675402782986997882
1675402783196972934
1675402783397099600
1675402783596970434
1675402783797102882
1675402783997240590
1675402784176624809
1675402784387092986
1675402784586642465
1675402784786369704
1675402784982344912
1675402785182418246
1675402785392165537
1675402785591850433
1675402785791796891
1675402785991237829
1675402786191676839
1675402786392183453
1675402786601599495
1675402786801811058
1675402787001902620
1675402787196960120
1675402787396953870
1675402787606561370
1675402787786556318
1675402787987349495
1675402788187011213
1675402788387172984
1675402788587289859
1675402788796658973
1675402788996558244
1675402789197063296
1675402789391845900
1675402789591823244
1675402789802124025
1675402790001426056
1675402790200832567
1675402790401772410
1675402790601840952
1675402790801670952
1675402791011194545
1675402791211922670
1675402791411601577
1675402791587006577
1675402791786523972
1675402791996574233
1675402792197048451
1675402792396696680
1675402792596541837
1675402792797365951
1675402792996497982
1675402793207033451
1675402793407362097
1675402793607039128
1675402793802103607
1675402794002356315
1675402794212557148
1675402794411746315
1675402794612078034
1675402794812311627
1675402795011465794
1675402795191785013
1675402795401499023
1675402795601936835
1675402795802222200
1675402795997109439
1675402796197433189
1675402796397521627
1675402796607111783
1675402796807056054
1675402797006837929
1675402797206815741
1675402797406698814
1675402797616692824
1675402797816394699
1675402798016546782
1675402798212319595
1675402798412321261
1675402798611838501
1675402798822411470
1675402799001837042
1675402799202449855
1675402799402020792
1675402799601958813
1675402799812028136
1675402800011259334
1675402800211798657
1675402800407130063
1675402800607346365
1675402800807041521
1675402801016843292
1675402801217335948
1675402801416395062
1675402801616610427
1675402801817106781
1675402802026851625
1675402802227074802
1675402802427375999
1675402802602078968
1675402802801525947
1675402803001444072
1675402803211974645
1675402803412455791
1675402803612058030
1675402803811443811
1675402804012328863
1675402804222233811
1675402804422096467
1675402804622200426
1675402804817223446
1675402805016952092
1675402805217349332
1675402805426565373
1675402805626945061
1675402805826950634
1675402806027152404
1675402806226624019
1675402806416165790
1675402806616576415
1675402806817122508
1675402807012363133
1675402807211667925
1675402807412106050
1675402807622385164
1675402807821357404
1675402808021510008
1675402808221955320
1675402808421493393
1675402808631746466
1675402808832504174
1675402809032272403
1675402809226640476
1675402809427165424
1675402809626929538
1675402809836870736
1675402810016869486
1675402810216482663
1675402810417286986
1675402810617288236
1675402810826789798
