1675402721001191812
1675402721199282801
1675402721245521968
1675402721295779468
1675402721349133010
1675402721388882645
1675402721428097541
1675402721487709572
1675402721528075405
1675402721556169624
1675402721607426082
1675402721656536864
1675402721690283114
1675402721728020145
1675402721787653686
1675402721827605301
1675402721870953061
1675402721927965301
1675402721967817436
1675402722008139832
1675402722048416707
1675402722088443426
1675402722138633843
1675402722168164155
1675402722228076082
1675402722247601186
1675402722313644624
1675402722333842697
1675402722407958634
1675402722428006915
1675402722469050457
1675402722509112228
1675402722548696499
1675402722608444572
1675402722655197228
1675402722708899676
1675402722747723686
1675402722789495353
1675402722828229936
1675402722868189571
1675402722929493686
1675402722957860821
1675402722991847124
1675402723047648634
1675402723088866655
1675402723130726863
1675402723168055717
1675402723227769676
1675402723270317436
1675402723308026550
1675402723352005353
1675402723407610196
1675402723447792696
1675402723468481186
1675402723527938061
1675402723567844675
1675402723607831811
1675402723667654571
1675402723707974675
1675402723727885977
1675402723773844207
1675402723814225665
1675402723868020352
1675402723908060144
1675402723948159831
1675402723988017279
1675402724028925665
1675402724095823009
1675402724135521081
1675402724168571290
1675402724227960196
1675402724269107904
1675402724307642956
1675402724350264831
1675402724387956498
1675402724432983946
1675402724474380144
1675402724528058321
1675402724567978373
1675402724617537383
1675402724667963060
1675402724707558998
1675402724751217696
1675402724792315664
1675402724832580144
1675402724888098581
1675402724912418060
1675402724967646185
1675402725007675560
1675402725028538373
1675402725107547748
1675402725147813425
1675402725167786133
1675402725208451914
1675402725254649414
1675402725296385300
1675402725348277227
1675402725407376185
1675402725447921237
1675402725488060612
1675402725529228998
1675402725569796445
1675402725609566810
1675402725667946914
1675402725708622591
1675402725737457591
1675402725790357279
1675402725828127539
1675402725867961497
1675402725927804102
1675402725968258997
1675402726007539414
1675402726047786029
1675402726107850560
1675402726148224466
1675402726187318112
1675402726223804935
1675402726268409570
1675402726308660039
1675402726353608737
1675402726407512799
1675402726448513008
1675402726468831601
1675402726509212747
1675402726588702695
1675402726608092435
1675402726647828216
1675402726688550768
1675402726734968112
1675402726788602018
1675402726828986966
1675402726888029414
1675402726928326653
1675402726968250976
1675402727008245455
1675402727057016757
1675402727107908893
1675402727131263320
1675402727168462903
1675402727210961705
1675402727268177486
1675402727310274205
1675402727348516861
1675402727407579622
1675402727448489518
1675402727488227434
1675402727518930820
1675402727573260038
1675402727613333059
1675402727648428372
1675402727708187122
1675402727748560507
1675402727788972955
1675402727848093163
1675402727888556028
1675402727908088059
1675402727948109570
1675402727988633215
1675402728048673267
1675402728088477851
1675402728148389049
1675402728188689674
1675402728229010299
1675402728269477122
1675402728309339674
1675402728367805194
1675402728407447694
1675402728447868684
1675402728488020403
1675402728537461236
1675402728570861809
1675402728608049361
1675402728667575038
1675402728707924465
1675402728751099569
1675402728788045975
1675402728847863215
1675402728887709048
1675402728927799153
1675402728948417590
1675402729012661496
1675402729053153475
1675402729087722538
1675402729147545871
1675402729188022850
1675402729214198684
1675402729287490298
1675402729328047434
1675402729347933267
1675402729388134829
1675402729428368475
1675402729468609881
1675402729527782329
1675402729588069933
1675402729628006548
1675402729668531392
1675402729709565558
1675402729749556236
1675402729787537798
1675402729847614985
1675402729887142329
1675402729910052642
1675402729967534204
1675402730011051235
1675402730047545975
1675402730107363996
1675402730147524777
1675402730191174048
1675402730227844465
1675402730267848631
1675402730307758579
1675402730367613214
1675402730388004985
1675402730448016756
1675402730487979152
1675402730527908683
1675402730587541912
1675402730627823006
1675402730654361391
1675402730694364568
1675402730767836391
1675402730787667381
1675402730828120818
1675402730887509673
1675402730927518839
1675402730967540245
1675402731015923995
1675402731067730141
1675402731107207850
1675402731150108891
1675402731187363318
1675402731227785610
1675402731287276756
1675402731317225454
1675402731350754933
1675402731407340245
1675402731447378318
1675402731487288735
1675402731527528058
1675402731587237589
1675402731627770766
1675402731667626808
1675402731692544360
1675402731747741547
1675402731796271703
1675402731827985453
1675402731887483370
1675402731927634620
1675402731968132016
1675402732027239151
1675402732067864412
1675402732087987901
1675402732134774047
1675402732175038266
1675402732228045766
1675402732268139776
1675402732327688370
1675402732368030453
1675402732407664568
1675402732447963891
1675402732496970297
1675402732547979672
1675402732587682537
1675402732630434932
1675402732667551443
1675402732710585661
1675402732747528370
1675402732791301651
1675402732847769099
1675402732887636026
1675402732927719099
1675402732978235505
1675402733007934516
1675402733067538682
1675402733107452588
1675402733133013526
1675402733188326911
1675402733228292276
1675402733267948838
1675402733327970870
1675402733367926390
1675402733388135817
1675402733467943838
1675402733507692692
1675402733528239515
1675402733567725192
1675402733627946234
1675402733667986911
1675402733708219724
1675402733768115453
1675402733807956546
1675402733847651390
1675402733888492744
1675402733936296338
1675402733976490036
1675402734027624932
1675402734067679463
1675402734097862848
1675402734151434671
1675402734187980505
1675402734227918786
1675402734287659203
1675402734328041234
1675402734367990661
1675402734407270557
1675402734448185348
1675402734493154307
1675402734527966598
1675402734568281494
1675402734627843629
1675402734667881598
1675402734707851650
1675402734768264932
1675402734807991598
1675402734827457588
1675402734868223317
1675402734947929984
1675402734967315973
1675402735008082171
1675402735067487431
1675402735107406963
1675402735148146233
1675402735189334827
1675402735247373473
1675402735287353108
1675402735327896650
1675402735367909410
1675402735416767900
1675402735467598942
1675402735491347223
1675402735527974983
1675402735591775817
1675402735627908369
1675402735667860765
1675402735727620608
1675402735748120712
1675402735807954046
1675402735847958212
1675402735868148108
1675402735928267014
1675402735968310348
1675402736008358577
1675402736067675348
1675402736107462327
1675402736148110764
1675402736207922066
1675402736247918421
1675402736268048212
1675402736307968681
1675402736368178316
1675402736407966858
1675402736455297952
1675402736507357535
1675402736547646129
1675402736589195972
1675402736630612900
1675402736670441025
1675402736727966129
1675402736768171077
1675402736808077014
1675402736848020868
1675402736898212118
1675402736931732431
1675402736967993733
1675402737027906806
1675402737067755764
1675402737107249306
1675402737152163264
1675402737188068472
1675402737247947483
1675402737288048368
1675402737307928993
1675402737368290347
1675402737407746701
1675402737448123628
1675402737507274670
1675402737547960399
1675402737574715816
1675402737647991649
1675402737687996024
1675402737708124410
1675402737748751962
1675402737807738837
1675402737848010972
1675402737895792066
1675402737947442795
1675402737987741389
1675402738027605868
1675402738070472899
1675402738110399149
1675402738147921753
1675402738207387014
1675402738247514566
1675402738270906753
1675402738328039618
1675402738372460399
1675402738407964149
1675402738467617691
1675402738488322743
1675402738547590868
1675402738588128368
1675402738628055190
1675402738668176388
1675402738713398420
1675402738748114982
1675402738808013576
1675402738847954513
1675402738888128628
1675402738947997117
1675402738987676284
1675402739015260503
1675402739055418419
1675402739107348732
1675402739147939513
1675402739207924201
1675402739248013211
1675402739287882951
1675402739327908159
1675402739376960711
1675402739427956648
1675402739467633784
1675402739507720190
1675402739547959878
1675402739588201701
1675402739647994461
1675402739677975607
1675402739711868992
1675402739767898315
1675402739808130971
1675402739847993523
1675402739907436336
1675402739928036909
1675402739987598627
1675402740027385971
1675402740053751075
1675402740107525190
1675402740148125971
1675402740187778575
1675402740247610034
1675402740287526284
1675402740326818836
1675402740374892846
1675402740414576856
1675402740448243263
1675402740495487273
1675402740548120190
1675402740587340138
1675402740627974148
1675402740687955190
1675402740727141961
1675402740767030815
1675402740807907117
1675402740857570138
1675402740907151700
1675402740947563731
1675402740987256127
1675402741027716960
1675402741071500710
1675402741111425294
1675402741152107481
1675402741207653471
1675402741228122533
1675402741287614877
1675402741332459512
1675402741367972064
1675402741408175919
1675402741448237273
1675402741494477950
1675402741548164825
1675402741588387221
1675402741628090918
1675402741687663158
1675402741727910293
1675402741748483991
1675402741815532689
1675402741849005658
1675402741887682064
1675402741948041908
1675402741987651595
1675402742027407012
1675402742069242741
1675402742127411908
1675402742167871752
1675402742207422064
1675402742248358835
1675402742287935866
1675402742337328262
1675402742387630710
1675402742427967637
1675402742458392533
1675402742512059668
1675402742547976908
1675402742588014512
1675402742647343001
1675402742667888210
1675402742727422324
1675402742767330658
1675402742807417689
1675402742847676387
1675402742888242845
1675402742928555293
1675402742988253991
1675402743027864876
1675402743067920762
1675402743127761647
1675402743155326960
1675402743188684616
1675402743247462012
1675402743295264407
1675402743327833835
1675402743369476074
1675402743427521803
1675402743468080032
1675402743509597376
1675402743550859720
1675402743608141334
1675402743648230657
1675402743688021699
1675402743727388418
1675402743767035970
1675402743827790345
1675402743852040813
1675402743894063418
1675402743939010761
1675402743972619824
1675402744032229615
1675402744067900397
1675402744107837636
1675402744147629824
1675402744208137272
1675402744228400345
1675402744287425605
1675402744328170657
1675402744368397167
1675402744427934251
1675402744467742844
1675402744508162532
1675402744547414719
1675402744595122272
1675402744629182219
1675402744687775969
1675402744727588574
1675402744775259771
1675402744807358626
1675402744867386386
1675402744907294251
1675402744947789303
1675402744990851855
1675402745028397063
1675402745067617896
1675402745127428053
1675402745167465553
1675402745208111542
1675402745247430709
1675402745298883834
1675402745327768625
1675402745387659407
1675402745412827792
1675402745453171073
1675402745507690032
1675402745547863157
1675402745588086594
1675402745627910969
1675402745668568729
1675402745727777844
1675402745768403313
1675402745807949615
1675402745867416802
1675402745907412792
1675402745935389615
1675402745988906073
1675402746027284823
1675402746069461646
1675402746127630083
1675402746167382219
1675402746207670083
1675402746256324406
1675402746307184667
1675402746347303729
1675402746387238521
1675402746431118260
1675402746471241177
1675402746507725344
1675402746567511750
1675402746607442010
1675402746632151489
1675402746687231906
1675402746718877427
1675402746767716489
1675402746812722114
1675402746847341385
1675402746893339927
1675402746947245135
1675402746987731021
1675402747027871698
1675402747068246593
1675402747108030239
1675402747168002010
1675402747208135864
1675402747247330968
1675402747307949979
1675402747328876906
1675402747367486593
1675402747429163885
1675402747467408833
1675402747507614302
1675402747567431854
1675402747607446541
1675402747648277635
1675402747687451645
1675402747737594145
1675402747787718416
1675402747827696124
1675402747867734874
1675402747911089302
1675402747946998051
1675402747987536437
1675402748047655864
1675402748072646437
1675402748128015135
1675402748148030812
1675402748199218885
1675402748247432791
1675402748288049562
1675402748328067010
1675402748373717895
1675402748414404041
1675402748467739041
1675402748507536228
1675402748547967426
1675402748607313155
1675402748647429822
1675402748687209770
1675402748735858989
1675402748768896124
1675402748815428155
1675402748855639926
1675402748907849666
1675402748948079874
1675402748989921176
1675402749047532582
1675402749087340134
1675402749127667686
1675402749167387374
1675402749212110082
1675402749248155238
1675402749307180343
1675402749348018051
1675402749387067113
1675402749427914561
1675402749487306072
1675402749507878311
1675402749567362530
1675402749587373259
1675402749628233676
1675402749699178467
1675402749727467374
1675402749767409978
1675402749807581697
1675402749855177165
1675402749907540030
1675402749948026384
1675402749987923884
1675402750047450342
1675402750087155915
1675402750109120186
1675402750167459144
1675402750209603832
1675402750247438363
1675402750307175082
1675402750347531176
1675402750389171748
1675402750427420342
1675402750487612217
1675402750528071384
1675402750567541228
1675402750607990394
1675402750648220342
1675402750687242790
1675402750728135238
1675402750787338311
1675402750807668363
1675402750872329300
1675402750892219925
1675402750947342582
1675402750986967894
1675402751028196904
1675402751067819925
1675402751107563675
1675402751167880811
1675402751208414873
1675402751247807529
1675402751287702321
1675402751348217946
1675402751386950759
1675402751427160967
1675402751487190602
1675402751516950238
1675402751549072529
1675402751606950550
1675402751647247477
1675402751687341227
1675402751747697685
1675402751787083258
1675402751827118310
1675402751869825550
1675402751911276331
1675402751967010915
1675402752006935081
1675402752047308571
1675402752087125185
1675402752127071956
1675402752167095810
1675402752227013102
1675402752246989092
1675402752307019300
1675402752332760706
1675402752372670029
1675402752427005862
1675402752466987581
1675402752507054508
1675402752548261123
1675402752587326279
1675402752647218623
1675402752687316383
1675402752728248518
1675402752786979664
1675402752827881279
1675402752866969248
1675402752908855810
1675402752947268779
1675402752989066747
1675402753046976070
1675402753087030289
1675402753126857685
1675402753175957060
1675402753227116956
1675402753267125445
1675402753310126539
1675402753351447112
1675402753391130029
1675402753447331643
1675402753467056695
1675402753527631487
1675402753567016591
1675402753606941122
1675402753666986643
1675402753707031851
1675402753727318987
1675402753767519820
1675402753813498466
1675402753853135914
1675402753907288049
1675402753947597372
1675402753987516330
1675402754027679299
1675402754087793778
1675402754135510810
1675402754174764612
1675402754227033570
1675402754267321695
1675402754296158778
1675402754349258257
1675402754386998570
1675402754426928466
1675402754487122789
1675402754527014299
1675402754567050809
1675402754616556330
1675402754667271799
1675402754707195393
1675402754747712997
1675402754791304872
1675402754831358153
1675402754867068882
1675402754906919768
1675402754967054924
1675402754992487424
1675402755047095236
1675402755067298674
1675402755147629611
1675402755167043726
1675402755207135392
1675402755253459663
1675402755293861955
1675402755347413309
1675402755387270236
1675402755427148726
1675402755468738517
1675402755528611382
1675402755567459455
1675402755614994351
1675402755666844871
1675402755688903986
1675402755727303049
1675402755789601017
1675402755827173153
1675402755866977059
1675402755927681226
1675402755967119663
1675402756007120705
1675402756046841955
1675402756097968048
1675402756146935444
1675402756187162684
1675402756207379350
1675402756267277632
1675402756309989507
1675402756347842319
1675402756407036121
1675402756446999194
1675402756466963257
1675402756507108777
1675402756547684507
1675402756606917996
1675402756646778934
1675402756687340704
1675402756734309298
1675402756775546902
1675402756827978309
1675402756867977059
1675402756927281694
1675402756967572683
1675402757006955861
1675402757047031069
1675402757096137215
1675402757130169715
1675402757167504663
1675402757227218673
1675402757266794246
1675402757307142319
1675402757350813673
1675402757406719402
1675402757447059662
1675402757486820079
1675402757527501173
1675402757578035287
1675402757627114871
1675402757647036798
1675402757706815183
1675402757750616902
1675402757772778516
1675402757846939350
1675402757886930704
1675402757906850444
1675402757947101329
1675402757987671641
1675402758027267579
1675402758087121329
1675402758127594402
1675402758167283673
1675402758214908933
1675402758267937839
1675402758308254870
1675402758346711329
1675402758409957110
1675402758449723620
1675402758472354506
1675402758530118412
1675402758572812370
1675402758609987683
1675402758670413099
1675402758709878568
1675402758749903360
1675402758789824766
1675402758849885235
1675402758890437995
1675402758930417735
1675402758950857995
1675402759010653256
1675402759054808620
1675402759090017422
1675402759150653047
1675402759190467631
1675402759215906276
1675402759255989453
1675402759330211901
1675402759350238828
1675402759390427891
1675402759430352318
1675402759470085443
1675402759529533360
1675402759578109037
1675402759629924870
1675402759669941849
1675402759711839766
1675402759752432630
1675402759789869609
1675402759850153880
1675402759878707474
1675402759912494922
1675402759969789193
1675402760010032474
1675402760050070026
1675402760109994661
1675402760150497266
1675402760189973724
1675402760233471484
1675402760274338932
1675402760329842578
1675402760369889557
1675402760390425495
1675402760449811640
1675402760490177682
1675402760529917630
1675402760589638932
1675402760630190703
1675402760650160390
1675402760696370495
1675402760737026276
1675402760789957265
1675402760830174817
1675402760890004453
1675402760930273463
1675402760970019557
1675402761018225599
1675402761057852421
1675402761109967421
1675402761150440651
1675402761191582421
1675402761229997213
1675402761272432682
1675402761309791953
1675402761353222213
1675402761409975026
1675402761449752526
1675402761490048098
1675402761529896536
1675402761590044765
1675402761630023150
1675402761673494973
1675402761706066171
1675402761750772005
1675402761790318463
1675402761830041484
1675402761889991744
1675402761929865390
1675402761950261015
1675402762029992942
1675402762070132942
1675402762090418984
1675402762130423098
1675402762176760338
1675402762216861744
1675402762269893619
1675402762330102890
1675402762370018046
1675402762409922733
1675402762450271588
1675402762498691692
1675402762530387942
1675402762589928567
1675402762630160910
1675402762659590910
1675402762713300754
1675402762750376952
1675402762789961327
1675402762849837942
1675402762890674348
1675402762930167890
1675402762969863358
1675402763030006535
1675402763070155754
1675402763110257785
1675402763135337473
1675402763190420337
1675402763229888723
1675402763270130285
1675402763330514973
1675402763369782837
1675402763389965650
1675402763430111119
1675402763509912941
1675402763530415389
1675402763570251796
1675402763629887629
1675402763669870858
1675402763710705858
1675402763751739087
1675402763809533358
1675402763849932160
1675402763889969504
1675402763930353514
1675402763979028045
1675402764029851847
1675402764052613306
1675402764090568358
1675402764153576118
1675402764189931899
1675402764229866847
1675402764290209087
1675402764329870181
1675402764370485337
1675402764410634347
1675402764430068201
1675402764495563826
1675402764535370285
1675402764570887576
1675402764629670285
1675402764669924295
1675402764709673149
1675402764769740337
1675402764810455389
1675402764830469451
1675402764871143253
1675402764910273201
1675402764969999868
1675402765010531847
1675402765070012576
1675402765109806014
1675402765150598982
1675402765191600441
1675402765231674972
1675402765289864347
1675402765330021222
1675402765369810284
1675402765410079034
1675402765439417159
1675402765492939503
1675402765529810909
1675402765589803826
1675402765629958357
1675402765669981847
1675402765713299503
1675402765769955076
1675402765810154972
1675402765849881430
1675402765870244555
1675402765929921222
1675402765970257055
1675402766010085909
1675402766069708201
1675402766109993722
1675402766136232211
1675402766210060440
1675402766249824295
1675402766269855128
1675402766310076274
1675402766369842263
1675402766409976899
1675402766456815544
1675402766509691117
1675402766549790336
1675402766589894659
1675402766632036742
1675402766672431326
1675402766709875076
1675402766769778773
1675402766809892576
1675402766832979503
1675402766889908878
1675402766934091065
1675402766970126690
1675402767030067315
1675402767069908044
1675402767109674086
1675402767154082680
1675402767189851690
1675402767230257367
1675402767289846742
1675402767310090544
1675402767370582263
1675402767409875700
1675402767449886169
1675402767510030023
1675402767550492211
1675402767577067107
1675402767616501325
1675402767689935231
1675402767710223461
1675402767750710544
1675402767810520961
1675402767850008252
1675402767889910961
1675402767939040023
1675402767990514606
1675402768029802783
1675402768072146638
1675402768112351846
1675402768150398252
1675402768209886325
1675402768239758096
1675402768272871950
1675402768330262992
1675402768370129554
1675402768409877679
1675402768469878773
1675402768489683200
1675402768550104919
1675402768589752575
1675402768615825804
1675402768669792575
1675402768710230856
1675402768750718669
1675402768809755075
1675402768849883564
1675402768889676637
1675402768950208200
1675402768990443877
1675402769010077471
1675402769056923721
1675402769110060543
1675402769150391533
1675402769190473460
1675402769250104866
1675402769289973200
1675402769330493720
1675402769370094970
1675402769418814970
1675402769469719554
1675402769509961637
1675402769553252470
1675402769589771741
1675402769633075908
1675402769670336897
1675402769713911637
1675402769769934658
1675402769809762054
1675402769849769554
1675402769900581845
1675402769930335387
1675402769989572522
1675402770029847678
1675402770067305647
1675402770110089137
1675402770150162626
1675402770189476533
1675402770249765751
1675402770290013460
1675402770310333512
1675402770389624970
1675402770430116220
1675402770449820699
1675402770489537053
1675402770549903876
1675402770589741012
1675402770630780074
1675402770690081741
1675402770730098876
1675402770769995907
1675402770810122001
1675402770850055751
1675402770899196793
1675402770950527261
1675402770990352678
1675402771019976793
1675402771073644449
1675402771109738616
1675402771150015491
1675402771209728928
1675402771229978668
1675402771290055907
1675402771330185178
1675402771370540126
1675402771410021220
1675402771450291688
1675402771490202157
1675402771550308199
1675402771589832938
1675402771629745699
1675402771689952626
1675402771730014188
1675402771750414292
1675402771790202105
1675402771850570594
1675402771889985282
1675402771950084917
1675402771989785959
1675402772029898876
1675402772070926271
1675402772112261480
1675402772169753146
1675402772209441792
1675402772250270698
1675402772289814761
1675402772329699553
1675402772390219136
1675402772413386011
1675402772449861219
1675402772514156115
1675402772550392469
1675402772590161375
1675402772649735073
1675402772669742938
1675402772730003980
1675402772770347886
1675402772790119032
1675402772850140282
1675402772889998407
1675402772929949084
1675402772989859344
1675402773029641792
1675402773069984240
1675402773129955802
1675402773170291167
1675402773190396948
1675402773230354709
1675402773289717677
1675402773329982521
1675402773377854552
1675402773429874604
1675402773469667781
1675402773511264708
1675402773553164448
1675402773593797313
1675402773649826063
1675402773689694917
1675402773729836427
1675402773770123823
1675402773820267573
1675402773853801010
1675402773889685385
1675402773950049239
1675402773974247885
1675402774033873927
1675402774069772417
1675402774109597989
1675402774150270750
1675402774199219864
1675402774230230385
1675402774290315906
1675402774330332208
1675402774370413041
1675402774430192312
1675402774469392208
1675402774496742937
1675402774549963406
1675402774591455541
1675402774630968302
1675402774689765333
1675402774730188979
1675402774770294031
1675402774817612000
1675402774869737520
1675402774909635854
1675402774949952729
1675402774993285437
1675402775032665697
1675402775069662312
1675402775130114499
1675402775169696843
1675402775195585281
1675402775249669708
1675402775294143562
1675402775330161687
1675402775390174343
1675402775409670541
1675402775469646374
1675402775509664083
1675402775549806426
1675402775590379135
1675402775636036062
1675402775670005749
1675402775730432780
1675402775770184499
1675402775809903405
1675402775869444239
1675402775909530228
1675402775937444603
1675402775977204812
1675402776029908926
1675402776070601374
1675402776116422051
1675402776169973978
1675402776209781270
1675402776249668457
1675402776299071114
1675402776349826999
1675402776390311374
1675402776430165124
1675402776472677207
1675402776509505645
1675402776569924603
1675402776599941322
1675402776633988093
1675402776689605749
1675402776709928093
1675402776769885436
1675402776814486322
1675402776849720020
1675402776890467415
1675402776949949134
1675402776976152363
1675402777030212780
1675402777069930957
1675402777110284707
1675402777170299186
1675402777209761217
1675402777249819551
1675402777296930436
1675402777330636738
1675402777377136322
1675402777417746009
1675402777469559811
1675402777509883769
1675402777551817415
1675402777609884863
1675402777649752676
1675402777690391321
1675402777730114707
1675402777779655592
1675402777829511842
1675402777869787311
1675402777909502207
1675402777950212363
1675402777994128717
1675402778029628613
1675402778074353717
1675402778130074863
1675402778150397207
1675402778209802936
1675402778254806269
1675402778289634394
1675402778330392779
1675402778370688769
1675402778416084134
1675402778470623196
1675402778510140696
1675402778550288977
1675402778609757467
1675402778649668821
1675402778670532206
1675402778737461217
1675402778771460175
1675402778810093821
1675402778869734394
1675402778909870071
1675402778950098613
1675402778991877467
1675402779049629185
1675402779089596060
1675402779129689498
1675402779170305956
1675402779210568925
1675402779252861269
1675402779309462258
1675402779349928821
1675402779369878612
1675402779429709081
1675402779454199237
1675402779509914498
1675402779561721789
1675402779590453352
1675402779630006321
1675402779689431008
1675402779729468977
1675402779770168560
1675402779809883873
1675402779850259341
1675402779909978925
1675402779950222050
1675402779990421529
1675402780049490696
1675402780077065070
1675402780110575800
1675402780169649237
1675402780211327362
1675402780249777206
1675402780309592727
1675402780350132831
1675402780389646112
1675402780432053091
1675402780472610383
1675402780530089706
1675402780569737466
1675402780609743768
1675402780649591633
1675402780689706737
1675402780750103872
1675402780773940851
1675402780809611320
1675402780869171372
1675402780894710904
1675402780950165643
1675402780990021789
1675402781029601424
1675402781069732101
1675402781130082674
1675402781150191893
1675402781210145226
1675402781250011893
1675402781290024497
1675402781350085435
1675402781390347622
1675402781429702674
1675402781470565955
1675402781509625435
1675402781551548716
1675402781609775955
1675402781649724914
1675402781689683612
1675402781738268976
1675402781790220226
1675402781829574028
1675402781872178924
1675402781913059601
1675402781953645070
1675402782009607882
1675402782049716788
1675402782089554601
1675402782129497309
1675402782169817413
1675402782229446476
1675402782249862570
1675402782309548090
1675402782335056372
1675402782375953403
1675402782429426476
1675402782469508507
1675402782509955903
1675402782550177361
1675402782590160538
1675402782650003820
1675402782689956163
1675402782730094028
1675402782789463819
1675402782830171424
1675402782858295486
1675402782911339028
1675402782949711736
1675402782991835382
1675402783050121319
1675402783090335955
1675402783130257517
1675402783178875486
1675402783230147101
1675402783270126736
1675402783309989392
1675402783354007569
1675402783393953715
1675402783429491892
1675402783490433194
1675402783529887569
1675402783554700017
1675402783609696059
1675402783630148611
1675402783690166892
1675402783735538142
1675402783770267777
1675402783815568350
1675402783855831840
1675402783909809704
1675402783950262048
1675402783990535538
1675402784030618454
1675402784090259809
1675402784130209965
1675402784170849704
1675402784229440642
1675402784251082308
1675402784290319340
1675402784351591006
1675402784389710069
1675402784429641840
1675402784489875850
1675402784530084600
1675402784569849235
1675402784609696579
1675402784660055329
1675402784709589079
1675402784749861996
1675402784789963975
1675402784830235850
1675402784870136683
1675402784909931162
1675402784970145746
1675402784995340381
1675402785049894444
1675402785070268871
1675402785121492516
1675402785170149183
1675402785210261579
1675402785250342777
1675402785296552673
1675402785336803350
1675402785390609391
1675402785430480798
1675402785471551162
1675402785530047360
1675402785569661318
1675402785609852360
1675402785658851318
1675402785691354235
1675402785729852256
1675402785789829131
1675402785831969704
1675402785869891995
1675402785911909912
1675402785969815954
1675402786009783297
1675402786049707672
1675402786090193870
1675402786140300485
1675402786189853297
1675402786230159079
1675402786269635068
1675402786309391891
1675402786350094391
1675402786409974443
1675402786450375589
1675402786470491162
1675402786510049443
1675402786550697933
1675402786602526474
1675402786649522933
1675402786690232412
1675402786730629026
1675402786777395693
1675402786830094703
1675402786870491057
1675402786909505537
1675402786969896735
1675402787009535797
1675402787031006162
1675402787089514130
1675402787131743818
1675402787169888193
1675402787229406005
1675402787269316734
1675402787309481474
1675402787352406734
1675402787409884703
1675402787449675901
1675402787489429703
1675402787530007776
1675402787570179443
1675402787610137463
1675402787649576474
1675402787709221734
1675402787729450015
1675402787795251213
1675402787815147411
1675402787889727151
1675402787909545380
1675402787950002411
1675402787990239442
1675402788029878922
1675402788090163297
1675402788130098974
1675402788170145797
1675402788210189599
1675402788271404911
1675402788310588557
1675402788350097099
1675402788409796317
1675402788438466057
1675402788472154703
1675402788530045484
1675402788569583661
1675402788610090171
1675402788669839807
1675402788709596317
1675402788750020380
1675402788792687463
1675402788833899025
1675402788890040171
1675402788930079703
1675402788950210848
1675402789010004702
1675402789050103088
1675402789090059963
1675402789150165536
1675402789190109234
1675402789210105432
1675402789256365692
1675402789296277359
1675402789350689807
1675402789389618036
1675402789430624129
1675402789470362671
1675402789510184546
1675402789577017202
1675402789618049129
1675402789669570119
1675402789709317046
1675402789750973869
1675402789790051108
1675402789831699181
1675402789870602931
1675402789911923973
1675402789969856473
1675402790009720692
1675402790049646525
1675402790099404858
1675402790149427410
1675402790189647306
1675402790229608504
1675402790274200327
1675402790313623400
1675402790369637567
1675402790389700587
1675402790449537567
1675402790489310639
1675402790529560796
1675402790589864962
1675402790629868504
1675402790649605431
1675402790689674233
1675402790736044494
1675402790776271525
1675402790829673660
1675402790869991785
1675402790909693504
1675402790950971421
1675402791010210587
1675402791057590691
1675402791097529858
1675402791149553400
1675402791189559754
1675402791218615795
1675402791271898608
1675402791309396368
1675402791349892462
1675402791409592670
1675402791449603295
1675402791489559285
1675402791539217670
1675402791589859806
1675402791629234754
1675402791669797306
1675402791694312983
1675402791749963451
1675402791789760483
1675402791829306993
1675402791889458451
1675402791930274806
1675402791949589858
1675402791989836160
1675402792069835951
1675402792089736108
1675402792129679805
1675402792170113295
1675402792216062774
1675402792269706785
1675402792310288399
1675402792369984024
1675402792409468191
1675402792449848139
1675402792489900482
1675402792537693139
1675402792589874597
1675402792611689128
1675402792649564076
1675402792711925274
1675402792749812566
1675402792790051107
1675402792849793607
1675402792890015951
1675402792930205534
1675402792969975482
1675402793021537201
1675402793069597930
1675402793109493034
1675402793130213086
1675402793189741472
1675402793229662878
1675402793269637513
1675402793329756576
1675402793369964128
1675402793389734649
1675402793429564284
1675402793469950274
1675402793529832461
1675402793569957565
1675402793610005794
1675402793656410013
1675402793697871524
1675402793751152357
1675402793791278242
1675402793849285482
1675402793889972409
1675402793929665951
1675402793970089492
1675402794019111211
1675402794052257148
1675402794089789857
1675402794149946836
1675402794190175013
1675402794230052253
1675402794272645065
1675402794330151159
1675402794369753711
1675402794410097617
1675402794430356992
1675402794495304388
1675402794534976523
1675402794570150898
1675402794629916575
1675402794669592930
1675402794695810325
1675402794770076159
1675402794810083346
1675402794830205117
1675402794869587565
1675402794910269492
1675402794950249492
1675402795009857356
1675402795069690013
1675402795109433919
1675402795150228242
1675402795191924179
1675402795231526888
1675402795269656106
1675402795329953815
1675402795370075273
1675402795392602460
1675402795450080585
1675402795493038658
1675402795529952460
1675402795590001940
1675402795630076367
1675402795669906992
1675402795712887512
1675402795769910690
1675402795809196367
1675402795849953919
1675402795874697877
1675402795930259492
1675402795974906158
1675402796010060116
1675402796069426158
1675402796109742929
1675402796135904179
1675402796175816523
1675402796249659648
1675402796269602877
1675402796310098241
1675402796349972929
1675402796390406106
1675402796449757148
1675402796498353398
1675402796549727252
1675402796589681887
1675402796631068606
1675402796670977147
1675402796709696627
1675402796769387408
1675402796799131002
1675402796832288554
1675402796889218970
1675402796929966627
1675402796969478710
1675402797029351314
1675402797069348241
1675402797109121626
1675402797149857304
1675402797174588658
1675402797229605168
1675402797281320116
1675402797309610064
1675402797369925064
1675402797409779178
1675402797449242720
1675402797509350897
1675402797549992147
1675402797570428866
1675402797616015533
1675402797656130428
1675402797709218658
1675402797749931470
1675402797809669178
1675402797849740637
1675402797890116678
1675402797937743553
1675402797977720272
1675402798029886418
1675402798070027980
1675402798111557876
1675402798149807668
1675402798192719178
1675402798229574699
1675402798275455116
1675402798309450584
1675402798369449178
1675402798409437407
1675402798459981678
1675402798509412616
1675402798549449959
1675402798590342616
1675402798615034959
1675402798670293293
1675402798710471001
1675402798749401053
1675402798809656418
1675402798849425740
1675402798869790740
1675402798949976157
1675402798990171313
1675402799009983970
1675402799049996522
1675402799096849542
1675402799137488292
1675402799190309907
1675402799249961209
1675402799289753396
1675402799329898344
1675402799370051209
1675402799418861990
1675402799458640428
1675402799509414073
1675402799549871678
1675402799579402042
1675402799633456105
1675402799669777876
1675402799712377928
1675402799749597146
1675402799810055792
1675402799850216625
1675402799889942928
1675402799929993136
1675402799975103396
1675402800029891417
1675402800055308605
1675402800112137042
1675402800149992198
1675402800189296782
1675402800249392198
1675402800289898813
1675402800309235688
1675402800349731990
1675402800429663552
1675402800449363396
1675402800489891521
1675402800549666104
1675402800589321000
1675402800630757354
1675402800671325427
1675402800729831052
1675402800769646104
1675402800809949542
1675402800850087354
1675402800899108969
1675402800949763656
1675402800973018865
1675402801010052771
1675402801073672458
1675402801109960896
1675402801149867458
1675402801209489594
1675402801249928292
1675402801289585844
1675402801329823969
1675402801350154802
1675402801414909750
1675402801455626104
1675402801489859177
1675402801549501104
1675402801589965791
1675402801629307614
1675402801689675583
1675402801730013396
1675402801749880427
1675402801790150791
1675402801849258760
1675402801889535635
1675402801937101104
1675402801989306573
1675402802029880166
1675402802070500218
1675402802111545791
1675402802151257718
1675402802209048083
1675402802249106000
1675402802289295322
1675402802329628291
1675402802379780843
1675402802413089072
1675402802449328343
1675402802509252874
1675402802549664020
1675402802589941833
1675402802633211051
1675402802669421937
1675402802729602145
1675402802769200478
1675402802789945739
1675402802850138499
1675402802890281260
1675402802930138083
1675402802989860635
1675402803029883135
1675402803056676572
1675402803129675010
1675402803169422770
1675402803191744176
1675402803230190062
1675402803289575426
1675402803329544593
1675402803376982770
1675402803429520843
1675402803469839437
1675402803509999541
1675402803551769384
1675402803592208239
1675402803629530166
1675402803689807874
1675402803729704280
1675402803753211051
1675402803809296624
1675402803853428343
1675402803889230530
1675402803949571988
1675402803989622301
1675402804029843030
1675402804073907561
1675402804109549488
1675402804150115218
1675402804209855478
1675402804230117874
1675402804290459801
1675402804329493134
1675402804369902197
1675402804429867040
1675402804469927405
1675402804496755634
1675402804536936780
1675402804589805165
1675402804629839072
1675402804689528655
1675402804730042092
1675402804770069332
1675402804809888655
1675402804858640061
1675402804909178655
1675402804949306363
1675402804989893551
1675402805032241155
1675402805069656936
1675402805129637665
1675402805159846103
1675402805196400373
1675402805229951675
1675402805289303811
1675402805329487509
1675402805389271415
1675402805409538550
1675402805469284696
1675402805509833030
1675402805535475321
1675402805589798446
1675402805629699852
1675402805670148811
1675402805729437196
1675402805769552665
1675402805809665269
1675402805869201415
1675402805909297561
1675402805929648394
1675402805977520686
1675402806029592925
1675402806069621727
1675402806110161675
1675402806170018602
1675402806209109227
1675402806249439175
1675402806290140685
1675402806339125477
1675402806389331779
1675402806429525790
1675402806472325894
1675402806509533550
1675402806553533081
1675402806589811779
1675402806633823133
1675402806689188498
1675402806729533394
1675402806769250685
1675402806820403029
1675402806849471935
1675402806889541050
1675402806930340321
1675402806975950789
1675402807029513185
1675402807069674852
1675402807109815112
1675402807169793446
1675402807209793081
1675402807229460581
1675402807296528706
1675402807330258341
1675402807370056258
1675402807429268550
1675402807469142143
1675402807509354748
1675402807550727248
1675402807609602456
1675402807649101727
1675402807689208654
1675402807729176570
1675402807769938966
1675402807819010424
1675402807869527039
1675402807909305789
1675402807940619643
1675402807993629227
1675402808029552299
1675402808069509851
1675402808129654018
1675402808149422872
1675402808209819331
1675402808249850060
1675402808289613706
1675402808330080581
1675402808370171778
1675402808410154799
1675402808470066258
1675402808509450893
1675402808549494695
1675402808609391414
1675402808649518028
1675402808670533080
1675402808710527247
1675402808770463497
1675402808809810580
1675402808869449747
1675402808909452924
1675402808950069695
1675402808990904903
1675402809032349382
1675402809089226622
1675402809129403601
1675402809170013236
1675402809209495059
1675402809249403914
1675402809309209799
1675402809333901674
1675402809369534955
1675402809433690580
1675402809454133445
1675402809509496153
1675402809549248288
1675402809589489799
1675402809629711257
1675402809689530893
1675402809709857195
1675402809769992507
1675402809809951257
1675402809850059851
1675402809909667403
1675402809949509590
1675402809989753497
1675402810029181517
1675402810077087924
1675402810110337455
1675402810169692403
1675402810209679590
1675402810249736413
1675402810297523757
1675402810349637611
1675402810389682246
1675402810431235528
1675402810472830892
1675402810512209746
1675402810569701986
1675402810609404173
1675402810649195944
1675402810689719278
1675402810740100632
1675402810773977715
1675402810809459173
1675402810869154069
1675402810893733132
1675402810949275840
1675402810989194017
1675402811029136309
1675402811069434330
