1674103716015876762
1674103716136567751
1674103716277916241
1674103716395249105
1674103716538831761
1674103716659006084
1674103716797395355
1674103716918633272
1674103717068469418
1674103717187572282
1674103717327976970
1674103717446978636
1674103717589302855
1674103717709243532
1674103717846347594
1674103717967889053
1674103718114379678
1674103718233580198
1674103718374398896
1674103718492958167
1674103718634990407
1674103718754247438
1674103718893999886
1674103719014329521
1674103719154862021
1674103719284149938
1674103719423332698
1674103719541104417
1674103719683316708
1674103719805742958
1674103719942958166
1674103720063040823
1674103720202867489
1674103720324714885
1674103720464322281
1674103720585492333
1674103720706106708
1674103720845595249
1674103720966578895
1674103721104851968
1674103721226017385
1674103721366901760
1674103721495467801
1674103721634624780
1674103721755500301
1674103721894618270
1674103722015465718
1674103722154525405
1674103722276010197
1674103722416992645
1674103722541365197
1674103722681069832
1674103722800460145
1674103722940203738
1674103723062859519
1674103723200580196
1674103723320484155
1674103723462279832
1674103723582408634
1674103723730672071
1674103723849757748
1674103723991249467
1674103724110114571
1674103724251490977
1674103724369893842
1674103724512330873
1674103724631296446
1674103724777368425
1674103724896016446
1674103725036866550
1674103725156798425
1674103725295886341
1674103725417243633
1674103725536326029
1674103725676946029
1674103725796649675
1674103725945833841
1674103726065993320
1674103726207077956
1674103726327720560
1674103726465643112
1674103726586751393
1674103726725620403
1674103726846445247
1674103726990675403
1674103727109885195
1674103727251627851
1674103727370213424
1674103727512163736
1674103727630939622
1674103727771313528
1674103727889743528
1674103728031425403
1674103728161307538
1674103728302593632
1674103728422875194
1674103728562469517
1674103728682437746
1674103728820292851
1674103728941089048
1674103729077040923
1674103729206304100
1674103729346197382
1674103729466183944
1674103729605626652
1674103729726266236
1674103729866216808
1674103729985202538
1674103730125944881
1674103730245752798
1674103730375501444
1674103730517517798
1674103730637096131
1674103730775481391
1674103730896513891
1674103731037050141
1674103731157393058
1674103731292553579
1674103731420830610
1674103731563102172
1674103731681051287
1674103731821628266
1674103731942653474
1674103732080814933
1674103732200422901
1674103732340236599
1674103732461133422
1674103732610273578
1674103732730683162
1674103732872331703
1674103732990920870
1674103733132547172
1674103733250695453
1674103733389758474
1674103733507203265
1674103733657198942
1674103733776173578
1674103733915702484
1674103734037583786
1674103734177778682
1674103734296639723
1674103734436047640
1674103734557864150
1674103734696262432
1674103734825189150
1674103734966443629
1674103735086752848
1674103735206319515
1674103735347615348
1674103735466959098
1674103735606704463
1674103735723023525
1674103735871541598
1674103735991200244
1674103736130986806
1674103736250600296
1674103736391555869
1674103736511451806
1674103736650044983
1674103736772235087
1674103736910959566
1674103737041316702
1674103737182491181
1674103737302575191
1674103737440738316
1674103737561811701
1674103737702452066
1674103737821205295
1674103737956670035
1674103738085747274
1674103738226562743
1674103738347719878
1674103738486090711
1674103738607678628
1674103738746305451
1674103738866514722
1674103739006394149
1674103739125901492
1674103739276159878
1674103739394776857
1674103739537161701
1674103739655799305
1674103739795759878
1674103739915668940
1674103740034160711
1674103740171043523
1674103740300917065
1674103740439978679
1674103740560757377
1674103740701065190
1674103740821490815
1674103740962982481
1674103741082271856
1674103741222465867
1674103741340233315
1674103741490581179
1674103741611999356
1674103741751512429
1674103741872117116
1674103742010399408
1674103742131029981
1674103742264871439
1674103742386359772
1674103742534508574
1674103742655837533
1674103742796828054
1674103742916356804
1674103743055513418
1674103743176890501
1674103743315781022
1674103743437054251
1674103743586944824
1674103743706030032
1674103743845383522
1674103743966548053
1674103744107323001
1674103744226739303
1674103744365758938
1674103744480474876
1674103744621344147
1674103744749746334
1674103744870236907
1674103745011066594
1674103745132119928
1674103745271142688
1674103745390108625
1674103745530789042
1674103745649857584
1674103745802000761
1674103745920133052
1674103746062105448
1674103746182410813
1674103746319950656
1674103746442158365
1674103746582128260
1674103746695899302
1674103746835013417
1674103746967096125
1674103747105417010
1674103747225329927
1674103747366376281
1674103747486423573
1674103747626046020
1674103747746291125
1674103747885779250
1674103748014708677
1674103748155020187
1674103748277356854
1674103748417012114
1674103748534931853
1674103748674532114
1674103748795487635
1674103748930106385
1674103749050366645
1674103749202245291
1674103749320840655
1674103749460670551
1674103749581478884
1674103749700858416
1674103749840275655
1674103749961166592
1674103750099653467
1674103750231054613
1674103750371925551
1674103750489716592
1674103750631004978
1674103750751620811
1674103750890872894
1674103751010642009
1674103751145892373
1674103751266016592
1674103751417344873
1674103751534932165
1674103751677331904
1674103751796316956
1674103751934929456
1674103752057307842
1674103752197000967
1674103752316256071
1674103752466396644
1674103752587816279
1674103752725190498
1674103752845696435
1674103752984594612
1674103753105008362
1674103753247244300
1674103753361824977
1674103753501192737
1674103753629538206
1674103753770640966
1674103753892169456
1674103754030011799
1674103754151243778
1674103754290061174
1674103754410653882
1674103754530935080
1674103754680748987
1674103754802471643
1674103754940921330
1674103755061964820
1674103755200282997
1674103755320550132
1674103755461776903
1674103755575555184
1674103755715025913
1674103755844796747
1674103755986108413
1674103756106537528
1674103756245221121
1674103756365094871
1674103756506990184
1674103756626966902
1674103756764851850
1674103756895394142
1674103757036011850
1674103757156010184
1674103757297074194
1674103757414993152
1674103757555749975
1674103757672127735
1674103757812510652
1674103757930630912
1674103758080567683
1674103758201502891
1674103758342297162
1674103758461396902
1674103758600446277
1674103758722357527
1674103758860292683
1674103758980614141
1674103759131251589
1674103759252141329
1674103759369759037
1674103759509512370
1674103759630256589
1674103759770679558
1674103759886208724
1674103760025672839
1674103760145400443
1674103760295698620
1674103760415745911
1674103760555385338
1674103760677162213
