1674103716088991814
1674103716229123949
1674103716349339105
1674103716489627855
1674103716608661553
1674103716749351866
1674103716868629574
1674103717009743063
1674103717129627803
1674103717268805095
1674103717389217230
1674103717528872647
1674103717649554365
1674103717789080771
1674103717910380251
1674103718048791501
1674103718188678219
1674103718308790511
1674103718449037177
1674103718569490198
1674103718709239209
1674103718829241292
1674103718968944104
1674103719089379156
1674103719229161396
1674103719349115146
1674103719488329417
1674103719608885406
1674103719748848531
1674103719869055562
1674103720009250666
1674103720129035666
1674103720269280198
1674103720408125354
1674103720528361343
1674103720668302020
1674103720788314677
1674103720928330354
1674103721047977854
1674103721187976239
1674103721308834364
1674103721449177020
1674103721569190926
1674103721707926551
1674103721828281707
1674103721968146551
1674103722089119364
1674103722228282645
1674103722367722645
1674103722488978113
1674103722629047072
1674103722748043842
1674103722888394988
1674103723007964676
1674103723149147488
1674103723268245457
1674103723408068373
1674103723528015925
1674103723668496759
1674103723788672280
1674103723928061290
1674103724050017123
1674103724189266029
1674103724308976186
1674103724447966915
1674103724588997540
1674103724708659206
1674103724849204519
1674103724967978529
1674103725108332487
1674103725228160039
1674103725369135352
1674103725488348164
1674103725628299414
1674103725748016654
1674103725887988581
1674103726009011602
1674103726148569935
1674103726268212018
1674103726408241133
1674103726528347435
1674103726667985403
1674103726808263268
1674103726928038216
1674103727067909987
1674103727188344622
1674103727328135091
1674103727448588684
1674103727589089622
1674103727709005403
1674103727847911757
1674103727968234726
1674103728108202382
1674103728228260195
1674103728368713111
1674103728488185663
1674103728629105924
1674103728768078528
1674103728888435663
1674103729029275403
1674103729149134725
1674103729288082798
1674103729408316080
1674103729548380975
1674103729667945090
1674103729808143996
1674103729927848267
1674103730067912069
1674103730188491808
1674103730328534100
1674103730448795142
1674103730588294777
1674103730709068735
1674103730847881756
1674103730987836287
1674103731107857381
1674103731248176183
1674103731368873162
1674103731509008943
1674103731629481027
1674103731769044933
1674103731887989047
1674103732027848683
1674103732149044412
1674103732289079047
1674103732408350922
1674103732548229620
1674103732668902120
1674103732808263526
1674103732928223057
1674103733070875922
1674103733207902797
1674103733328865818
1674103733467837588
1674103733587938786
1674103733727877328
1674103733847913005
1674103733988147432
1674103734107862224
1674103734247925296
1674103734369347744
1674103734509192900
1674103734627890244
1674103734767751286
1674103734888171546
1674103735027820140
1674103735167663838
1674103735288366911
1674103735427812483
1674103735548051025
1674103735688925765
1674103735808358004
1674103735948140973
1674103736067811650
1674103736208105191
1674103736329106025
1674103736468145348
1674103736588856546
1674103736728867379
1674103736847865712
1674103736989099150
1674103737109244358
1674103737249385035
1674103737387791597
1674103737507799201
1674103737648198837
1674103737767820451
1674103737908068941
1674103738027829670
1674103738168095764
1674103738288078628
1674103738427751441
1674103738548287951
1674103738688012326
1674103738807707326
1674103738948058211
1674103739068133472
1674103739209045138
1674103739329144513
1674103739468109513
1674103739608159357
1674103739728865607
1674103739867799461
1674103739988401232
1674103740128866075
1674103740248333992
1674103740388207534
1674103740508870034
1674103740648460502
1674103740768091284
1674103740908931075
1674103741029297638
1674103741167951752
1674103741288376023
1674103741428684669
1674103741568370450
1674103741688999981
1674103741827677481
1674103741948045971
1674103742088240710
1674103742208952116
1674103742348152220
1674103742467729095
1674103742607842637
1674103742729324512
1674103742868050710
1674103742987936231
1674103743127782272
1674103743247626126
1674103743387988470
1674103743509121595
1674103743647971022
1674103743788877272
1674103743908025449
1674103744048010866
1674103744168302168
1674103744307681386
1674103744427592480
1674103744568037428
1674103744687770136
1674103744827825865
1674103744948019563
1674103745088352584
1674103745208684355
1674103745348941021
1674103745468689771
1674103745609547063
1674103745728662115
1674103745867713157
1674103746008014563
1674103746127952740
1674103746268918677
1674103746388812115
1674103746528228729
1674103746647951073
1674103746788870344
1674103746908251125
1674103747047981073
1674103747167600344
1674103747307948937
1674103747427865031
1674103747568365500
1674103747687869302
1674103747827588885
1674103747967533000
1674103748088899145
1674103748228868676
1674103748349158885
1674103748488800499
1674103748607626958
1674103748747931749
1674103748867906905
1674103749007908937
1674103749128280655
1674103749267957791
1674103749387872530
1674103749527928728
1674103749647943624
1674103749789047999
1674103749907663468
1674103750047573155
1674103750187915134
1674103750308722530
1674103750447884561
1674103750568730499
1674103750707643259
1674103750828685134
1674103750968624665
1674103751088135030
1674103751228147061
1674103751347860550
1674103751487492217
1674103751607811019
1674103751747607165
1674103751868248571
1674103752008227581
1674103752127835290
1674103752268754977
1674103752408763050
1674103752527863102
1674103752667557737
1674103752787742216
1674103752927880446
1674103753047855602
1674103753187577581
1674103753308195081
1674103753448772164
1674103753567544247
1674103753707888622
1674103753829027216
1674103753967853258
1674103754088763258
1674103754228704351
1674103754368120653
1674103754487768257
1674103754627976539
1674103754747810757
1674103754888894403
1674103755007648361
1674103755148451434
1674103755268926122
1674103755408031538
1674103755528737840
1674103755667820809
1674103755787852840
1674103755927566121
1674103756047997528
1674103756188309819
1674103756308028413
1674103756447819923
1674103756587547059
1674103756707708361
1674103756847707840
1674103756967768048
1674103757108731538
1674103757228709506
1674103757367986694
1674103757488898985
1674103757628689037
1674103757748720183
1674103757888691173
1674103758007776225
1674103758149002319
1674103758268712631
1674103758407426016
1674103758528691850
1674103758668671902
1674103758808590495
1674103758927752110
1674103759068660443
1674103759187941433
1674103759328535912
1674103759447727787
1674103759587751328
1674103759708741068
1674103759848727995
1674103759967538985
1674103760107729089
1674103760228032526
1674103760367768359
1674103760487336016
1674103760628658776
1674103760767219661
