1674103779249146581
1674103779389614446
1674103779508950904
1674103779649012987
1674103779769744289
1674103779910360123
1674103780028534654
1674103780168874758
1674103780289143300
1674103780429359862
1674103780549347154
1674103780690098820
1674103780809006268
1674103780949428768
1674103781069233820
1674103781209561685
1674103781349291997
1674103781469587518
1674103781609186633
1674103781729621893
1674103781869461424
1674103781990063976
1674103782128917309
1674103782249830070
1674103782388924497
1674103782509497205
1674103782649613351
1674103782768086528
1674103782908288507
1674103783028282882
1674103783169283246
1674103783288466632
1674103783429343663
1674103783569258038
1674103783688460746
1674103783829023246
1674103783948874965
1674103784088500954
1674103784208229548
1674103784348156788
1674103784469379444
1674103784609197933
1674103784729698506
1674103784868400538
1674103784988349808
1674103785129776735
1674103785248790381
1674103785390408871
1674103785529962881
1674103785650178558
1674103785789721995
1674103785908356995
1674103786049860329
1674103786170175537
1674103786308840068
1674103786429311370
1674103786569845641
1674103786688955693
1674103786828906006
1674103786948970433
1674103787088661214
1674103787209184078
1674103787349015276
1674103787468871005
1674103787608914859
1674103787748943766
1674103787870227776
1674103788009479234
1674103788129084495
1674103788270408505
1674103788388237203
1674103788528259234
1674103788648291369
1674103788789417463
1674103788908596317
1674103789049701057
1674103789168746942
1674103789308204807
1674103789428606057
1674103789569104702
1674103789688486577
1674103789828312567
1674103789970195119
1674103790089025588
1674103790228223140
1674103790348670171
1674103790488367046
1674103790608481212
1674103790748606733
1674103790868814181
1674103791009499337
1674103791128630327
1674103791268988139
1674103791389362358
1674103791528248868
1674103791650482931
1674103791789238556
1674103791927949962
1674103792049724962
1674103792189560222
1674103792308684128
1674103792449218972
1674103792568941941
1674103792708694441
1674103792829653034
1674103792969216159
1674103793088700795
1674103793229327774
1674103793348878555
1674103793490087305
1674103793610526003
1674103793749550378
1674103793868459024
1674103794008589440
1674103794148172305
1674103794270043034
1674103794410227201
1674103794529714336
1674103794669728919
1674103794788415273
1674103794928602305
1674103795049127461
1674103795188638034
1674103795310049336
1674103795449842513
1674103795568613346
1674103795708829648
1674103795829596315
1674103795968379283
1674103796088523658
1674103796228865689
1674103796368517929
1674103796489122981
1674103796629137200
1674103796748939387
1674103796889430273
1674103797009030845
1674103797148506418
1674103797268603397
1674103797409638710
1674103797528678554
1674103797669887876
1674103797789222303
1674103797930110637
1674103798048935168
1674103798188429855
1674103798329255012
1674103798448799230
1674103798588006157
1674103798709913605
1674103798848582043
1674103798969208761
1674103799109243240
1674103799228556470
1674103799368879438
1674103799488964803
1674103799628619282
1674103799748284074
1674103799888890688
1674103800008676157
1674103800149705271
1674103800268394802
1674103800408125271
1674103800549550011
1674103800670056521
1674103800808653865
1674103800928380740
1674103801069815479
1674103801188323448
1674103801328151156
1674103801448898031
1674103801588463708
1674103801709729906
1674103801848146052
1674103801968763500
1674103802108865583
1674103802228371625
1674103802368545791
1674103802488021208
1674103802628291104
1674103802768055791
1674103802889281416
1674103803028241312
1674103803148488499
1674103803288444801
1674103803409261364
1674103803548842457
1674103803668487405
1674103803808303968
1674103803929548030
1674103804068085739
1674103804188334905
1674103804330052249
1674103804448536676
1674103804588735322
1674103804728028551
1674103804849378082
1674103804989303811
1674103805109089124
1674103805248744019
1674103805369209957
1674103805508438498
1674103805628239228
1674103805768326832
1674103805888000894
1674103806028432561
1674103806148461831
1674103806290412769
1674103806408932404
1674103806547936831
1674103806668013238
1674103806808046883
1674103806949525425
1674103807068730425
1674103807208055008
1674103807328725789
1674103807469628810
1674103807589355998
1674103807730270320
1674103807848185425
1674103807988304904
1674103808108430112
1674103808248526779
1674103808368190789
1674103808508511622
1674103808628321726
1674103808768483705
1674103808888728237
1674103809028335216
1674103809168202872
1674103809288057455
1674103809428529278
1674103809549031830
1674103809687950893
1674103809809378288
1674103809949535632
1674103810068223705
1674103810208363757
1674103810329777559
1674103810468217351
1674103810588083028
1674103810729088861
1674103810847944903
1674103810988654694
1674103811129130007
1674103811249345215
1674103811388631361
1674103811507895163
1674103811648405475
1674103811768756048
1674103811907615683
1674103812028048235
1674103812168522663
1674103812287906048
1674103812428664589
1674103812548293652
1674103812687862194
1674103812809800579
1674103812949457193
1674103813069441516
1674103813208534902
1674103813348480475
1674103813468378652
1674103813609269849
1674103813728501724
1674103813868530787
1674103813988178964
1674103814127934641
1674103814249405995
1674103814389777089
1674103814508628912
1674103814649513287
1674103814769359276
1674103814908126984
1674103815027942193
1674103815168048391
1674103815288111568
1674103815430106047
1674103815569858859
1674103815687893703
1674103815829343755
1674103815948653078
1674103816088142244
1674103816208551203
1674103816349310994
1674103816468600942
1674103816608534119
1674103816729291723
1674103816869131307
1674103816988077765
1674103817129183806
1674103817248268181
1674103817388583806
1674103817528359431
1674103817648357035
1674103817788550837
1674103817908105056
1674103818049368233
1674103818169002139
1674103818308773129
1674103818429260629
1674103818568836514
1674103818688300473
1674103818829289483
1674103818948319743
1674103819088134639
1674103819207793962
1674103819348953910
1674103819468738701
1674103819608130524
1674103819748019378
1674103819869098545
1674103820007699691
1674103820128569639
1674103820268518232
1674103820388076878
1674103820528150836
1674103820648185316
1674103820788666930
1674103820909280888
1674103821048174847
1674103821168290888
1674103821309230524
1674103821429414794
1674103821568328284
1674103821688085992
1674103821827474846
1674103821967869534
1674103822088108284
1674103822228841617
1674103822348055940
1674103822488550263
1674103822607964586
1674103822747858752
1674103822868661929
1674103823008539273
1674103823127797450
1674103823267759742
1674103823388696460
1674103823528245679
1674103823648810158
1674103823789172450
1674103823927310939
