1674103779192765540
1674103779314204446
1674103779454907727
1674103779574779237
1674103779714945487
1674103779835103717
1674103779976575696
1674103780097356112
1674103780244875435
1674103780365308091
1674103780505741633
1674103780623283404
1674103780765390435
1674103780885285695
1674103781023620695
1674103781145598664
1674103781292632518
1674103781410946737
1674103781552363820
1674103781670900591
1674103781812202362
1674103781931501737
1674103782071727049
1674103782192669132
1674103782331869705
1674103782461565955
1674103782600836528
1674103782717864809
1674103782858072622
1674103782978092257
1674103783119363038
1674103783243358194
1674103783377035746
1674103783504453455
1674103783642283663
1674103783762338350
1674103783883164184
1674103784022511788
1674103784143942413
1674103784283648194
1674103784403910277
1674103784543062881
1674103784672865277
1674103784813200121
1674103784934328142
1674103785074924496
1674103785196363610
1674103785336621267
1674103785454034496
1674103785594724912
1674103785718656006
1674103785858526631
1674103785979202568
1674103786118095745
1674103786242056318
1674103786380463454
1674103786498634651
1674103786640427672
1674103786760707672
1674103786909037047
1674103787029022255
1674103787170897620
1674103787290298245
1674103787428693870
1674103787549525120
1674103787689502516
1674103787810220276
1674103787956986474
1674103788073393453
1674103788215013974
1674103788334872047
1674103788474677880
1674103788593231109
1674103788715430849
1674103788855319182
1674103788974114442
1674103789123866369
1674103789246773765
1674103789384052880
1674103789504649025
1674103789644635484
1674103789766397567
1674103789904298140
1674103790024574911
1674103790171122046
1674103790288800483
1674103790431223817
1674103790548614337
1674103790690137983
1674103790809099441
1674103790950404494
1674103791070504546
1674103791208950066
1674103791339521733
1674103791481104597
1674103791600549493
1674103791739885327
1674103791861822149
1674103792000848087
1674103792119123035
1674103792254427618
1674103792384485170
1674103792522934910
1674103792645552826
1674103792785958972
1674103792904808139
1674103793045633086
1674103793165907305
1674103793306846368
1674103793424758607
1674103793553026211
1674103793695671940
1674103793814083503
1674103793953772357
1674103794077066315
1674103794212744857
1674103794332948555
1674103794469558659
1674103794599987357
1674103794739351211
1674103794876075690
1674103794999231888
1674103795119311836
1674103795261253450
1674103795379064336
1674103795521174283
1674103795641595221
1674103795789408294
1674103795909119335
1674103796048733658
1674103796170138085
1674103796308659752
1674103796428676471
1674103796569028762
1674103796683253137
1674103796836695845
1674103796956563606
1674103797094560793
1674103797215146731
1674103797355525845
1674103797475570637
1674103797616951522
1674103797737772928
1674103797875173658
1674103798005691835
1674103798146604855
1674103798266739074
1674103798384744178
1674103798524898866
1674103798644701418
1674103798784545220
1674103798900505376
1674103799051491678
1674103799168906574
1674103799309911417
1674103799430043032
1674103799570752251
1674103799688950011
1674103799829636417
1674103799951046573
1674103800089150375
1674103800218582459
1674103800359375271
1674103800479777250
1674103800619045063
1674103800741103084
1674103800879658552
1674103801000362302
1674103801136127823
1674103801266585063
1674103801404547250
1674103801526972354
1674103801666382614
1674103801784826156
1674103801923269229
1674103802044777979
1674103802185395010
1674103802304789750
1674103802455296312
1674103802575654385
1674103802713842770
1674103802833129281
1674103802974365843
1674103803094727822
1674103803213316416
1674103803350413499
1674103803480035739
1674103803618210270
1674103803738750009
1674103803881159697
1674103803997626520
1674103804139920530
1674103804260140218
1674103804399877457
1674103804542568811
1674103804668436311
1674103804789323342
1674103804930410686
1674103805048240790
1674103805190195686
1674103805311049488
1674103805443264384
1674103805564438915
1674103805714501832
1674103805832948082
1674103805975406259
1674103806092709019
1674103806233110894
1674103806354236727
1674103806493778550
1674103806612953706
1674103806765438706
1674103806883800165
1674103807024052196
1674103807145280477
1674103807283076310
1674103807405830373
1674103807543459956
1674103807658215529
1674103807798007404
1674103807929583185
1674103808048795581
1674103808190113081
1674103808310611935
1674103808448364174
1674103808567118133
1674103808708393862
1674103808828278758
1674103808978106049
1674103809099771205
1674103809237561466
1674103809358527039
1674103809499184643
1674103809618811101
1674103809760127768
1674103809874944018
1674103810013632351
1674103810143044382
1674103810285737819
1674103810403710632
1674103810543892403
1674103810662643809
1674103810803764694
1674103810923238444
1674103811063689069
1674103811194682194
1674103811335812871
1674103811453523027
1674103811594512298
1674103811715264850
1674103811852260058
1674103811972092715
1674103812108283913
1674103812230750527
1674103812379078287
1674103812497764537
1674103812641180162
1674103812759386777
1674103812878316412
1674103813018087766
1674103813140826725
1674103813278046464
1674103813408043443
1674103813548700318
1674103813668023495
1674103813809185891
1674103813928191204
1674103814067805683
1674103814189107297
1674103814324444693
1674103814443358078
1674103814593094224
1674103814716000266
1674103814855549172
1674103814975770995
1674103815114178859
1674103815236311203
1674103815374601255
1674103815494921828
1674103815646015734
1674103815765978807
1674103815902577505
1674103816024029588
1674103816165368494
1674103816282777817
1674103816425114536
1674103816540803703
1674103816681084900
1674103816809954796
1674103816948663077
1674103817069067661
1674103817210699171
1674103817328726411
1674103817469042608
1674103817590408077
1674103817708747035
1674103817861566619
1674103817980340525
1674103818119098181
1674103818241529223
1674103818380248129
1674103818501079275
1674103818638028129
1674103818753370837
1674103818895420629
1674103819023722712
1674103819164805681
1674103819286069274
1674103819426215889
1674103819542790056
1674103819684348024
1674103819802567399
1674103819942892347
1674103820074189118
1674103820212661930
1674103820332428701
1674103820475963857
1674103820595021670
1674103820732975993
1674103820851471409
1674103820991442503
1674103821108211513
1674103821261204378
1674103821378717294
1674103821519452190
1674103821637913076
1674103821776670628
1674103821896746721
1674103822038017607
1674103822158181982
1674103822310272971
1674103822429265732
1674103822549059742
1674103822689717502
1674103822807733492
1674103822948202294
1674103823063302450
1674103823202660627
1674103823327177971
1674103823473754898
1674103823592787971
1674103823735078700
1674103823854577710
