1674103632145793096
1674103632285950752
1674103632405777992
1674103632546791585
1674103632668302731
1674103632806982887
1674103632925898616
1674103633066964970
1674103633186511325
1674103633326643616
1674103633447432210
1674103633586897835
1674103633706522001
1674103633846822210
1674103633966644449
1674103634107016428
1674103634246166845
1674103634366276897
1674103634506953199
1674103634626514814
1674103634765991741
1674103634886905074
1674103635027206168
1674103635146561324
1674103635286098667
1674103635407373667
1674103635547178251
1674103635666073199
1674103635806635855
1674103635926228459
1674103636066099136
1674103636186528198
1674103636326709136
1674103636466185125
1674103636586274292
1674103636725486375
1674103636846040698
1674103636986018667
1674103637105495802
1674103637245487521
1674103637365514188
1674103637505454083
1674103637626442365
1674103637765415646
1674103637886212052
1674103638026875541
1674103638146075958
1674103638287155958
1674103638425549916
1674103638546463770
1674103638686361947
1674103638805921479
1674103638945900281
1674103639065803354
1674103639205863197
1674103639326187208
1674103639465589187
1674103639586896947
1674103639725639655
1674103639846493562
1674103639986016478
1674103640105719551
1674103640245769082
1674103640366063301
1674103640505947468
1674103640645757415
1674103640765811270
1674103640906030697
1674103641026010488
1674103641166156321
1674103641285604811
1674103641425536165
1674103641545807884
1674103641685784342
1674103641805974238
1674103641946684655
1674103642065404186
1674103642206511373
1674103642326106269
1674103642466894602
1674103642587701842
1674103642725477831
1674103642865399602
1674103642985491946
1674103643125714810
1674103643245902519
1674103643386005800
1674103643505817362
1674103643646112154
1674103643766041893
1674103643906344081
1674103644028040122
1674103644165829810
1674103644286668352
1674103644425626789
1674103644546008612
1674103644685329445
1674103644825332935
1674103644945419601
1674103645085625851
1674103645206023195
1674103645345707518
1674103645465355591
1674103645605390799
1674103645725610591
1674103645865973820
1674103645985628611
1674103646126446007
1674103646246525538
1674103646385993299
1674103646506310017
1674103646645672049
1674103646765886736
1674103646905859132
1674103647045408715
1674103647165339600
1674103647306273559
1674103647425895382
1674103647565411423
1674103647686431527
1674103647826810069
1674103647945857100
1674103648085756006
1674103648205400798
1674103648345574548
1674103648465420173
1674103648605777152
1674103648726527308
1674103648865449548
1674103648985947985
1674103649126159079
1674103649266025902
1674103649388474495
1674103649527158818
1674103649645558297
1674103649786063506
1674103649905410120
1674103650046056683
1674103650165598662
1674103650305478453
1674103650425581110
1674103650566368349
1674103650685817255
1674103650825531787
1674103650946208037
1674103651085527411
1674103651225095953
1674103651345386734
1674103651485601630
1674103651605912932
1674103651745913922
1674103651866361890
1674103652006537515
1674103652126498765
1674103652266406317
1674103652386555223
1674103652526202619
1674103652646291942
1674103652785478348
1674103652907342202
1674103653045527879
1674103653165313973
1674103653305928140
1674103653445311004
1674103653565589077
1674103653706357931
1674103653825352254
1674103653965244806
1674103654085451525
1674103654225188608
1674103654345499285
1674103654485244806
1674103654605255952
1674103654745829129
1674103654865759962
1674103655005657097
1674103655125569702
1674103655266963920
1674103655385534806
1674103655525543868
1674103655666315639
1674103655785796837
1674103655925322097
1674103656047434076
1674103656185660587
1674103656306264701
1674103656445549805
1674103656565358086
1674103656705306055
1674103656827465430
1674103656965341159
1674103657087069076
1674103657225554805
1674103657345340378
1674103657486366524
1674103657626937357
1674103657745931315
1674103657886870482
1674103658005403867
1674103658145933190
1674103658266056471
1674103658406562409
1674103658525670794
1674103658665570117
1674103658785507825
1674103658926228554
1674103659045489544
1674103659185855013
1674103659305938710
1674103659445911002
1674103659565512773
1674103659705253398
1674103659845610221
1674103659965539179
1674103660105694179
1674103660225206106
1674103660365471366
1674103660486403450
1674103660625566262
1674103660745292824
1674103660885852564
1674103661005595689
1674103661146458241
1674103661266174439
1674103661405736991
1674103661525324491
1674103661665718657
1674103661785609959
1674103661926718449
1674103662065496105
1674103662185450428
1674103662326313657
1674103662445423136
1674103662585236834
1674103662705464803
1674103662845173501
1674103662965310063
1674103663106217980
1674103663225944855
1674103663366158709
1674103663485225792
1674103663625522980
1674103663745336573
1674103663885782198
1674103664024816938
1674103664145376781
1674103664285673188
1674103664405219750
1674103664545171677
1674103664665926208
1674103664806197927
1674103664926918448
1674103665065973812
1674103665185676573
1674103665325938708
1674103665446088708
1674103665586002354
1674103665705769437
1674103665845824385
1674103665965342041
1674103666105540166
1674103666245334333
1674103666366750739
1674103666506416520
1674103666625128812
1674103666765815739
1674103666885928603
1674103667026157405
1674103667146845739
1674103667285257457
1674103667407172145
1674103667546083499
1674103667665630478
1674103667807060061
1674103667925426780
1674103668065879853
1674103668186517613
1674103668325373915
1674103668465815530
1674103668585083134
1674103668725106936
1674103668845370582
1674103668985485634
1674103669106590530
1674103669245847561
1674103669365353602
1674103669505693134
1674103669626403446
1674103669765159956
1674103669885118863
1674103670025883550
1674103670146423706
1674103670285479227
1674103670425287404
1674103670545001206
1674103670685584696
1674103670805140269
1674103670945036362
1674103671065371675
1674103671205331831
1674103671326300425
1674103671465071258
1674103671585144331
1674103671726119799
1674103671846075268
1674103671986223862
1674103672105463706
1674103672245258758
1674103672365369539
1674103672505399278
1674103672645481934
1674103672765570007
1674103672905541361
1674103673025693653
1674103673165251466
1674103673285126726
1674103673425508549
1674103673545066882
1674103673685409851
1674103673805391517
1674103673945465424
1674103674065460892
1674103674206567715
1674103674325338601
1674103674465831100
1674103674585180527
1674103674725401413
1674103674865303288
1674103674985992298
1674103675125017454
1674103675245920163
1674103675385109850
1674103675505070840
1674103675647019433
1674103675765461881
1674103675904955944
1674103676025587871
1674103676164958548
1674103676285426204
1674103676427015996
1674103676546619902
1674103676686250058
1674103676824428235
