1674103632091824710
1674103632213509137
1674103632354154867
1674103632474273304
1674103632613351481
1674103632736127471
1674103632875077627
1674103632997275179
1674103633144572991
1674103633265248616
1674103633404834345
1674103633525332001
1674103633664293147
1674103633785265022
1674103633923509033
1674103634044527835
1674103634188599397
1674103634309996689
1674103634450318303
1674103634569633407
1674103634710858303
1674103634831353616
1674103634967297157
1674103635091096845
1674103635231873095
1674103635360922417
1674103635499516272
1674103635620632157
1674103635760110074
1674103635878633980
1674103636017702626
1674103636139435490
1674103636279479761
1674103636407198615
1674103636544681844
1674103636665068927
1674103636781634084
1674103636922623511
1674103637041567938
1674103637181528823
1674103637302597260
1674103637441577781
1674103637572555802
1674103637712431010
1674103637832140750
1674103637974341166
1674103638093465958
1674103638231824135
1674103638353995906
1674103638493853250
1674103638617129083
1674103638759431947
1674103638877708718
1674103639017630437
1674103639138310801
1674103639277740281
1674103639398026791
1674103639538575749
1674103639656864916
1674103639807720749
1674103639928311114
1674103640068121114
1674103640188049707
1674103640328309863
1674103640447444811
1674103640587549551
1674103640707212780
1674103640853459082
1674103640973490124
1674103641114760072
1674103641232729915
1674103641373782571
1674103641493635019
1674103641612904290
1674103641753484707
1674103641872832102
1674103642023121530
1674103642142935332
1674103642283538248
1674103642403858821
1674103642543277206
1674103642662241529
1674103642802274185
1674103642922081425
1674103643068221633
1674103643188327831
1674103643328424133
1674103643447212987
1674103643588439654
1674103643708231477
1674103643848213143
1674103643968174185
1674103644108386268
1674103644237626581
1674103644376972987
1674103644498183924
1674103644637440747
1674103644758057883
1674103644897055174
1674103645017298091
1674103645153168976
1674103645282423455
1674103645421944497
1674103645542597986
1674103645681943664
1674103645802037413
1674103645942613351
1674103646062307622
1674103646202424549
1674103646322308195
1674103646452828090
1674103646595625642
1674103646712094080
1674103646852019496
1674103646974978663
1674103647113956788
1674103647232558038
1674103647367549184
1674103647498981684
1674103647637582465
1674103647757120121
1674103647897507829
1674103648017902881
1674103648157699965
1674103648278798142
1674103648418821475
1674103648537750017
1674103648688398402
1674103648808270850
1674103648949470381
1674103649067508350
1674103649207926891
1674103649327340693
1674103649468782516
1674103649583700120
1674103649732974912
1674103649853525172
1674103649993285641
1674103650113956214
1674103650254905016
1674103650372253766
1674103650512033349
1674103650634050953
1674103650773226162
1674103650902080641
1674103651043224182
1674103651162496057
1674103651282605849
1674103651422991630
1674103651544844859
1674103651682404495
1674103651797470692
1674103651947744338
1674103652069540640
1674103652208752880
1674103652329955484
1674103652467532515
1674103652587976421
1674103652728961421
1674103652847248505
1674103652988915432
1674103653117287359
1674103653257667723
1674103653377211681
1674103653517947463
1674103653638130588
1674103653780196473
1674103653897193869
1674103654033714962
1674103654162404650
1674103654302333712
1674103654421876108
1674103654562385535
1674103654684422827
1674103654822144962
1674103654942307827
1674103655082200170
1674103655203293087
1674103655354821004
1674103655473506889
1674103655614435326
1674103655735029233
1674103655874392774
1674103655993227045
1674103656112137097
1674103656248922774
1674103656377979389
1674103656518110170
1674103656640285639
1674103656777059284
1674103656899342930
1674103657038264857
1674103657158548295
1674103657297549492
1674103657419147357
1674103657569882774
1674103657688642826
1674103657826901419
1674103657947402669
1674103658088893555
1674103658207402825
1674103658341695846
1674103658464251888
1674103658613248763
1674103658731989284
1674103658872003346
1674103658991884388
1674103659134891471
1674103659252581835
1674103659393275169
1674103659514210898
1674103659662294492
1674103659783809127
1674103659923802773
1674103660043946575
1674103660182314752
1674103660302928450
1674103660443134908
1674103660557934387
1674103660698087616
1674103660827110533
1674103660948809022
1674103661088199803
1674103661207842772
1674103661349188553
1674103661465909387
1674103661607332407
1674103661727663189
1674103661876778970
1674103661997153084
1674103662138815376
1674103662257075428
1674103662396632824
1674103662519536313
1674103662657757615
1674103662773925428
1674103662912976886
1674103663043146365
1674103663182499751
1674103663304779751
1674103663442934386
1674103663563682875
1674103663703425063
1674103663823151938
1674103663964013448
1674103664093905115
1674103664233259854
1674103664352358031
1674103664492665271
1674103664612163552
1674103664752463865
1674103664873516833
1674103665006724906
1674103665129200531
1674103665278541781
1674103665396908552
1674103665537877146
1674103665658913083
1674103665778578083
1674103665918550010
1674103666038008500
1674103666180239177
1674103666308268551
1674103666447134020
1674103666569483031
1674103666707351051
1674103666826639905
1674103666966735999
1674103667086754541
1674103667223635270
1674103667342225166
1674103667491997666
1674103667612557926
1674103667754536103
1674103667873793030
1674103668013186259
1674103668132547457
1674103668271783759
1674103668393933030
1674103668542578655
1674103668662481051
1674103668802700061
1674103668921999175
1674103669062652561
1674103669181741623
1674103669323468030
1674103669437476727
1674103669577385425
1674103669707440581
1674103669847503654
1674103669967058029
1674103670108306258
1674103670227069123
1674103670369695633
1674103670488839383
1674103670607462821
1674103670758621727
1674103670878167456
1674103671018964018
1674103671137623393
1674103671277940164
1674103671399384695
1674103671536418810
1674103671652868081
1674103671791972351
1674103671921464435
1674103672061307195
1674103672181692560
1674103672321947299
1674103672442580893
1674103672582583132
1674103672703460737
1674103672841978080
1674103672975000893
1674103673112160320
1674103673231957611
1674103673373281101
1674103673492756361
1674103673633278861
1674103673747069903
1674103673887116934
1674103674008220788
1674103674160264955
1674103674278527507
1674103674420473340
1674103674537817507
1674103674677582819
1674103674797425840
1674103674940090840
1674103675059645840
1674103675208976621
1674103675328739954
1674103675447027142
1674103675589540944
1674103675707384017
1674103675848282871
1674103675963064485
1674103676101745423
1674103676222815944
1674103676375488704
1674103676492234329
1674103676633019068
1674103676752834589
