1654218226803149179
1654218227002773345
1654218227203497355
1654218227403520897
1654218227603296626
1654218227812891418
1654218228012753970
1654218228213706834
1654218228412783917
1654218228612702042
1654218228808464178
1654218229018528344
1654218229218337823
1654218229417950532
1654218229617907927
1654218229817899802
1654218230027969334
1654218230227903969
1654218230407784542
1654218230607849906
1654218230807533344
1654218231002979125
1654218231213090323
1654218231413020010
1654218231612961573
1654218231813118447
1654218232013041989
1654218232223071781
1654218232423028760
1654218232623249228
1654218232822705895
1654218233022651468
1654218233217613655
1654218233428044436
1654218233628186572
1654218233827985426
1654218234007989853
1654218234207865790
1654218234418264644
1654218234617774957
1654218234817817613
1654218235018105946
1654218235217813342
1654218235413418186
1654218235623186519
1654218235823164748
1654218236023464696
1654218236222829019
1654218236422962508
1654218236632998446
1654218236832812716
1654218237032806727
1654218237232834747
1654218237432661310
1654218237628105320
1654218237817994799
1654218238018077716
1654218238217953914
1654218238417973289
1654218238617917039
1654218238828256778
1654218239028422351
1654218239228036934
1654218239428306622
1654218239628278705
1654218239823160996
1654218240034198028
1654218240232943288
1654218240432905423
1654218240632973079
1654218240832836256
1654218241042770840
1654218241242752142
1654218241422828704
1654218241622922402
1654218241822889017
1654218242018206881
1654218242227858912
1654218242428552245
1654218242627657818
1654218242828118339
1654218243027861412
1654218243237790318
1654218243438624485
1654218243638576412
1654218243837786828
1654218244037628547
1654218244233642089
1654218244443387245
1654218244643439797
1654218244843632922
1654218245043364797
1654218245222978911
1654218245423033651
1654218245632755161
1654218245833122296
1654218246032752869
1654218246232662973
1654218246427698181
1654218246637910265
1654218246837827973
1654218247037970942
1654218247237944744
1654218247438783233
1654218247637771723
1654218247848625941
1654218248048340212
1654218248247792816
1654218248447877295
1654218248648984483
1654218248833080003
1654218249032993441
1654218249233258649
1654218249432775420
1654218249632974951
1654218249832814847
1654218250042703388
1654218250242895576
1654218250443133597
1654218250642766149
1654218250837813023
1654218251048378128
1654218251248412242
1654218251448189586
1654218251648027138
1654218251848045263
1654218252048322867
1654218252257725158
1654218252457883127
1654218252637785262
1654218252837936981
1654218253033139793
1654218253243473179
1654218253443433335
1654218253642901877
1654218253843356824
1654218254043030054
1654218254243369845
1654218254452959272
1654218254652934480
1654218254852778022
1654218255052743595
1654218255248103178
1654218255458042553
1654218255657992240
1654218255857991251
1654218256057746719
1654218256238034896
1654218256438041042
1654218256659561719
1654218256848195625
1654218257048607396
1654218257248188438
1654218257443141354
1654218257652947292
1654218257853237240
1654218258052827760
1654218258252722239
1654218258453245729
1654218258652795000
1654218258862783958
1654218259062729479
1654218259263005052
1654218259463178645
1654218259657831249
1654218259868143593
1654218260047948645
1654218260248207187
1654218260448284582
1654218260647889999
1654218260849478905
1654218261057671613
1654218261257718905
1654218261458016978
1654218261667911769
1654218261852880519
1654218262062934946
1654218262263127655
1654218262462799477
1654218262663279269
1654218262863282654
1654218263063210727
1654218263272804269
1654218263472943383
1654218263652612133
1654218263852612341
1654218264048542706
1654218264248387029
1654218264458610727
1654218264657737133
1654218264857892393
1654218265057828331
1654218265258099008
1654218265467750414
1654218265668282497
1654218265867647809
1654218266067535622
1654218266263000153
1654218266462987653
1654218266672796715
1654218266873161038
1654218267072925882
1654218267273167496
1654218267452838330
1654218267662694527
1654218267862795361
1654218268062836663
1654218268262858850
1654218268458174631
1654218268658254683
1654218268867806037
1654218269068393694
1654218269267638798
1654218269468454527
1654218269668005933
1654218269878434891
1654218270078425777
1654218270278038329
1654218270477994839
1654218270672950828
1654218270872948433
1654218271062585724
1654218271263300568
1654218271464298380
1654218271662853432
1654218271862782651
1654218272072764890
1654218272272660932
1654218272472647651
1654218272672445099
1654218272869029213
1654218273068420046
1654218273278264421
1654218273477850879
1654218273677875879
1654218273877848483
1654218274077703900
1654218274287459577
1654218274488245150
1654218274687625150
1654218274868155410
1654218275063157025
1654218275263088483
1654218275472924160
1654218275672913847
1654218275872596295
1654218276072782597
1654218276273907910
1654218276483378066
1654218276682472909
1654218276882628899
1654218277082498743
1654218277277855097
1654218277477803743
1654218277687622649
1654218277888123586
1654218278087889211
1654218278287779315
1654218278467576971
1654218278677782180
1654218278877725669
1654218279077573898
1654218279278069367
1654218279473363950
1654218279672925565
1654218279883268169
1654218280082898585
1654218280283364731
1654218280482942752
1654218280682933325
1654218280893718116
1654218281093227283
1654218281292650981
1654218281493161397
1654218281687902543
1654218281888520928
1654218282112703376
1654218282277941241
1654218282478504678
1654218282678060668
1654218282878728636
1654218283077812386
1654218283288260772
1654218283488129730
1654218283687578011
1654218283882939625
1654218284083514000
1654218284293464469
1654218284492826761
1654218284693462177
1654218284893350927
1654218285093022594
1654218285293403635
1654218285503231187
1654218285703437437
1654218285883136239
1654218286078094364
1654218286277959520
1654218286488068114
1654218286688080458
1654218286888211968
1654218287088409260
1654218287288418426
1654218287488073478
1654218287697819832
1654218287897799364
1654218288097643009
1654218288292943322
1654218288492970561
1654218288702857176
1654218288903262071
1654218289103181446
1654218289302777540
1654218289502765613
1654218289682757384
1654218289893051811
1654218290092683529
1654218290292569779
1654218290488206602
1654218290688048425
1654218290898060196
1654218291098009571
1654218291298318633
1654218291497973320
1654218291697868581
1654218291898008216
1654218292107627747
1654218292307506549
1654218292507499622
1654218292702934830
1654218292902892330
1654218293112943893
1654218293293432955
1654218293492973424
1654218293692894413
1654218293892907538
1654218294092823632
1654218294302797434
1654218294502421132
1654218294702561288
1654218294900860455
1654218295097850663
1654218295308271444
1654218295508114881
1654218295708164100
1654218295907932277
1654218296108042173
1654218296307560350
1654218296517986756
1654218296717948839
1654218296917818371
1654218297093884933
1654218297293069933
1654218297503034360
1654218297702651599
1654218297902889776
1654218298103505818
1654218298303445297
1654218298502955349
1654218298712521443
1654218298912661078
1654218299112569880
1654218299308014880
1654218299507884776
1654218299717998265
1654218299917803005
1654218300117882744
1654218300317724515
1654218300517968005
1654218300697938838
1654218300908051442
1654218301107932796
1654218301308234567
1654218301503451806
1654218301703083473
1654218301902736337
1654218302112839202
1654218302313427223
1654218302513618993
1654218302712895556
1654218302912979566
1654218303122914201
1654218303323791545
1654218303523384410
1654218303718409201
1654218303917853055
1654218304117731909
1654218304327901961
1654218304507929201
1654218304708203263
1654218304907731492
1654218305108482690
1654218305318057274
1654218305517914617
1654218305717879461
1654218305913040867
1654218306112976700
1654218306313155867
1654218306522963627
1654218306722937117
1654218306922815085
1654218307122918315
1654218307323714200
1654218307532916856
1654218307732755502
1654218307932789616
1654218308108485658
1654218308308701439
1654218308507839095
1654218308718266074
1654218308918524668
1654218309117862428
1654218309318443782
1654218309518358157
1654218309728046334
1654218309927749147
1654218310127375918
1654218310322941595
1654218310523251803
1654218310722963469
1654218310933443261
1654218311133010865
1654218311333409511
1654218311533452011
1654218311733425188
1654218311922761959
1654218312122616125
1654218312322494771
1654218312517780656
1654218312718089667
1654218312917974094
1654218313129263156
1654218313328301541
1654218313527703156
1654218313727668416
1654218313927719406
1654218314137919197
1654218314337826072
1654218314537815812
1654218314733414093
1654218314932640239
1654218315133036541
1654218315342971228
1654218315522960082
1654218315722753520
1654218315923576228
1654218316123063363
1654218316333341749
