1654218226707518918,0.001865685,-0.010646862,8.221221E-4
1654218226910637981,-0.04461822,-0.8335107,-0.04537088
1654218227123729960,0.2906011,-0.37082434,0.17314415
1654218227326514543,1.4907464,1.4393133,-0.014711288
1654218227527144387,-0.08784424,1.6589335,-0.29536003
1654218227728977147,-0.93246657,0.7194819,0.5047564
1654218227932340428,0.8171082,0.38077193,0.810247
1654218228124382824,0.3578544,-0.31701013,-0.29547638
1654218228327491001,0.42435133,-0.1798273,-0.74542195
1654218228539478345,0.26878443,0.08778961,-0.11431134
1654218228740727303,-0.24207292,-0.19018292,0.257618
1654218228934335115,0.04520799,-1.0371904,-0.4996215
1654218229135955688,-0.30891898,-0.5808455,-0.5729253
1654218229337722511,-0.49444735,-0.13037635,-1.0144349
1654218229542552771,0.39689156,-0.5542002,-0.9306593
1654218229742659542,-0.2147295,-0.5034693,-1.3690274
1654218229953865323,0.4511131,-0.7011567,-0.4171839
1654218230156348344,0.36954808,-0.38187796,-1.2010688
1654218230358185948,1.3226715,-0.85992336,-0.07917207
1654218230561701312,-1.3228383,-2.2761405,0.29886594
1654218230753730948,1.0232314,-0.3395248,-0.9890114
1654218230956183083,1.0724497,0.5613552,-0.13862957
1654218231158313656,0.10024401,-0.69085926,0.34820053
1654218231360699541,1.4756205,-0.45012045,-0.3605189
1654218231563381208,1.7453898,-0.06603191,-2.2794487
1654218231774927145,4.1514993,0.53180104,-0.8551449
1654218231977407406,1.9380159,-2.4206536,0.5771875
1654218232179219593,1.1222497,-2.138201,0.5044074
1654218232381690687,0.0055308607,-1.1096798,0.7037819
1654218232573972926,-0.83885866,-0.16824998,1.0672175
1654218232776218187,-0.48601168,-0.876155,-1.2821102
1654218232978350999,-0.18761875,-1.1036874,-1.0653986
1654218233181451103,0.17308232,-1.4385577,0.73804855
1654218233382692613,1.2093415,-0.46507204,2.367312
1654218233594999853,1.2452953,-1.8860599,1.4685847
1654218233797085374,1.0790237,-1.7313073,0.37129703
1654218234000829957,1.2803764,-2.5178683,0.2659374
1654218234204506780,0.14300452,-4.7448483,0.897106
1654218234394709436,0.34569526,-2.7410374,-0.44633082
1654218234596945894,0.36279947,-1.7270023,-0.3845463
1654218234799057873,0.23550689,-0.93729955,0.29438624
1654218235002049905,0.066675514,-0.23899388,-0.24108034
1654218235214231884,-0.20315216,0.39101127,0.36681738
1654218235415965529,-0.3509814,0.7684092,0.3312127
1654218235618149227,-0.26749653,0.42702308,-0.43207738
1654218235820430060,0.02408953,-0.49898964,-0.449007
1654218236023438706,0.30654174,-1.0282311,-0.3494652
1654218236215025685,0.35814527,-0.9191481,-0.2185074
1654218236416746258,0.44110653,-0.41800642,0.056265365
1654218236620152144,0.48625234,-0.31706828,-0.023088872
1654218236822762508,0.27803475,-0.74752426,-0.088131435
1654218237033599435,0.064988375,-0.7966843,0.04771327
1654218237235532664,0.01891172,-0.30432734,0.11642099
1654218237438336049,-0.05101775,-0.03787398,0.1171773
1654218237640672143,-0.12414696,0.0177438,0.04643335
1654218237832840008,-0.14270562,-0.026296634,-0.11669661
1654218238035919539,0.22695479,0.005293798,-0.1746997
1654218238237688080,0.45663992,-0.40270567,-0.119838215
1654218238440107612,0.13270706,-0.78795767,0.13835396
1654218238642904747,-0.09180023,-0.38362342,0.059174243
1654218238853795788,-0.05293761,0.110420704,-0.081382826
1654218239056949174,0.24231367,0.26912916,-0.24276745
1654218239258684382,0.22189333,-0.3197444,-0.03373537
1654218239460518132,0.15411645,-0.43825212,0.020369792
1654218239653060997,0.11286854,-0.098320484,0.18972477
1654218239855647715,0.014781111,0.13235366,0.22701664
1654218240057913653,-0.07254345,0.1650495,0.14539346
1654218240260234069,-0.120190896,0.016405713,0.11985346
1654218240463069330,-0.105413795,-0.12316233,-0.11105339
1654218240674805267,0.025834853,-0.14800416,-0.33590975
1654218240876452142,-0.017216567,-0.27442408,-0.034258973
1654218241078423288,-0.067772895,0.017569266,-0.06381319
1654218241281525475,-0.054973837,0.30804998,-0.02628864
1654218241474194329,-0.0846444,0.28262636,0.23574324
1654218241676102767,-0.10291216,0.33306634,0.10478549
1654218241878074017,-0.13165191,0.33167008,0.0567308
1654218242089421881,-0.21577671,0.24585816,-0.054970197
1654218242282742246,-0.24725078,0.21676937,-0.11111157
1654218242496808600,-0.2048393,0.27232897,0.004021891
1654218242697534641,-0.15788999,0.34365466,0.0886121
1654218242899743339,-0.1243215,0.37035817,0.14225186
1654218243101839537,-0.03757872,0.40654466,0.074998565
1654218243294142245,-0.016751144,0.2371897,0.022231475
1654218243496916308,-0.08144463,0.05567559,-0.035015278
1654218243698668443,-0.050552327,0.09570177,-0.11000619
1654218243901699797,-0.08010654,0.085578874,-0.0022031127
1654218244112847714,-0.090462156,0.18459713,0.006988946
1654218244314757870,-0.09104394,0.2256705,0.0411392
1654218244517897922,-0.089414954,0.1615588,0.037241295
1654218244720203390,-0.077139474,0.11618029,0.021067929
1654218244922345057,-0.07894298,0.12374336,0.0029746927
1654218245126171672,-0.10273763,0.15364666,-0.008719003
1654218245325068130,-0.14235659,0.18820414,0.010188716
1654218245519414067,-0.15975168,0.27128175,0.023976803
1654218245721867348,-0.1407276,0.33870956,0.071507886
1654218245933275265,-0.121819876,0.3209654,0.06406116
1654218246136300734,-0.1415421,0.26744202,0.041197374
1654218246337735734,-0.15370122,0.29152754,0.021475168
1654218246540811202,-0.15777364,0.35453388,0.021533344
1654218246743017765,-0.17383066,0.3681474,0.02095157
1654218246934988494,-0.1724344,0.37547782,0.048993174
1654218247138433910,-0.14375284,0.38932407,0.060512334
1654218247339725577,-0.12478692,0.36203876,0.065050185
1654218247542446775,-0.11768926,0.33620796,0.050331257
1654218247754186983,-0.10686823,0.29781073,0.022289649
1654218247956300837,-0.08679697,0.2389932,0.011177734
1654218248158502139,-0.065154895,0.17319433,-0.011278817
1654218248360590681,-0.039556768,0.10623193,0.01536652
1654218248553040420,-0.014540396,0.07877209,0.025256708
1654218248755445837,-0.007559086,0.06329686,0.013272125
1654218248957985316,-0.010409788,0.029786564,0.002102029
1654218249160170628,-0.0038357163,-5.821404E-4,-0.008893535
1654218249362864118,0.012104941,-0.02641299,-0.006915498
1654218249574035941,0.02635845,-0.053291034,-0.0063337213
1654218249776661045,0.032641634,-0.07557306,-0.013780453
1654218249979093388,0.03293252,-0.078889176,-0.008195408
1654218250182799638,0.029558219,-0.061028652,2.985238E-4
1654218250374998024,0.021180645,-0.042120937,0.003265582
1654218250575916305,0.011290453,-0.029321875,-0.008369938
1654218250778529586,-1.1235662E-4,-0.026936587,-0.016398445
1654218250980719846,-0.0073263785,-0.016580977,-0.012151482
1654218251183385471,-0.0055228686,0.0069809468,0.0061744605
1654218251394458388,-0.014133154,0.01972184,0.012457639
1654218251597272242,-0.029492043,0.035138898,0.006930769
1654218251799053909,-0.036996942,0.06347139,0.010246894
1654218252001795679,-0.041302092,0.082320936,0.0078034336
1654218252193841617,-0.047585268,0.08237909,0.006116282
1654218252398370315,-0.048981518,0.08866229,0.008617922
1654218252598646929,-0.044269145,0.102159485,0.015133808
1654218252800908387,-0.043163773,0.1053011,0.02188241
1654218253003060783,-0.04560724,0.108326316,0.017228207
1654218253215384325,-0.0472362,0.11548216,0.014261142
1654218253418051616,-0.04473458,0.11612212,0.007047123
1654218253620778387,-0.03880044,0.101228654,0.0043127774
1654218253822996147,-0.029899284,0.07947023,0.0045454884
1654218254014487085,-0.020881757,0.06341321,0.0039055357
1654218254216800314,-0.017740171,0.048926994,0.0043709544
1654218254419070366,-0.015878484,0.044854566,0.007512546
1654218254622252710,-0.014889463,0.0523013,0.0044291327
1654218254832862501,-0.01872918,0.044563677,-0.0017958696
1654218255035216303,-0.019718207,0.03164825,2.985238E-4
1654218255236685574,-0.012096937,0.02937932,0.0027419832
1654218255439906563,-0.008780812,0.02228165,0.0040800674
1654218255643226251,-0.012038763,0.014253146,0.0055345064
1654218255834400782,-0.013027783,0.023910627,0.00716348
1654218256037687657,-0.013958623,0.036535162,0.0074543683
1654218256240001667,-0.01855465,0.038745914,0.0059999265
1654218256445958490,-0.01983456,0.039269503,0.00280016
1654218256653357761,-0.016576614,0.038047787,0.0034982911
1654218256855685782,-0.013435028,0.032928154,0.0058253943
1654218257057859427,-0.012096937,0.02920479,0.005534506
1654218257260372292,-0.011864227,0.030251984,0.0029746937
1654218257453008698,-0.013784087,0.033102687,-2.8325216E-4
1654218257655118542,-0.015762132,0.03862956,0.00233474
1654218257857436510,-0.017042037,0.046076298,0.0033237594
1654218258059511354,-0.01849648,0.04683261,0.0033237594
1654218258263215989,-0.018729191,0.044214603,3.5670132E-4
1654218258476899687,-0.015587595,0.04281835,0.0048363763
1654218258676805833,-0.012213294,0.044272777,0.008036144
1654218258879271354,-0.014191334,0.041480258,0.0036146473
1654218259081275104,-0.01779835,0.038164135,0.0015202529
1654218259273988229,-0.016343903,0.04276016,0.0021020295
1654218259477271197,-0.013551381,0.044854555,0.00791979
1654218259678267812,-0.01355138,0.039793108,0.008036143
1654218259880832187,-0.013784087,0.033393573,0.004138246
1654218260083926457,-0.011922403,0.028448474,0.0018111408
1654218260294160207,-0.009886186,0.02356156,0.0014038981
1654218260496372864,-0.0076754456,0.019605484,0.0036728252
1654218260698725884,-0.006686424,0.016231183,7.0576696E-4
1654218260901257655,-0.007617264,0.012856882,-0.0013886264
1654218261093645624,-0.00843175,0.013264127,-2.2507456E-4
1654218261296363749,-0.0072682006,0.01786016,0.0044873096
1654218261498869842,-0.005813756,0.019314598,0.004545488
1654218261700196769,-0.0059882896,0.016114827,-6.3231774E-4
1654218261902840103,-0.006162823,0.0121005755,-0.0039484412
1654218262114493280,-0.0037775422,0.010122536,3.5670132E-4
1654218262317038175,-5.4176897E-5,0.01198422,0.005767216
1654218262518869477,8.184863E-4,0.012158753,0.0035564695
1654218262721462811,-0.0020322148,0.010064358,5.894117E-4
1654218262914061717,-0.0032539433,0.009657117,-0.0020285798
1654218263116261352,-5.4176897E-5,0.009424407,0.003091048
1654218263318669321,0.0038437247,0.0054683294,9.384778E-4
1654218263521176300,0.0040764343,-0.004770926,-2.8325216E-4
1654218263733639321,0.0043673227,-0.009250599,-0.001446804
1654218263935562966,0.00628718,-0.007098032,-0.001446804
1654218264137946039,0.006985313,-0.007214386,0.0021602064
1654218264341050154,0.0067526014,-0.007388917,-1.08719396E-4
1654218264542870050,0.0065198923,-0.011344994,-0.0023194677
1654218264734759893,0.006927135,-0.015999202,-0.0037157298
1654218264936878279,0.00820704,-0.0170464,-0.0016213368
1654218265139050987,0.009952369,-0.014486582,5.894117E-4
1654218265351067914,0.008207042,-0.01530107,-0.0055774124
1654218265553274060,0.0049490966,-0.01890808,-0.0032503093
1654218265755360309,0.0062871813,-0.00878518,-0.0028430661
1654218265958265726,0.0040182564,-0.0048872847,-0.004122973
1654218266150688851,6.439537E-4,-0.0023274678,0.0029165158
1654218266353100778,0.0012839083,0.007679078,-3.9960735E-4
1654218266556081976,4.0000305E-6,0.008900807,0.006232638
1654218266757781820,-0.0022067484,0.010878845,0.0026838058
1654218266971143174,-0.0033121174,0.0111697335,0.0029165149
1654218267172241299,-0.0021485705,0.0116351545,0.006465349
1654218267373882444,-0.0015667966,0.0125078205,-5.054177E-5
1654218267576140830,-0.0039520757,0.006515526,0.0020438521
1654218267778586194,-0.0022649243,0.009424405,4.7305657E-4
1654218267971528121,6.217696E-5,0.008842629,-0.0016213368
1654218268172973694,-7.523084E-4,0.0015122523,-7.4867293E-4
1654218268377003069,1.7853267E-4,0.003257581,-0.002901244
1654218268579472183,2.367096E-4,0.0052937963,-0.0019122248
1654218268790442392,-0.0012759073,0.0041302447,-0.001446804
1654218268993734058,-0.0017413255,0.009482583,3.5670132E-4
1654218269195946819,-0.0028467001,0.013962259,9.384771E-4
1654218269398778694,-0.0058719376,0.012275107,0.00256745
1654218269589802600,-0.0059882896,0.015474875,0.004312778
1654218269792866975,-0.0046502063,0.019314598,0.0019274958
1654218269996152183,-0.0048829177,0.013845901,0.0026838053
1654218270197520672,-0.0029630559,0.010413423,0.0019856733
1654218270407596245,-5.777767E-4,0.009598939,0.0022183843
1654218270606020308,-0.001334087,0.00738819,0.0022183838
1654218270805822026,-0.0025558136,0.008086321,1.8216856E-4
1654218271007391245,-0.0020322166,0.009366229,-2.2507456E-4
1654218271218152182,-5.7777483E-4,0.007039124,-0.0010395609
1654218271420846401,2.948884E-4,0.0031994032,6.4758933E-4
1654218271621174005,0.001400263,0.002850338,-4.5778495E-4
1654218271824516297,2.948884E-4,0.0025594502,-5.054177E-5
1654218272027342338,-0.0010431977,0.004886553,-1.6689696E-4
1654218272219342755,-0.0011013737,0.00785361,0.002160207
1654218272421822442,-8.686641E-4,0.011402443,0.0037891795
1654218272622561609,-0.0012177303,0.010297069,5.894117E-4
1654218272826764630,-0.0017995024,0.0048283758,1.2399099E-4
1654218273038074578,0.0012839083,0.0020358511,-5.054177E-5
1654218273240401452,0.004716388,-0.001512982,0.0016947858
1654218273443012650,0.0049490966,-0.005294528,-2.8325216E-4
1654218273643584317,0.003320125,-0.0050036386,-0.0013886264
1654218273837596504,0.0021565724,-9.893826E-4,-3.4142975E-4
1654218274040019317,0.0015166188,0.0014540749,-7.4867293E-4
1654218274242157858,0.0019238619,-3.4942804E-4,2.4034618E-4
1654218274444459264,0.004250968,-0.0015711589,-0.0010395609
1654218274655282233,0.005705403,-0.0065162536,2.4034618E-4
1654218274858728900,0.006345358,-0.010414152,9.384772E-4
1654218275060344108,0.006345358,-0.009657843,-0.0018540472
1654218275262147702,0.0045418544,-0.009366957,-0.0022612903
1654218275464486920,0.0034364806,-0.005818125,-6.904953E-4
1654218275657102858,0.0036110133,5.2323425E-4,0.002102029
1654218275859033274,0.0025056386,0.0019776733,6.4758933E-4
1654218276061629056,0.0015747966,-0.001745692,-0.0012140936
1654218276263547649,0.0035528364,-0.0044800397,-0.0019704024
1654218276472160722,0.004600032,-0.006167191,-3.4142975E-4
1654218276672572128,0.004309145,-0.006283546,0.0015202527
1654218276872080878,0.0036110133,-0.0014548022,-0.0017958696
1654218277072599263,0.0010511968,5.814107E-4,-0.0012722712
1654218277284353899,-2.2871047E-4,0.0030830482,8.802997E-4
1654218277486654159,3.5306625E-4,0.008319031,0.0023347395
1654218277688912805,2.3671146E-4,0.008493565,7.0576696E-4
1654218277890937284,4.0000305E-6,0.0054101516,1.2399099E-4
1654218278084363534,6.217696E-5,0.0036066463,1.8216856E-4
1654218278286668326,4.6942197E-4,0.002326739,-2.2507456E-4
1654218278488796450,3.5306625E-4,0.0018613187,0.00111301
1654218278691004315,0.0017493293,0.0044211326,1.8216856E-4
1654218278902997752,0.0012257304,0.0026176271,6.4758933E-4
1654218279105303117,-5.195979E-4,0.0016867856,7.635797E-6
1654218279307259888,-6.9413055E-4,0.0058173947,6.5813365E-5
1654218279509389575,-9.85018E-4,0.008028144,0.0011711875
1654218279702837960,-4.0324405E-4,0.00593375,-1.08719396E-4
1654218279904464575,4.1124504E-4,8.141217E-4,-0.0023776456
1654218280107198533,0.0014584409,-0.0026765335,0.0015202536
1654218280309144783,0.001400263,0.0012213648,0.0039055352
1654218280511445929,-6.9413334E-4,0.0071554794,0.0011711876
1654218280723606710,-0.0036611864,0.00930805,-0.0010395609
1654218280925863897,-0.0030794097,0.011402443,0.001578431
1654218281128831449,-3.450662E-4,0.0102388915,0.0028001606
1654218281330264783,-1.12354755E-4,0.0010468327,3.5670132E-4
1654218281523006501,0.0016329736,-0.0037819082,-3.9960735E-4
1654218281725562074,0.0039019017,-0.001803868,-0.0020867577
1654218281927807855,0.0033783028,-0.0016293358,-6.904953E-4
1654218282129972959,0.0016329736,-4.657847E-4,-7.4867293E-4
1654218282339674314,5.275989E-4,0.0036648237,-9.232057E-4
1654218282539037491,-6.359536E-4,0.005235619,4.7305657E-4
1654218282739519574,5.857758E-4,0.006050105,9.384772E-4
1654218282938633168,0.0022729281,0.0044211326,0.0015202531
1654218283150612959,0.0029128818,-0.002851068,-6.904953E-4
1654218283352908949,0.0030874154,-0.008668824,1.2399099E-4
1654218283554847699,0.004192789,-0.0059926575,-5.054177E-5
1654218283757084313,0.0032037701,-9.893822E-4,1.2399099E-4
1654218283950283792,4.694201E-4,0.0020358518,-8.650281E-4
1654218284152605146,-2.868874E-4,0.0033157582,-0.0010395609
1654218284354185979,0.0020983955,0.0023849169,8.221221E-4
1654218284556922959,0.004774565,-0.0019202251,-2.8325216E-4
1654218284758958375,0.0059962925,-0.008087047,-2.2507456E-4
1654218284970955198,0.006054471,-0.010297799,-5.741401E-4
1654218285172694000,0.004774564,-0.006574434,-0.003075777
1654218285378946500,0.0020402176,-0.0036073755,-5.054177E-5
1654218285577844989,0.0016911514,0.0038393568,0.003091049
1654218285770762281,9.3484204E-4,0.0068064136,-0.001155916
1654218285972868114,-6.9413055E-4,-5.239621E-4,-0.0018540472
1654218286175249208,0.0017493302,-0.0013384479,0.0016947855
1654218286377671447,0.0039600795,-9.893826E-4,-4.5778495E-4
1654218286589645510,0.0029710596,-0.003374665,0.0037310012
1654218286791730666,0.0010511968,-0.0010475605,-0.0061591887
1654218286994099416,4.0000305E-6,0.002094028,0.0024510948
1654218287196593739,-2.868874E-4,0.009249873,-0.0029594214
1654218287388433374,-0.0026721666,0.0052937963,0.0034401137
1654218287591095718,-6.359536E-4,0.008319031,0.0041964226
1654218287793318374,0.0011093756,0.008028142,-0.004704749
1654218287995719363,-0.0015667966,-0.0019202251,0.003091049
1654218288198077593,-2.2871047E-4,0.007562722,-8.650281E-4
1654218288406174780,-0.001392263,0.01198422,0.0033819359
1654218288606160457,-0.0037193606,0.009889826,0.0031492258
1654218288805896499,-0.0012759054,0.012973238,0.0056508626
1654218289016223061,3.5306625E-4,0.005526507,-0.0022031127
1654218289218365248,0.0020983955,0.002384917,0.0014620755
1654218289422123425,3.5306532E-4,-0.0094251335,-0.011802414
1654218289622734102,0.0026801703,-0.010414154,0.021824235
1654218289826341342,0.009079706,0.032462735,-0.008486293
1654218290018058529,-0.011573342,-0.026354808,-0.03396808
1654218290220874467,0.00145844,-0.011461348,0.059581496
1654218290422939623,0.018446296,0.049566943,-0.050955933
1654218290624933373,-0.015354886,-0.05305832,0.015424698
1654218290836787592,0.0032619461,-0.0013966258,0.016646424
1654218291039052019,0.014606576,0.04468003,-0.037865978
1654218291241633216,-0.017565634,-0.041364633,0.029969096
1654218291443394102,1.2035854E-4,0.024725113,-0.0039484403
1654218291635722748,0.0046000304,0.050265078,-0.001854047
1654218291841348685,-0.02070722,-0.022049673,0.0040800674
1654218292040525456,-0.0024394551,0.02210712,0.008908808
1654218292242918112,0.007741621,0.0421784,-0.01383863
1654218292454854258,-0.013318672,-0.026296638,0.011817688
1654218292656600299,0.0018656831,0.0226889,0.009781471
1654218292858890976,0.0040182555,0.038455024,-0.018201953
1654218293061711601,-0.014831287,-0.018908083,0.024034983
1654218293263651184,-0.001450438,0.010995202,-0.014885828
1654218293457712174,0.006345359,0.018558288,0.011584978
1654218293658902122,-0.007151841,-0.015999202,-0.014711294
1654218293862120143,-0.0029630577,2.3234542E-4,0.013737547
1654218294063448997,0.0077416208,0.04182933,-0.0052865245
1654218294272339309,-0.00593011,0.0014540753,1.2399105E-4
1654218294472660038,-0.0044756765,-0.01646462,0.003847357
1654218294672337069,0.016351905,0.01681296,-0.007322741
1654218294874286028,0.004658209,-0.018500838,-0.009649844
1654218295084410090,-0.0040684296,-0.049393132,-0.014420407
1654218295286949777,0.014257512,0.012158753,0.011934041
1654218295489061756,0.0025638156,0.0211181,-0.017387465
1654218295692204361,-0.0218126,-0.022689622,0.021358812
1654218295883981340,0.002854702,0.07301251,0.030376341
1654218296085737590,-0.0095953,0.049392417,-0.043974627
1654218296288242589,-0.026641339,-0.041073743,0.056556247
1654218296490365558,0.019202607,0.05829359,-0.011162463
1654218296702138058,0.0059962925,-0.007330739,-0.010115266
1654218296904780402,-0.0063955346,-0.059516042,0.03607774
1654218297107256912,0.022402372,0.032171845,-0.03385172
1654218297309630089,0.0044836756,-0.015650135,0.016704606
1654218297511434099,-0.00238128,-0.035546873,-0.006682788
1654218297704661287,0.018969897,0.005642862,-0.005635591
1654218297906789151,0.012221295,-0.03577958,-0.0131405
1654218298109330453,0.007625266,-0.071675144,-0.004355684
1654218298311427224,0.028220132,-0.016406447,0.0057672174
1654218298524632849,0.01600284,-0.023620468,-0.018900083
1654218298725043318,-0.0027303426,-0.048811365,0.01629736
1654218298928369359,0.013733913,0.024026982,-0.014071343
1654218299130772797,0.0064617135,0.0054683294,-0.006333722
1654218299323006026,-2.8688926E-4,-0.035895936,0.010886845
1654218299524648474,0.021646068,-0.0075052753,-0.011860594
1654218299727759984,0.019958915,-0.03321977,0.0028001606
1654218299928962380,0.0093124155,-0.037873976,9.3847746E-4
1654218300139282119,0.006345359,-0.0033164853,-0.023496112
1654218300338806130,-0.0013340842,-3.6414713E-7,0.004661843
1654218300538642223,0.0020983955,0.024899647,0.0035564695
1654218300749897015,4.694201E-4,0.010355247,-0.016514802
1654218300950222431,0.0025056368,-0.022107847,0.013853904
1654218301151980869,0.014432044,-0.0023274678,-0.011395172
1654218301354571963,8.7666605E-4,-0.029787295,-0.017620176
1654218301557670608,-0.0046502026,-0.008843357,0.01589012
1654218301750373108,-0.00238128,0.05980621,-0.010580686
1654218301952115504,-0.027164929,0.033626284,0.0102468915
1654218302154039410,-0.023732454,0.05765363,0.021475166
1654218302356526858,-0.013609556,0.08453167,-0.012326014
1654218302558423212,-0.027223118,0.009889826,0.015541053
1654218302770690139,-0.009013523,0.030891936,0.010537784
1654218302975726337,-0.0038357219,0.04782162,-0.006799142
1654218303175164670,-0.026350453,0.021525346,0.019322596
1654218303386762743,-0.026874047,0.06661298,-0.004006618
1654218303570521493,-0.023965169,0.091163926,0.021707876
1654218303772456076,-0.028037608,0.071848966,0.0015784305
1654218303974300920,-0.023965165,0.038047783,0.0033237585
1654218304177305920,-0.0031957636,0.033102687,0.017402735
1654218304388802586,-5.7777483E-4,0.011344265,-0.02209985
1654218304592334305,-0.010817033,-0.033568837,0.007570724
1654218304794566805,0.0055308715,0.026819505,0.009665118
1654218304995423628,-0.0047083823,0.028739367,-0.019947277
1654218305189522847,-0.02082358,-0.011519528,0.03311069
1654218305390817274,0.0018656831,0.056839146,-0.011627883
1654218305592809044,-0.008280128,0.0035459236,-0.01599811
1654218305794844513,-0.0070584007,-0.040029094,0.030253077
1654218306001784148,0.017841613,0.010236347,-0.025073813
1654218306206868627,0.0026572617,-0.039040074,0.019141156
1654218306405784773,-0.0021133022,-0.023972072,0.004189514
1654218306605709200,0.003064503,0.02920224,-0.0047116578
1654218306806620398,-0.010199986,0.008491019,0.008843721
1654218307018078002,-0.007000219,0.005058541,-2.9016065E-4
1654218307220471127,0.0084750205,0.0077347113,-2.9016065E-4
1654218307422795658,0.009696749,-0.03316414,-0.0029663295
1654218307624798262,0.013478293,-0.045206893,3.4979254E-4
1654218307817297273,0.01714348,-0.024786565,-0.016056286
1654218308019581179,0.00678787,-0.027520912,-0.0023845541
1654218308222023835,0.004286231,-0.0029117898,-8.71937E-4
1654218308425282897,0.004402589,0.013377937,-0.008551379
1654218308635884199,5.628681E-4,-0.009660387,0.001920588
1654218308837922897,0.008765909,-0.012278382,-0.005467966
1654218309041571960,0.01376918,-0.02298306,-0.0019191331
1654218309243489616,0.010976656,-0.03584031,0.0014551672
1654218309440431022,0.010394881,-0.018677916,-0.0061079194
1654218309639195657,0.0055079632,-0.008962257,-0.0057006767
1654218309840471699,0.0020754868,-0.007624176,-4.0651584E-4
1654218310042721907,0.005857029,-0.0010501067,4.079705E-4
1654218310244816907,0.0071951128,-0.010649409,-0.0020354884
1654218310456580240,0.0071951123,-0.025077451,-0.0054679657
1654218310659085084,0.010685769,-0.02670642,-0.009365863
1654218310861375188,0.010976656,-0.026415534,-0.00465348
1654218311063464146,0.008940441,-0.017107122,-0.0010464693
1654218311256184198,0.004577122,-0.0044825827,-0.006282452
1654218311457968313,-3.6797393E-4,-0.0029699653,-0.0031408626
1654218311660301907,9.744614E-5,0.0038949894,6.988585E-4
1654218311874620813,0.0010282891,0.008549197,0.002095121
1654218312071810552,-0.0028114356,0.003255036,0.0015715222
1654218312272548521,-0.0039749853,0.0064548035,-0.0012791797
1654218312472162479,-0.0031605018,0.01285434,3.4979288E-4
1654218312672097010,-0.0043822248,0.012330741,0.0038986248
1654218312883642948,-0.005429428,0.015355976,0.004480402
1654218313086517375,-0.0064766183,0.018555744,0.0030841408
1654218313289474771,-0.008745547,0.018788457,0.0034332057
1654218313491891958,-0.011223363,0.022374734,5.203259E-4
1654218313683616541,-0.01064159,0.020338522,0.0014511673
1654218313885926385,-0.00866355,0.01673151,0.0023820084
1654218314087864354,-0.0070345774,0.013357211,0.002207476
1654218314291745551,-0.00674369,0.0131244995,0.005814486
1654218314502103155,-0.0074999966,0.020163989,0.004185514
1654218314704578155,-0.010408875,0.020571232,0.0013348121
1654218314913924041,-0.011514252,0.016789688,0.0029637848
1654218315108968728,-0.008779904,0.018651372,0.004709112
1654218315311874613,-0.0075581744,0.01696422,0.0050000013
1654218315503463884,-0.008547192,0.008644825,8.693914E-4
1654218315706802009,-0.005405603,0.0051541696,0.0033128508
1654218315908299561,-0.00144953,0.0059104785,0.0016838775
1654218316110335603,-0.0025549047,-4.3087872E-4,0.002091121
1654218316322618832,-0.0029621478,6.163176E-4,0.0018002329
1654218316524314717,-0.001914951,0.004921459,-0.0032612178
1654218316726382478,-0.0023221942,-0.0018853196,0.0014511673
1654218316928682425,7.0304424E-4,-0.0027579828,2.8761552E-4
1654218317122013832,0.0027392576,-0.005143265,9.2756905E-4
1654218317323806436,0.002332015,-0.00909934,-1.1962764E-4
1654218317527240029,0.001808418,-0.006364995,-0.0039011717
1654218317728919925,9.939317E-4,-0.0043869573,-0.0013995348
1654218317939330498,0.0016920641,-0.0029325164,0.0017420553
1654218318139070810,0.0034955656,-4.3087732E-4,0.003894627
1654218318340339977,0.003786453,-0.0024089185,2.2943791E-4
1654218318539878310,0.002273838,-0.008226676,-0.0025049092
1654218318749177112,0.0029137884,-0.009448405,-0.0020394884
1654218318952216435,0.0051827165,-0.008517565,-6.4322597E-4
1654218319154853258,0.0063462676,-0.00985565,-1.7780524E-4
1654218319357051383,0.006695334,-0.012415461,-0.004482946
1654218319559151383,0.006637156,-0.017825982,-0.0025630863
1654218319750776956,0.0072189313,-0.017418733,-0.0019813105
1654218319962162945,0.0062880907,-0.013346301,-0.005064722
1654218320166593101,0.0032046791,-0.011950046,-0.0030866852
1654218320361397528,0.0031464994,-0.0062486394,0.0012184569
1654218320572746851,0.0035537425,-0.0057250396,-0.0016322451
1654218320772389507,0.003321033,-0.01003018,0.0056399535
1654218320974029403,0.005415428,-0.0061322846,-0.0033775733
1654218321176833153,0.002273838,-0.010437425,2.8761552E-4
1654218321379587476,9.3575474E-4,-0.0054341513,-6.432258E-4
1654218321582155184,5.866876E-4,6.74495E-4,-0.005064723
1654218321781923778,-9.259302E-4,-0.00409607,0.0027310743
1654218321977800340,5.2851066E-4,-2.5634514E-4,-0.0032612178
1654218322188047580,-8.677533E-4,-0.0029325173,4.039707E-4
1654218322401667371,-0.0027294373,-6.6359015E-4,8.693914E-4
1654218322601601434,-0.004358411,0.011030108,0.0012766345
1654218322804940236,-0.008547198,0.01673151,0.0019165879
1654218322997670496,-0.010757944,0.022432914,0.0065707956
1654218323190263413,-0.0097107515,0.029646935,0.008607011
1654218323392536017,-0.010699764,0.023189222,0.005058179
1654218323598957787,-0.010117993,0.014462585,0.004418224
1654218323797469662,-0.0061619114,0.0145789385,1.7126033E-4
1654218324016193204,-0.006627336,0.009342956,0.0031383182
1654218324205686641,-0.007965419,0.01021562,0.0026147184
1654218324405933933,-0.007209113,0.016615154,3.457931E-4
1654218324606054245,-0.007150933,0.013357213,0.0016256999
1654218324817159141,-0.0059873797,0.010215621,0.0013929898
1654218325020553047,-0.00435841,0.006783142,-0.0024467318
1654218325231086016,-0.0049401866,-8.18125E-5,-0.0013995348
1654218325433837787,-0.0036602775,0.0036415523,0.0011602794
