1654218226684306366
1654218226723247720
1654218226763526939
1654218226803467929
1654218226843432928
1654218226904059439
1654218226943860585
1654218226983397564
1654218227023374908
1654218227063397460
1654218227103727616
1654218227163937460
1654218227203899335
1654218227243309335
1654218227283409647
1654218227324134699
1654218227373683501
1654218227423272720
1654218227463296939
1654218227503464022
1654218227543331678
1654218227583271366
1654218227643315116
1654218227683329178
1654218227723372824
1654218227763731157
1654218227803617095
1654218227843532980
1654218227903568709
1654218227944064491
1654218227983271678
1654218228023438866
1654218228063495063
1654218228124005428
1654218228163461834
1654218228203229490
1654218228244103813
1654218228283790532
1654218228323413761
1654218228383405949
1654218228423507199
1654218228463680011
1654218228503750532
1654218228543812824
1654218228583241001
1654218228643411938
1654218228683314178
1654218228723465115
1654218228763596574
1654218228803596261
1654218228863193969
1654218228903310896
1654218228943442355
1654218228983439542
1654218229023424282
1654218229063373917
1654218229123419282
1654218229163466938
1654218229203418709
1654218229243421730
1654218229283458500
1654218229324470115
1654218229383967511
1654218229423439594
1654218229464084750
1654218229503885427
1654218229543198136
1654218229603414698
1654218229643467407
1654218229684610063
1654218229723494698
1654218229763473188
1654218229803399334
1654218229863789386
1654218229903417875
1654218229943356521
1654218229983143552
1654218230023409386
1654218230063394594
1654218230123410167
1654218230163494333
1654218230203432719
1654218230243420115
1654218230283430583
1654218230343432563
1654218230383392927
1654218230423401313
1654218230463404125
1654218230503400010
1654218230543446208
1654218230603428865
1654218230643382875
1654218230683436417
1654218230723414802
1654218230763401573
1654218230803244437
1654218230863365010
1654218230903362302
1654218230943376989
1654218230983447614
1654218231023126521
1654218231083349906
1654218231123380010
1654218231163393708
1654218231203408343
1654218231243224750
1654218231283369489
1654218231343835114
1654218231383367927
1654218231423387562
1654218231463220739
1654218231503375427
1654218231543418968
1654218231603361520
1654218231643389125
1654218231683434229
1654218231723408916
1654218231763382458
1654218231823990166
1654218231863390531
1654218231903156885
1654218231943347718
1654218231983360010
1654218232023403239
1654218232083369645
1654218232123304072
1654218232164091364
1654218232203834385
1654218232244155374
1654218232283856989
1654218232343477249
1654218232383450062
1654218232423427978
1654218232463405999
1654218232503365687
1654218232563257978
1654218232603249385
1654218232643401624
1654218232683242458
1654218232723199489
1654218232763245843
1654218232823254801
1654218232863253135
1654218232903271624
1654218232943284332
1654218232983297822
1654218233033515166
1654218233083369124
1654218233123690843
1654218233163334072
1654218233203209801
1654218233243370843
1654218233303356103
1654218233343384124
1654218233383338238
1654218233423208655
1654218233463332353
1654218233503354072
1654218233563314436
1654218233603239697
1654218233643365113
1654218233683693343
1654218233723324124
1654218233773692978
1654218233823307717
1654218233863397509
1654218233903386988
1654218233943726467
1654218233984054436
1654218234043375113
1654218234083658186
1654218234123687822
1654218234163702144
1654218234203315999
1654218234243339332
1654218234303351467
1654218234343321103
1654218234383316676
1654218234423374801
1654218234463086832
1654218234523348655
1654218234563340426
1654218234603227144
1654218234643332405
1654218234683260269
1654218234723310894
1654218234783786728
1654218234823778915
1654218234863291780
1654218234903282352
1654218234943312300
1654218234983331519
1654218235043346675
1654218235083318602
1654218235123305321
1654218235163663029
1654218235203775269
1654218235263272457
1654218235303174175
1654218235343315165
1654218235383314748
1654218235423313498
1654218235463315269
1654218235523044436
1654218235563336206
1654218235603293342
1654218235643056467
1654218235683293394
1654218235723312925
1654218235783310060
1654218235823343654
1654218235863309383
1654218235903319227
1654218235943580842
1654218236003327508
1654218236043325269
1654218236083666623
1654218236123719487
1654218236163272665
1654218236203228862
1654218236263667977
1654218236303651258
1654218236343646883
1654218236383639383
1654218236423314123
1654218236463360894
1654218236523285685
1654218236563297560
1654218236603075164
1654218236643321362
1654218236683114331
1654218236743672768
1654218236783320477
1654218236823324904
1654218236863338602
1654218236903189331
1654218236943304435
1654218237003286779
1654218237043308498
1654218237083325060
1654218237123004591
1654218237163304643
1654218237203313706
1654218237263296102
1654218237303266414
1654218237343036102
1654218237383331779
1654218237423248289
1654218237483298602
1654218237523329747
1654218237563204695
1654218237603288081
1654218237643302976
1654218237683258081
1654218237743156778
1654218237784055633
1654218237823284851
1654218237863299903
1654218237903357143
1654218237943102247
1654218238003250893
1654218238043799903
1654218238083772455
1654218238123776205
1654218238163324591
1654218238223307560
1654218238263285997
1654218238303258237
1654218238343282195
1654218238383140424
1654218238423337299
1654218238483255424
1654218238523248809
1654218238563222039
1654218238603096570
1654218238643297091
1654218238683760580
1654218238743257299
1654218238783256518
1654218238823237195
1654218238863249799
1654218238903231778
1654218238963260580
1654218239003716726
1654218239043268497
1654218239083147143
1654218239123285736
1654218239163230007
1654218239223263549
1654218239263526153
1654218239303250736
1654218239343268236
1654218239383445997
1654218239433736465
1654218239483267559
1654218239523119851
1654218239563264538
1654218239603251101
1654218239643210059
1654218239703224694
1654218239743233653
1654218239783251153
1654218239823305996
1654218239863635371
1654218239903308132
1654218239963578965
1654218240003525684
1654218240043108809
1654218240083314017
1654218240123340476
1654218240173512298
1654218240223242715
1654218240263455996
1654218240303250007
1654218240343248236
1654218240384948652
1654218240443298705
1654218240483302767
1654218240523257715
1654218240563239955
1654218240603077194
1654218240643328757
1654218240703206829
1654218240743233236
1654218240783218548
1654218240823077767
1654218240863224902
1654218240923226152
1654218240963221465
1654218241003216256
1654218241043157975
1654218241083213079
1654218241123012298
1654218241183467350
1654218241223618808
1654218241264612715
1654218241303361100
1654218241343329902
1654218241383386881
1654218241443261725
1654218241483287246
1654218241523240996
1654218241563271933
1654218241603031881
1654218241663613183
1654218241703153027
1654218241743208027
1654218241783200371
1654218241823239798
1654218241863238339
1654218241923226360
1654218241963216673
1654218242003291360
1654218242043270579
1654218242084138287
1654218242122980214
1654218242182991152
1654218242222887871
1654218242263277766
1654218242303225266
1654218242343045631
1654218242403562245
1654218242443244850
1654218242483220475
1654218242523212558
1654218242564017922
1654218242602982610
1654218242663165527
1654218242703202089
1654218242743182662
1654218242783221047
1654218242823343339
1654218242863270058
1654218242923258599
1654218242963112245
1654218243004023808
1654218243043238495
1654218243083217349
1654218243143180162
1654218243183119849
1654218243223207922
1654218243263206672
1654218243303199276
1654218243343200839
1654218243403026933
1654218243443187245
1654218243483213599
1654218243523226151
1654218243563171151
1654218243603078183
1654218243663198495
1654218243703476568
1654218243743186203
1654218243783229797
1654218243823195162
1654218243883497089
1654218243923548182
1654218243963197714
1654218244003013912
1654218244043104276
1654218244083467870
1654218244143191724
1654218244183187141
1654218244223215734
1654218244263109484
1654218244303186568
1654218244343467349
1654218244403254120
1654218244443183963
1654218244482874797
1654218244523184172
1654218244563209693
1654218244623237245
1654218244663204901
1654218244702937713
1654218244743192036
1654218244783174849
1654218244823208234
1654218244883223963
1654218244923290161
1654218244963190786
1654218245003163703
1654218245043178703
1654218245083303755
1654218245144390890
1654218245183273390
1654218245223567557
1654218245263163859
1654218245303161880
1654218245362940213
1654218245403614432
1654218245443511567
1654218245483183755
1654218245523191776
1654218245562963390
1654218245623222088
1654218245663247400
1654218245703087921
1654218245743170473
1654218245782929796
1654218245833518338
1654218245883179536
1654218245923190682
1654218245963357661
1654218246003400421
1654218246043150473
1654218246103988650
1654218246143173286
1654218246183040994
1654218246223570369
1654218246263179379
1654218246303204067
1654218246363155577
1654218246403259119
1654218246443162609
1654218246483150004
1654218246523199379
1654218246573264744
1654218246623180108
1654218246663134588
1654218246703127817
1654218246743266515
1654218246783146723
1654218246843136879
1654218246883120369
1654218246923166723
1654218246963172140
1654218247003211827
1654218247043134483
1654218247103160265
1654218247143806619
1654218247183508442
1654218247223147608
1654218247262896619
1654218247323271619
1654218247363169431
1654218247403947660
1654218247443522556
1654218247483106410
1654218247522966306
1654218247583422504
1654218247623088389
1654218247663128962
1654218247703146827
1654218247743141202
1654218247783139014
1654218247843169014
1654218247883144952
1654218247923141723
1654218247963129379
1654218248003116150
1654218248063148545
1654218248103140733
1654218248143049014
1654218248183129847
1654218248223171722
1654218248263131202
1654218248323069170
1654218248363113077
1654218248403130004
1654218248443161149
1654218248483148233
1654218248523119066
1654218248583298545
1654218248623566462
1654218248663567608
1654218248703673597
1654218248743102556
1654218248803345785
1654218248843110472
1654218248883142608
1654218248923100108
1654218248963135524
1654218249002995993
1654218249063085160
1654218249103132451
1654218249143154222
1654218249183128701
1654218249223180264
1654218249263081462
1654218249323113857
1654218249363312139
1654218249403182712
1654218249442971097
1654218249483083962
1654218249543112711
1654218249583103232
1654218249623374222
1654218249663143753
1654218249703556722
1654218249743151878
1654218249803373180
1654218249843463545
1654218249883418909
1654218249923150368
1654218249963067034
1654218250003200420
1654218250062980940
1654218250103229899
1654218250144012711
1654218250183496565
1654218250223134430
1654218250283161357
1654218250322981513
1654218250363093024
1654218250403306409
1654218250443150628
1654218250483110419
1654218250543054899
1654218250583080888
1654218250622934117
1654218250663165732
1654218250704096513
1654218250743059690
1654218250803072607
1654218250842967398
1654218250883055732
1654218250922985315
1654218250962902503
1654218251023755315
1654218251063050055
1654218251103388700
1654218251143012711
1654218251183085107
1654218251223119950
1654218251283086669
1654218251323126200
1654218251363302502
1654218251403095784
1654218251443067763
1654218251483063700
1654218251543068544
1654218251583329429
1654218251623084273
1654218251663089482
1654218251703001148
1654218251763045575
1654218251802952815
1654218251843066773
1654218251883103804
1654218251923089273
1654218251963058127
1654218252023109742
1654218252063083752
1654218252103131096
1654218252143115679
1654218252183034481
1654218252233375263
1654218252283077398
1654218252323037190
1654218252363036877
1654218252402805471
1654218252442864950
1654218252503047242
1654218252543013440
1654218252583048804
1654218252623076669
1654218252663042502
1654218252703033700
1654218252763045471
1654218252803045887
1654218252843122971
1654218252882855679
1654218252923380887
1654218252973776200
1654218253023054898
1654218253062799481
1654218253103100835
1654218253143956252
1654218253183450106
1654218253243085210
1654218253282948075
1654218253323059533
1654218253363088231
1654218253403073908
1654218253443091773
1654218253502839116
1654218253543020939
1654218253583643804
1654218253623083179
1654218253663040783
1654218253722896772
1654218253763014429
1654218253803036512
1654218253843019533
1654218253883028491
1654218253923173647
1654218253983044949
1654218254023058439
1654218254063053439
1654218254103133387
1654218254143106772
1654218254182885574
1654218254243019637
1654218254282991043
1654218254322995262
1654218254362953387
1654218254403001147
1654218254462994012
1654218254502983855
1654218254543009845
1654218254582841407
1654218254623348282
1654218254663092970
1654218254722938647
1654218254763221460
1654218254803128022
1654218254843056199
1654218254883053699
1654218254923027657
1654218254983010782
1654218255023009116
1654218255062999376
1654218255102981095
1654218255142991199
1654218255203046251
1654218255242984949
1654218255282990678
1654218255323010991
1654218255363022345
1654218255402782136
1654218255463029324
1654218255503038386
1654218255543348022
1654218255582986824
1654218255622814532
1654218255663014897
1654218255723033542
1654218255762997032
1654218255802959167
1654218255842763595
1654218255882995469
1654218255943329636
1654218255982985365
1654218256022753386
1654218256062814844
1654218256103013699
1654218256143009011
1654218256203006146
1654218256242906876
1654218256282920730
1654218256323012136
1654218256362993855
1654218256403345678
1654218256462989376
1654218256504359688
1654218256542978021
1654218256583384532
1654218256622852500
1654218256683277813
1654218256722747709
1654218256762858698
1654218256802841615
1654218256843180365
1654218256882784844
1654218256942821875
1654218256982901250
1654218257022873386
1654218257062827917
1654218257103149375
1654218257142810573
1654218257202803438
1654218257242990104
1654218257282921146
1654218257322923073
1654218257363163542
1654218257423001458
1654218257463005625
1654218257503085261
1654218257543115573
1654218257583236406
1654218257624070781
1654218257682645521
1654218257722757969
1654218257762862917
1654218257802777760
1654218257842824219
1654218257882793437
1654218257942833125
1654218257982811302
1654218258022944740
1654218258062823073
1654218258102741979
1654218258163417760
1654218258202802135
1654218258242838594
1654218258282794583
1654218258322870573
1654218258362824896
1654218258422809687
1654218258462843333
1654218258502761927
1654218258542782031
1654218258582856406
1654218258633088750
1654218258682889166
1654218258722860989
1654218258762838385
1654218258802865989
1654218258842838385
1654218258902908645
1654218258942970677
1654218258982823333
1654218259023133802
1654218259062875208
1654218259102983541
1654218259162799583
1654218259202761145
1654218259242963489
1654218259282806249
1654218259322909531
1654218259373114687
1654218259422779114
1654218259462794791
1654218259502853124
1654218259542872916
1654218259582930364
1654218259644359947
1654218259682870833
1654218259722701926
1654218259762959739
1654218259802796093
1654218259842758541
1654218259903153541
1654218259942816405
1654218259982809270
1654218260022784270
1654218260062753437
1654218260122783853
1654218260162749166
1654218260202814062
1654218260242768957
1654218260282745728
1654218260322836822
1654218260382771978
1654218260422822551
1654218260462693072
1654218260502700832
1654218260542750572
1654218260583158957
1654218260642757499
1654218260682791301
1654218260722786093
1654218260762734113
1654218260802759738
1654218260862734322
1654218260902840988
1654218260942826926
1654218260982773645
1654218261022787290
1654218261063188801
1654218261123006249
1654218261162775520
1654218261202770467
1654218261242804322
1654218261282773124
1654218261323503280
1654218261382783488
1654218261422810467
1654218261462811144
1654218261502759165
1654218261543088124
1654218261602829113
1654218261643061196
1654218261682840780
1654218261722872030
1654218261762898696
1654218261802987498
1654218261862695207
1654218261902804842
1654218261942763748
1654218261982732655
1654218262022718592
1654218262062786665
1654218262122695259
1654218262162805259
1654218262202849165
1654218262242745102
1654218262282862186
1654218262343025363
1654218262382785155
1654218262422759529
1654218262463506717
1654218262502886300
1654218262542940259
1654218262603216040
1654218262642758123
1654218262682691665
1654218262722647498
1654218262762732550
1654218262802821144
1654218262863055467
1654218262903131144
1654218262943257967
1654218262983143383
1654218263023214790
1654218263082913488
1654218263122987706
1654218263163284269
1654218263202783696
1654218263242763019
1654218263282764321
1654218263343004998
1654218263383099217
1654218263422746092
1654218263463076508
1654218263502730467
1654218263542930206
1654218263602770206
1654218263642719425
1654218263683507654
1654218263722813383
1654218263762806039
1654218263822747446
1654218263862696196
1654218263902786196
1654218263942694685
1654218263982698696
1654218264022718643
1654218264082732237
1654218264123062289
1654218264162692654
1654218264202700831
1654218264242712602
1654218264282693331
1654218264342749893
1654218264382712133
1654218264422715727
1654218264462870935
1654218264503009112
1654218264562736508
1654218264602792706
1654218264642687602
1654218264682632706
1654218264722701299
1654218264762709841
1654218264822760674
1654218264862747289
1654218264902679476
1654218264942740049
1654218264982708226
1654218265033010726
1654218265082689320
1654218265122732914
1654218265162723018
1654218265202681560
1654218265242721664
1654218265302701403
1654218265343045935
1654218265382856664
1654218265422823070
1654218265462871716
1654218265502528122
1654218265562971351
1654218265602650518
1654218265642829320
1654218265682684164
1654218265723239997
1654218265773861403
1654218265822784216
1654218265862697914
1654218265902707601
1654218265942778330
1654218265982875726
1654218266042678486
1654218266082673799
1654218266122620153
1654218266162772028
1654218266203194893
1654218266242969684
1654218266302743486
1654218266342822184
1654218266382774580
1654218266422764580
1654218266463080622
1654218266522593070
1654218266562952549
1654218266602749007
1654218266642794163
1654218266682650309
1654218266722614267
1654218266782650622
1654218266822706142
1654218266862670622
1654218266902777601
1654218266942672965
1654218266982705934
1654218267042680726
1654218267082599163
1654218267122672028
1654218267162663799
1654218267202706819
1654218267262661871
1654218267302669423
1654218267342768017
1654218267382671715
1654218267422702340
1654218267462665153
1654218267522665621
1654218267562719059
1654218267603224632
1654218267643180778
1654218267682810361
1654218267722599684
1654218267782963434
1654218267823069580
1654218267862782236
1654218267903116663
1654218267943177913
1654218268002919319
1654218268042836038
1654218268082758434
1654218268122593954
1654218268162750986
1654218268202822444
1654218268262653381
1654218268302745100
1654218268342788642
1654218268382754527
1654218268423055152
1654218268462679267
1654218268522698225
1654218268562641402
1654218268602696350
1654218268642739371
1654218268682632079
1654218268742689058
1654218268782636767
1654218268822776975
1654218268862682548
1654218268902631610
1654218268942700517
1654218269003001089
1654218269042750673
1654218269082749839
1654218269122564996
1654218269162676662
1654218269202678016
1654218269262650516
1654218269302614110
1654218269342754214
1654218269382652027
1654218269422624943
1654218269482796766
1654218269522755568
1654218269562616610
1654218269602703485
1654218269642639110
1654218269682639631
1654218269742579370
1654218269782602860
1654218269822660204
1654218269862925360
1654218269902579058
1654218269942607495
1654218270002655360
1654218270042623485
1654218270082630516
1654218270122722652
1654218270162642079
1654218270222645568
1654218270263183224
1654218270302718068
1654218270342618276
1654218270382599474
1654218270422661818
1654218270482626870
1654218270522650516
1654218270562640464
1654218270602719006
1654218270642618693
1654218270682598276
1654218270742612912
1654218270782592339
1654218270822673380
1654218270862614005
1654218270902587026
1654218270962724005
1654218271002705464
1654218271042743849
1654218271082722964
1654218271122775464
1654218271162738484
1654218271222725203
1654218271265044891
1654218271303118589
1654218271343492287
1654218271383045464
1654218271434222495
1654218271482696505
1654218271522639839
1654218271562715620
1654218271602850776
1654218271642672859
1654218271702688120
1654218271742744578
1654218271782664578
1654218271822694786
1654218271862742651
1654218271902742182
1654218271962687443
1654218272002688484
1654218272042604838
1654218272082732963
1654218272122530255
1654218272172997286
1654218272222584422
1654218272262599109
1654218272302593588
1654218272342596349
1654218272382550515
1654218272442900567
1654218272482683171
1654218272522535619
1654218272562556192
1654218272602691088
1654218272642634421
1654218272702666192
1654218272742669161
1654218272782572286
1654218272822588848
1654218272862607130
1654218272922546609
1654218272962628484
1654218273002539838
1654218273042573171
1654218273082503223
1654218273122479942
1654218273182613067
1654218273222549577
1654218273262607598
1654218273302566348
1654218273342599786
1654218273382634577
1654218273442571765
1654218273482563119
1654218273522530567
1654218273562716817
1654218273602755619
1654218273662766296
1654218273702390359
1654218273742494994
1654218273782594161
1654218273822578796
1654218273862629525
1654218273922701452
1654218273963349161
1654218274003010098
1654218274042708379
1654218274082769733
1654218274122526660
1654218274182558848
1654218274222578483
1654218274262604004
1654218274302529733
1654218274342476140
1654218274402552233
1654218274442528014
1654218274482608327
1654218274522730567
1654218274562777389
1654218274602714577
1654218274662576191
1654218274702561035
1654218274742543639
1654218274782536556
1654218274822573119
1654218274862577754
1654218274922566608
1654218274962537754
1654218275002616400
1654218275042791973
1654218275082809004
1654218275143823379
1654218275183143535
1654218275222787962
1654218275262812077
1654218275302809525
1654218275342782389
1654218275402678691
1654218275442688170
1654218275482690410
1654218275522738795
1654218275562716972
1654218275602674316
1654218275662716556
1654218275702689108
1654218275742735306
1654218275782671556
1654218275822659629
1654218275882470566
1654218275922672441
1654218275962721399
1654218276002696399
1654218276042688951
1654218276082513014
1654218276142680931
1654218276182680045
1654218276222684055
1654218276262666920
1654218276302832649
1654218276342680930
1654218276403035201
1654218276442677337
1654218276482754264
1654218276522692337
1654218276562705514
1654218276622940930
1654218276662640149
1654218276702619316
1654218276742701087
1654218276782951347
1654218276822893274
1654218276882856399
1654218276922881711
1654218276962718847
1654218277002825409
1654218277042696295
1654218277082669680
1654218277142349003
1654218277182890409
1654218277222666868
1654218277262638378
1654218277302699888
1654218277362514315
1654218277402636034
1654218277442631815
1654218277482634315
1654218277522593534
1654218277562521503
1654218277622656451
1654218277662654367
1654218277702680930
1654218277742689107
1654218277782589992
1654218277833051086
1654218277882812857
1654218277922998274
1654218277963394263
1654218278002644836
1654218278042644628
1654218278102637805
1654218278142634107
1654218278182622648
1654218278222565982
1654218278262358430
1654218278302637492
1654218278362632440
1654218278402693273
1654218278442663586
1654218278482544263
1654218278522658013
1654218278573252388
1654218278622543742
1654218278662535461
1654218278702428534
1654218278743523169
1654218278782475044
1654218278842446346
1654218278882526659
1654218278922827388
1654218278962482544
1654218279002865617
1654218279042852961
1654218279102442544
1654218279142539731
1654218279182452388
1654218279222457700
1654218279262426867
1654218279322527700
1654218279362451606
1654218279402453169
1654218279442798429
1654218279482778169
1654218279522442179
1654218279583160669
1654218279622500825
1654218279662853638
1654218279702516033
1654218279742449835
1654218279782879002
1654218279842849731
1654218279883001450
1654218279922454627
1654218279962710564
1654218280002615721
1654218280062621658
1654218280102757700
1654218280142820096
1654218280182984158
1654218280223012231
1654218280262580252
1654218280322910408
1654218280362788168
1654218280402380043
1654218280442689314
1654218280482634731
1654218280522600616
1654218280582875460
1654218280623259523
1654218280663164262
1654218280702828168
1654218280742540408
1654218280803717960
1654218280842595095
1654218280882574522
1654218280922885200
1654218280962574991
1654218281002556554
1654218281062406293
1654218281102921189
1654218281142611189
1654218281182929314
1654218281222552543
1654218281262421970
1654218281322567804
1654218281362584106
1654218281402588168
1654218281442635095
1654218281482563272
1654218281542576397
1654218281582611397
1654218281622584887
1654218281662463949
1654218281702577803
1654218281743034522
1654218281802595876
1654218281842613741
1654218281882790407
1654218281922394939
1654218281962600407
1654218282002594262
1654218282062573689
1654218282102436032
1654218282142592387
1654218282182604626
1654218282222597751
1654218282282587491
1654218282322515459
1654218282362560772
1654218282402551241
1654218282442646449
1654218282482650043
1654218282542540980
1654218282582577855
1654218282623094105
1654218282662548845
1654218282702458845
1654218282742653740
1654218282802560407
1654218282842567855
1654218282882557074
1654218282922497907
1654218282962549157
1654218283022570511
1654218283062577126
1654218283102585251
1654218283143181084
1654218283182446240
1654218283222676344
1654218283282575719
1654218283322592126
1654218283362601813
1654218283402382751
1654218283442535511
1654218283482581917
1654218283542521188
1654218283582580251
1654218283622388323
1654218283662572126
1654218283702494469
1654218283762373011
1654218283802426657
1654218283842996969
1654218283882391448
1654218283922359834
1654218283962624678
1654218284022483532
1654218284062456813
1654218284102451344
1654218284142606657
1654218284182379886
1654218284232953375
1654218284282457438
1654218284322523063
1654218284362325042
1654218284402501604
1654218284442374104
1654218284502393844
1654218284542385875
1654218284582310302
1654218284622458792
1654218284662375771
1654218284703051396
1654218284762379469
1654218284802399886
1654218284842547906
1654218284882767125
1654218284922444156
1654218284972869885
1654218285022550198
1654218285062540771
1654218285102541760
1654218285142272646
1654218285183151292
1654218285242755198
1654218285282580094
1654218285322609990
1654218285362602854
1654218285402286396
1654218285442578739
1654218285502589573
1654218285543315823
1654218285583283844
1654218285622455302
1654218285662587021
1654218285722654156
1654218285762493062
1654218285802540823
1654218285842596552
1654218285882490666
1654218285922543843
1654218285982501448
1654218286022449885
1654218286062528010
1654218286102506448
1654218286142535093
1654218286182529468
1654218286242680927
1654218286282521812
1654218286322506083
1654218286362576968
1654218286402506760
1654218286462405093
1654218286502491083
1654218286542491343
1654218286582530770
1654218286622893635
1654218286662561864
1654218286723023479
1654218286762464520
1654218286802520354
1654218286842524624
1654218286882536499
1654218286922264156
1654218286982501239
1654218287022739103
1654218287062515353
1654218287102514312
1654218287142422124
1654218287202495145
1654218287242548791
1654218287282517437
1654218287322862020
1654218287362514676
1654218287402571707
1654218287462537020
1654218287502875718
1654218287542517905
1654218287582510093
1654218287622263999
1654218287662557957
1654218287722533218
1654218287762768218
1654218287802448739
1654218287842405457
1654218287882443374
1654218287942449364
1654218287982483322
1654218288022429363
1654218288062228947
1654218288102488478
1654218288142530613
1654218288202519676
1654218288242520145
1654218288282504624
1654218288322950197
1654218288362457645
1654218288402478009
1654218288462491238
1654218288502757072
1654218288542388217
1654218288582688165
1654218288622500613
1654218288682278790
1654218288722284988
1654218288762901655
1654218288802340092
1654218288842354103
1654218288882334884
1654218288942313113
1654218288982405196
1654218289022299259
1654218289062524467
1654218289102303998
1654218289142304467
1654218289202661290
1654218289242319519
1654218289282277071
1654218289322259780
1654218289362305040
1654218289422330925
1654218289462320665
1654218289503601082
1654218289542302175
1654218289582915821
1654218289622432227
1654218289682383269
1654218289722326342
1654218289762276863
1654218289802311134
1654218289842282592
1654218289882367644
1654218289942351342
1654218289982634102
1654218290022492384
1654218290062448686
1654218290102466811
1654218290163019779
1654218290202509102
1654218290242945821
1654218290282387331
1654218290322569936
1654218290362474675
1654218290422461081
1654218290462467800
1654218290502405977
1654218290542449258
1654218290582423738
1654218290632696185
1654218290682407852
1654218290722422644
1654218290762310040
1654218290802484050
1654218290842831289
1654218290902805456
1654218290942379258
1654218290982467904
1654218291022439102
1654218291062444571
1654218291102439050
1654218291162455456
1654218291202241706
1654218291242443789
1654218291282440508
1654218291322805404
1654218291373140768
1654218291422391758
1654218291462418841
1654218291502413320
1654218291542467956
1654218291582454154
1654218291642673060
1654218291682474154
1654218291722451706
1654218291762213268
1654218291802430247
1654218291842165716
1654218291902442122
1654218291942416029
1654218291982816862
1654218292022457070
1654218292062320247
1654218292122422435
1654218292162438216
1654218292202428997
1654218292242473529
1654218292282734466
1654218292322256185
1654218292382439206
1654218292422445403
1654218292462511028
1654218292502406653
1654218292542404258
1654218292582437226
1654218292642357278
1654218292682436445
1654218292722961028
1654218292762719258
1654218292802765195
1654218292862434205
1654218292902672487
1654218292942855560
1654218292982772070
1654218293022866237
1654218293062483372
1654218293122175195
1654218293162428997
1654218293202415403
1654218293242404257
1654218293282808476
1654218293322829726
1654218293382332226
1654218293422414726
1654218293462604570
1654218293502474622
1654218293542413216
1654218293602250663
1654218293642250455
1654218293682224622
1654218293722247486
1654218293762310455
1654218293802263372
1654218293862235455
1654218293902221757
1654218293942148632
1654218293982748267
1654218294022224309
1654218294062214517
1654218294122198632
1654218294162221497
1654218294202534986
1654218294242971236
1654218294282594830
1654218294342210559
1654218294382620976
1654218294422620507
1654218294462239153
1654218294502439517
1654218294542437694
1654218294602658371
1654218294642239986
1654218294682233111
1654218294722318944
1654218294762220559
1654218294802185403
1654218294862167694
1654218294902179309
1654218294942264830
1654218294982451340
1654218295022850819
1654218295082677902
1654218295122715819
1654218295162411184
1654218295202124673
1654218295242349829
1654218295282421548
1654218295343090507
1654218295383362954
1654218295422111288
1654218295462261027
1654218295503216965
1654218295542798840
1654218295602390142
1654218295642310715
1654218295682748840
1654218295722436392
1654218295762680871
1654218295822331340
1654218295862175402
1654218295902724465
1654218295942748579
1654218295982766496
1654218296023084360
1654218296082074985
1654218296122327590
1654218296163087225
1654218296202752642
1654218296242750506
1654218296282223683
1654218296342709933
1654218296383065298
1654218296422862121
1654218296462101548
1654218296502302850
1654218296562350454
1654218296602377954
1654218296642129464
1654218296682376183
1654218296722344985
1654218296762207537
1654218296822352381
1654218296862354985
1654218296902345766
1654218296942256287
1654218296982357381
1654218297032746495
1654218297082346183
1654218297122376808
1654218297162512329
1654218297202717381
1654218297242370818
1654218297302369568
1654218297342348735
1654218297382331079
1654218297422321547
1654218297462358318
1654218297502344829
1654218297562087745
1654218297602115193
1654218297642192068
1654218297682308370
1654218297722336912
1654218297772643422
1654218297822085558
1654218297862655141
1654218297902715037
1654218297942374568
1654218297982250610
1654218298042338318
1654218298082364099
1654218298122525714
1654218298162722589
1654218298202155766
1654218298242301703
1654218298302333943
1654218298342357120
1654218298382100193
1654218298422850922
1654218298462593162
1654218298522147745
1654218298562071130
1654218298602378474
1654218298642532432
1654218298682464984
1654218298722765453
1654218298782534776
1654218298822539255
1654218298862897849
1654218298902698318
1654218298942703995
1654218298982205453
1654218299042146443
1654218299082996703
1654218299122505453
1654218299162272380
1654218299202557224
1654218299262208943
1654218299302155297
1654218299342148057
1654218299382739203
1654218299422168578
1654218299462440349
1654218299522196963
1654218299562041390
1654218299602132953
1654218299642213734
1654218299682157797
1654218299722152692
1654218299782138109
1654218299822141911
1654218299862202796
1654218299902531703
1654218299942493578
1654218300002680088
1654218300042171703
1654218300082248786
1654218300122351442
1654218300162469203
1654218300202682536
1654218300262689828
1654218300302090817
1654218300342312744
1654218300382670348
1654218300422765765
1654218300462356702
1654218300522527119
1654218300562105452
1654218300602288421
1654218300642180348
1654218300682335817
1654218300742299359
1654218300782126129
1654218300822309098
1654218300862682640
1654218300902301129
1654218300942655973
1654218301002209827
1654218301042263681
1654218301082276025
1654218301122303994
1654218301162244306
1654218301202002640
1654218301262259671
1654218301302279567
1654218301342283577
1654218301382282796
1654218301422186181
1654218301482801442
1654218301522633681
1654218301562212587
1654218301602292015
1654218301642213629
1654218301682303629
1654218301742734567
1654218301782553004
1654218301822659202
1654218301862344931
1654218301902715817
1654218301942647483
1654218302002637900
1654218302042657379
1654218302082667379
1654218302122325087
1654218302162179566
1654218302222709046
1654218302262632691
1654218302302647171
1654218302342225868
1654218302382614150
1654218302422254879
1654218302482285816
1654218302522331754
1654218302562301910
1654218302602245087
1654218302642190347
1654218302682145191
1654218302742119566
1654218302782216025
1654218302822380972
1654218302862260920
1654218302902219462
1654218302961981233
1654218303002261858
1654218303042637379
1654218303082615347
1654218303122614879
1654218303162818524
1654218303222232431
1654218303263033941
1654218303302625451
1654218303342621285
1654218303382202118
1654218303432795035
1654218303483272222
1654218303522258160
1654218303562274930
1654218303602281701
1654218303642116024
1654218303702220608
1654218303741878316
1654218303781984357
1654218303822155347
1654218303862187222
1654218303902075295
1654218303962041232
1654218304002117326
1654218304042287639
1654218304082149982
1654218304122065503
1654218304172228316
1654218304222110816
1654218304262117170
1654218304302461389
1654218304342336909
1654218304382155243
1654218304442117586
1654218304482106753
1654218304522497638
1654218304562441076
1654218304603539461
1654218304642516701
1654218304702404045
1654218304742065138
1654218304782422586
1654218304822909930
1654218304862628524
1654218304922193680
1654218304962608628
1654218305002573055
1654218305042636544
1654218305082569565
1654218305122228159
1654218305182166180
1654218305222243836
1654218305262232846
1654218305302248263
1654218305342203732
1654218305382199305
1654218305442602586
1654218305482587638
1654218305522639721
1654218305562197534
1654218305602208940
1654218305662229617
1654218305702006075
1654218305742322690
1654218305782129773
1654218305822640034
1654218305862533836
1654218305922577169
1654218305962555919
1654218306002180190
1654218306042571648
1654218306082548263
1654218306122942690
1654218306182910294
1654218306221967482
1654218306262081648
1654218306302258211
1654218306342213679
1654218306402574721
1654218306441940502
1654218306482610138
1654218306522207690
1654218306562190867
1654218306602588523
1654218306661971856
1654218306702207169
1654218306742165658
1654218306782150919
1654218306822190242
1654218306862194617
1654218306922093835
1654218306962184304
1654218307002180867
1654218307042552794
1654218307082162221
1654218307142131492
1654218307182181492
1654218307222446387
1654218307262516179
1654218307302524825
1654218307342224825
1654218307402204981
1654218307442508523
1654218307482134200
1654218307522178419
1654218307561922637
1654218307602172377
1654218307662158418
1654218307702121908
1654218307742220033
1654218307782078835
1654218307822090346
1654218307882170710
1654218307922168366
1654218307961924616
1654218308002104095
1654218308042156283
1654218308082174460
1654218308142239200
1654218308182373262
1654218308222258314
1654218308262170606
1654218308302207220
1654218308341868991
1654218308401950762
1654218308442002064
1654218308481999720
1654218308521984720
1654218308561966126
1654218308622131804
1654218308662084772
1654218308702007793
1654218308741957116
1654218308782323731
1654218308822447845
1654218308881986803
1654218308922023991
1654218308962007689
1654218309002056595
1654218309042171595
1654218309082038939
1654218309142006855
1654218309182056178
1654218309222067532
1654218309262462012
1654218309301957064
1654218309361921595
1654218309401995189
1654218309442090084
1654218309482041751
1654218309521978366
1654218309562030084
1654218309621969668
1654218309661983939
1654218309702059251
1654218309742872324
1654218309781987168
1654218309832846803
1654218309882175657
1654218309921853522
1654218309962116959
1654218310002164772
1654218310042660553
1654218310102386126
1654218310142147793
1654218310182157740
1654218310222178730
1654218310262151334
1654218310302179511
1654218310362135240
1654218310402113417
1654218310442395553
1654218310482482844
1654218310522453105
1654218310572907949
1654218310622122063
1654218310662193105
1654218310702611282
1654218310742514980
1654218310782103105
1654218310842124355
1654218310882119251
1654218310922093782
1654218310962101438
1654218311001864928
1654218311042112063
1654218311102092428
1654218311142100084
1654218311182137271
1654218311221891073
1654218311262110605
1654218311322113886
1654218311362109407
1654218311402105344
1654218311441870032
1654218311482082844
1654218311522081021
1654218311582454719
1654218311622146959
1654218311661843990
1654218311702145396
1654218311742129302
1654218311782091907
1654218311842086906
1654218311881997375
1654218311923260552
1654218311962097427
1654218312002106021
1654218312062624615
1654218312102042844
1654218312141993417
1654218312182092844
1654218312222334615
1654218312262113677
1654218312321855760
1654218312362101229
1654218312402090344
1654218312442099562
1654218312482464406
1654218312521856542
1654218312582208885
1654218312622170031
1654218312661973052
1654218312702097948
1654218312742872323
1654218312802194875
1654218312842478104
1654218312882192479
1654218312922090864
1654218312961905187
1654218313002081594
1654218313062103052
1654218313102118885
1654218313141879041
1654218313182639146
1654218313222250239
1654218313262301021
1654218313321945708
1654218313361971125
1654218313402316177
1654218313442366073
1654218313482597948
1654218313541867479
1654218313582040656
1654218313622049979
1654218313661932791
1654218313701919250
1654218313741930968
1654218313801978781
1654218313841970708
1654218313881903260
1654218313921927999
1654218313961959093
1654218314003197322
1654218314061933104
1654218314101894562
1654218314141952739
1654218314181913572
1654218314222030968
1654218314281932947
1654218314321934874
1654218314361934926
1654218314401808156
1654218314441932010
1654218314481916905
1654218314541855916
1654218314581878780
1654218314621918520
1654218314662259926
1654218314701892843
1654218314741849197
1654218314801846020
1654218314842059353
1654218314882050447
1654218314921816176
1654218314961867791
1654218315022069770
1654218315062053103
1654218315102030499
1654218315142075395
1654218315181967166
1654218315222050916
1654218315282067478
1654218315322031228
1654218315362018416
1654218315402085759
1654218315442081645
1654218315482028884
1654218315542053363
1654218315581830551
1654218315622044561
1654218315662041124
1654218315703525863
1654218315762016540
1654218315801931020
1654218315841855238
1654218315882352686
1654218315922036020
1654218315962049353
1654218316021747894
1654218316061946853
1654218316102046853
1654218316142039353
1654218316182024509
1654218316232507790
1654218316281877061
1654218316322412686
1654218316361803832
1654218316401709248
1654218316442419248
1654218316501891853
1654218316542028207
1654218316581882113
